     72      2      6
     72      5      5
     72      8     15
     72      3      9
     72      5      7
     72      1      4
     72      6      5
     72      2      8
     72      5      8
     72      3      7
     72      2      5
     72      8      8
     72      3     12
     72      1      7
     72      5     11
     72      4      1
     72      1      1
     72      3      6
     72      2      9
     72      4     14
     72      6     12
     72      4     16
     72      1     14
     72      6     11
     72      8     13
     72      3      8
     72      5      6
     72      8      9
     72      8     10
     72      7      2
     72      7     14
     72      2      1
     72      7     13
     72      5      9
     72      6      8
     72      4      5
     72      4     10
     72      8      5
     72      2     13
     72      6     13
     72      3     13
     72      1      9
     72      6      7
     72      7     12
     72      4      9
     72      7     15
     72      7      4
     72      1      6
