      1     36      1      1      1      8      2      5      0   4395
      1     36      1      1      2      1     16      5      0   8780
      1     36      1      1      3      3     14      8      0   7800
      1     36      1      1      4      9      6     10      0   9909
      1     36      1      1      5      8     14      5      0  10600
      1     36      1      1      6     10      1      2      0   9147
      1     36      1      1      7      3      2      6      0   4985
      1     36      1      1      8      9     15      4      0   5230
      1     36      1      1      9     10     16      2      0   2284
      1     36      1      1     10      1      9      5      0   2320
      1     36      1      1     11      6      4      6      1   1948
      1     36      1      1     12      5     14      5      1   1779
      1     36      1      1     13      2     10      4      0   5285
      1     36      1      1     14      4     16      2      0   3942
      1     36      1      1     15      5     16      5      1   4750
      1     36      1      1     16      4      2      3      0   7323
      1     36      1      1     17      7      4      5      0   2996
      1     36      1      1     18      2     11     10      0   6060
      1     36      1      1     19      6     16      6      1   1711
      1     36      1      1     20      7      6      1      0   6256
      1     36      1      2      1      5      3      5      1   5564
      1     36      1      2      2      4      7      1      0   7341
      1     36      1      2      3      7      8      5      0   3342
      1     36      1      2      4      3     11      4      0   3992
      1     36      1      2      5      9      8      2      0   2892
      1     36      1      2      6     10     10      4      0   7108
      1     36      1      2      7      7     16      5      0  10962
      1     36      1      2      8     10      5      9      0   5347
      1     36      1      2      9      4      1      4      1   7247
      1     36      1      2     10      1     11      2      0   4809
      1     36      1      2     11      6      3      6      1   1347
      1     36      1      2     12      2     14      7      0   5326
      1     36      1      2     13      8      1      3      0   5726
      1     36      1      2     14      5     13      5      1   3631
      1     36      1      2     15      9     16      1      0  16362
      1     36      1      2     16      1      6      4      0   4142
      1     36      1      2     17      3      5      5      0   2559
      1     36      1      2     18      2      2      7      0   1993
      1     36      1      2     19      6      6      6      1   1680
      1     36      1      2     20      8     16      9      0   3129
      1     36      2      1      1      3      1      4      0   3262
      1     36      2      1      2      5      2      5      1   1971
      1     36      2      1      3      3     12      4      0   2801
      1     36      2      1      4      6     14      6      1   1642
      1     36      2      1      5     10      6      1      0   4406
      1     36      2      1      6      5      9      8      0   5180
      1     36      2      1      7      8      7      4      0   2598
      1     36      2      1      8      1      2      9      0   3416
      1     36      2      1      9      2      6      2      1   3740
      1     36      2      1     10      7     14      5      0   2793
      1     36      2      1     11      4      4     10      0   3367
      1     36      2      1     12      4     10      1      0   3432
      1     36      2      1     13      7      5     10      0   2469
      1     36      2      1     14      1     15     10      0   8212
      1     36      2      1     15      6     11      6      1   1280
      1     36      2      1     16     10      3      7      0   4664
      1     36      2      1     17      8     12      4      0   5346
      1     36      2      1     18      2     16      2      1   4502
      1     36      2      1     19      9      1      3      0   1665
      1     36      2      1     20      9      9      9      1   1149
      1     36      2      2      1      3     15      1      0   4493
      1     36      2      2      2      1     12      4      0   4397
      1     36      2      2      3      2     15      9      0   2675
      1     36      2      2      4      4     15      7      0   6042
      1     36      2      2      5      7     12      9      0   9775
      1     36      2      2      6      9     11      9      1   2396
      1     36      2      2      7     10     14      2      0   4759
      1     36      2      2      8      9      2      9      1   1542
      1     36      2      2      9      2      4      2      1   2126
      1     36      2      2     10      4      5      8      0   5342
      1     36      2      2     11      8     15      8      1   1760
      1     36      2      2     12      1     13      6      0   4425
      1     36      2      2     13      7     11      6      0   2230
      1     36      2      2     14      5      6      5      1   1661
      1     36      2      2     15      3      7      1      0   3693
      1     36      2      2     16      8      9      4      0   3543
      1     36      2      2     17      6      9      6      1   1077
      1     36      2      2     18      6     10      6      1   1343
      1     36      2      2     19      5     10      7      0   7508
      1     36      2      2     20     10     13      8      0   3508
      1     36      3      1      1      3     16      4      0  13619
      1     36      3      1      2      4      6      4      1   1834
      1     36      3      1      3      7      2      7      1   5834
      1     36      3      1      4      3     10      5      0   1812
      1     36      3      1      5      8      5      3      0   2292
      1     36      3      1      6      1      5      1      1   7180
      1     36      3      1      7      1      3      4      0   2468
      1     36      3      1      8      6     15      6      1   1058
      1     36      3      1      9      9     10      9      1   1959
      1     36      3      1     10      6      8      6      1   1164
      1     36      3      1     11     10      4      9      0   2975
      1     36      3      1     12      9      3      9      1   1294
      1     36      3      1     13      8     11      8      1   7376
      1     36      3      1     14      2      9      4      0   5288
      1     36      3      1     15      7      1      5      0   2180
      1     36      3      1     16     10      7      3      0   3740
      1     36      3      1     17      4      9      2      0   3961
      1     36      3      1     18      5      5      1      0   7409
      1     36      3      1     19      5     12      5      1   1931
      1     36      3      1     20      2      7      9      0   1712
      1     36      3      2      1      7     10      7      1   8909
      1     36      3      2      2      8     13      1      0   8191
      1     36      3      2      3      1      1      4      0   2726
      1     36      3      2      4      4      3      5      0   2925
      1     36      3      2      5      2      1      2      1   2046
      1     36      3      2      6      6     12      6      1   1247
      1     36      3      2      7      1      4     10      0   2959
      1     36      3      2      8     10     11      4      0   4247
      1     36      3      2      9      7     15      7      1   2043
      1     36      3      2     10      5      8      5      1   1960
      1     36      3      2     11      8      3      8      1   1780
      1     36      3      2     12      9      4      9      1   1209
      1     36      3      2     13      2      3      2      1   1925
      1     36      3      2     14      3      3      3      1   5842
      1     36      3      2     15      4     12      3      0   2192
      1     36      3      2     16      3      9      4      0   3593
      1     36      3      2     17     10     15      5      0   2097
      1     36      3      2     18      6      1      6      1   1298
      1     36      3      2     19      5      7      4      0   3381
      1     36      3      2     20      9     14      9      1   1609
      1     36      4      1      1      2      6      2      1   2472
      1     36      4      1      2      3     12      5      0   1912
      1     36      4      1      3      3     14      4      0   2972
      1     36      4      1      4      8     14      7      0   5585
      1     36      4      1      5      5     16     10      0   4217
      1     36      4      1      6      8      7      9      0   7453
      1     36      4      1      7      7      4      7      1   1864
      1     36      4      1      8      4     16      2      0   2890
      1     36      4      1      9      9      1      9      1   1335
      1     36      4      1     10      6     14      6      1   1200
      1     36      4      1     11     10      6      3      0   2592
      1     36      4      1     12      1     16      4      0   3180
      1     36      4      1     13      5      2      5      1   3156
      1     36      4      1     14      2     11      2      1   2098
      1     36      4      1     15     10     16      9      0   1483
      1     36      4      1     16      9     15      9      1   3362
      1     36      4      1     17      6      4      6      1   1337
      1     36      4      1     18      4      4      5      0   2991
      1     36      4      1     19      1      2      3      0   1821
      1     36      4      1     20      7     14     10      0   5378
      1     36      4      2      1      4     11      4      1   3776
      1     36      4      2      2      7      7      7      1   6775
      1     36      4      2      3      3     13      1      0   6042
      1     36      4      2      4      2      5      2      1   4230
      1     36      4      2      5      1      7      5      0   5595
      1     36      4      2      6      3      4      4      0   2614
      1     36      4      2      7      2      8      2      1   2056
      1     36      4      2      8     10     12      9      0   1930
      1     36      4      2      9     10      2     10      1   2795
      1     36      4      2     10      5     11      5      1   1081
      1     36      4      2     11      8      6      7      0   1446
      1     36      4      2     12      7      3      7      1   1381
      1     36      4      2     13      6      2      6      1   1197
      1     36      4      2     14      6     13      6      1    945
      1     36      4      2     15      5      1      5      1   3808
      1     36      4      2     16      1     14     10      0   4076
      1     36      4      2     17      4     14      3      0   5714
      1     36      4      2     18      8     10      7      0   1809
      1     36      4      2     19      9     12      9      1   3110
      1     36      4      2     20      9      7      9      1   2093
      1     36      5      1      1      5      5      5      1   3082
      1     36      5      1      2      7      2      7      1   3829
      1     36      5      1      3      2     16      2      1   1289
      1     36      5      1      4      9      9      9      1   1234
      1     36      5      1      5      3     10      4      0   2600
      1     36      5      1      6      1      5      3      0    940
      1     36      5      1      7      3      1      4      0   3901
      1     36      5      1      8      6     11      6      1   1103
      1     36      5      1      9      8     11      3      0   3514
      1     36      5      1     10      4      6      5      0   9933
      1     36      5      1     11      4     10      2      0   2873
      1     36      5      1     12      6      8      6      1    904
      1     36      5      1     13      1     15      1      1   2422
      1     36      5      1     14      5      9      5      1   1470
      1     36      5      1     15     10      3     10      1   2144
      1     36      5      1     16      7      5      7      1   1830
      1     36      5      1     17      9      3      9      1   1336
      1     36      5      1     18      2      9      2      1   3413
      1     36      5      1     19     10      7     10      1   1770
      1     36      5      1     20      8     12      1      0   3867
      1     36      5      2      1      5     15      1      0   9826
      1     36      5      2      2      1     10      4      0   6376
      1     36      5      2      3      1      8      2      0   2143
      1     36      5      2      4      7     13      7      1   1677
      1     36      5      2      5     10      9      3      0   4176
      1     36      5      2      6      4     13      2      0   4210
      1     36      5      2      7      7      9      7      1   1511
      1     36      5      2      8      3      6      3      1   6563
      1     36      5      2      9      2     12      9      0   1343
      1     36      5      2     10      4      8      4      1   1710
      1     36      5      2     11      9     13      9      1   1492
      1     36      5      2     12      6      7      6      1   1061
      1     36      5      2     13      2     13      2      1   1259
      1     36      5      2     14      8      4      7      0   5075
      1     36      5      2     15      8      8      8      1   3092
      1     36      5      2     16     10      8      9      0   4444
      1     36      5      2     17      6      5      6      1   1428
      1     36      5      2     18      3      8      5      0   4709
      1     36      5      2     19      5      4      5      1   1809
      1     36      5      2     20      9      5      9      1   1376
      1     36      6      1      1      3      2      1      0  12208
      1     36      6      1      2      8      5      8      1   3778
      1     36      6      1      3      4      9      4      1   8108
      1     36      6      1      4      6     16      6      1    946
      1     36      6      1      5      9      6      9      1    925
      1     36      6      1      6      2      7      9      0   1195
      1     36      6      1      7      1      9      4      0   3853
      1     36      6      1      8      7      1      7      1   1387
      1     36      6      1      9      9     10      9      1   1408
      1     36      6      1     10      7      6      8      0   2187
      1     36      6      1     11      8      2      7      0   2432
      1     36      6      1     12      6     15      6      1   1298
      1     36      6      1     13      5     12      5      1   1488
      1     36      6      1     14      4      2      1      0   4086
      1     36      6      1     15     10      4      9      0   1644
      1     36      6      1     16      3     16      3      1   3074
      1     36      6      1     17      5     14      5      1   1523
      1     36      6      1     18      2     10      4      0   6143
      1     36      6      1     19     10      1      1      0   2918
      1     36      6      1     20      1      3      1      1   3478
      1     36      6      2      1      3     13      3      1   5342
      1     36      6      2      2      1      7      1      1   2909
      1     36      6      2      3      9     12      9      1   3809
      1     36      6      2      4      8      6      8      1   4191
      1     36      6      2      5      1      1      3      0   4464
      1     36      6      2      6     10     11     10      1   4462
      1     36      6      2      7      8     13      8      1   2425
      1     36      6      2      8      6     13      6      1   1343
      1     36      6      2      9      9     14      9      1    997
      1     36      6      2     10      4     12      4      1   6874
      1     36      6      2     11      6      1      6      1   1009
      1     36      6      2     12     10     12      1      0   1844
      1     36      6      2     13      5      8      5      1   1493
      1     36      6      2     14      5     11      5      1    977
      1     36      6      2     15      4     11      2      0   2779
      1     36      6      2     16      3      9      1      0   6276
      1     36      6      2     17      7      7      7      1   1609
      1     36      6      2     18      7     10      7      1   5026
      1     36      6      2     19      2      3      2      1   3644
      1     36      6      2     20      2      8      4      0   4930
      1     36      7      1      1      8     11      5      0  15313
      1     36      7      1      2     10      7     10      1   1248
      1     36      7      1      3      1      5      1      1   1578
      1     36      7      1      4      2     10      2      1   1435
      1     36      7      1      5      9      3      9      1   1126
      1     36      7      1      6      8      2      8      1   2000
      1     36      7      1      7      6      8      6      1   1032
      1     36      7      1      8      7      6      7      1   2629
      1     36      7      1      9      5      5      5      1   2470
      1     36      7      1     10      4      2      2      0   1286
      1     36      7      1     11     10      1      3      0   4308
      1     36      7      1     12      6     16      6      1   1174
      1     36      7      1     13      9      6      9      1    877
      1     36      7      1     14      3     10      1      0   1914
      1     36      7      1     15      7      2      7      1   4050
      1     36      7      1     16      1      9      4      0   3833
      1     36      7      1     17      4      6      4      1   3171
      1     36      7      1     18      3      2      1      0   2920
      1     36      7      1     19      2      9      2      1   1498
      1     36      7      1     20      5     14      5      1   2191
      1     36      7      2      1      3     15      3      1   7259
      1     36      7      2      2      7     11      7      1   1246
      1     36      7      2      3      6      7      6      1   1227
      1     36      7      2      4      6      9      6      1   1060
      1     36      7      2      5     10      9      1      0   7325
      1     36      7      2      6      5     10     10      0   7478
      1     36      7      2      7      2      4      2      1   4530
      1     36      7      2      8     10     14      1      0   4029
      1     36      7      2      9      4      5     10      0   4164
      1     36      7      2     10      1     12     10      0   3344
      1     36      7      2     11      8      9      7      0   4047
      1     36      7      2     12      9      2      9      1   1311
      1     36      7      2     13      5      4      5      1   1442
      1     36      7      2     14      9     13      9      1   1110
      1     36      7      2     15      2     12      2      1   1960
      1     36      7      2     16      7     13      7      1   1361
      1     36      7      2     17      4      8      4      1   2493
      1     36      7      2     18      3      8      5      0   4109
      1     36      7      2     19      1      8      2      0   1826
      1     36      7      2     20      8      8      8      1   2309
      1     36      8      1      1      2      7      2      1   4740
      1     36      8      1      2      6     15      6      1    977
      1     36      8      1      3      3     12      5      0   2573
      1     36      8      1      4      8      5      8      1   1758
      1     36      8      1      5      4      9     10      0   3558
      1     36      8      1      6      2      6      2      1   1938
      1     36      8      1      7      9     10      9      1   1560
      1     36      8      1      8      1      2      1      1   1871
      1     36      8      1      9     10      4     10      1   5284
      1     36      8      1     10      7      1      8      0   4123
      1     36      8      1     11     10      6     10      1   2454
      1     36      8      1     12      5     12      5      1   1544
      1     36      8      1     13      9      1      9      1   1271
      1     36      8      1     14      7     14      7      1   6360
      1     36      8      1     15      3     16      1      0   1479
      1     36      8      1     16      8      7      8      1   1985
      1     36      8      1     17      1      3      3      0   1195
      1     36      8      1     18      4      4      3      0   2165
      1     36      8      1     19      5      2      1      0   2283
      1     36      8      1     20      6     14      6      1   1231
      1     36      8      2      1      5     13      7      0   6358
      1     36      8      2      2      2     14      4      0   7192
      1     36      8      2      3      1      6      3      0   2992
      1     36      8      2      4      8     16      8      1   4360
      1     36      8      2      5      7     16      7      1   1696
      1     36      8      2      6      6      3      6      1   1215
      1     36      8      2      7     10      5     10      1   5694
      1     36      8      2      8      7      8      7      1   1725
      1     36      8      2      9      2      2      2      1   3414
      1     36      8      2     10      3      5      1      0   2611
      1     36      8      2     11      1     11      1      1   2894
      1     36      8      2     12      4      1      8      0   2481
      1     36      8      2     13      3     11      3      1   4144
      1     36      8      2     14      5      3      5      1   2027
      1     36      8      2     15     10     10      1      0   4774
      1     36      8      2     16      9     16      9      1   1358
      1     36      8      2     17      8      1      2      0   1780
      1     36      8      2     18      9      8      9      1   1210
      1     36      8      2     19      4      7      1      0   3592
      1     36      8      2     20      6      6      6      1   1813
      1     36      9      1      1     10     16      1      0  12479
      1     36      9      1      2      3     14      1      0   1682
      1     36      9      1      3      5     16      8      0   1699
      1     36      9      1      4      6      4      6      1    941
      1     36      9      1      5      5      9      7      0   2635
      1     36      9      1      6      3      1      4      0   1785
      1     36      9      1      7      2     16      2      1   1437
      1     36      9      1      8      8     12      8      1   2277
      1     36      9      1      9      7      5      7      1   1343
      1     36      9      1     10      2     11      2      1   1796
      1     36      9      1     11      4     10      4      1   1523
      1     36      9      1     12      9      9      9      1   1032
      1     36      9      1     13      7      4      7      1   2865
      1     36      9      1     14      1     16      1      1   2462
      1     36      9      1     15      6     11      6      1   1097
      1     36      9      1     16      8     14      8      1   5459
      1     36      9      1     17      9     15      9      1   1235
      1     36      9      1     18      1     15      1      1   1534
      1     36      9      1     19      4     16      2      0   1869
      1     36      9      1     20     10      3     10      1   1152
      1     36      9      2      1      9      5      9      1   3192
      1     36      9      2      2      6     12      6      1   1214
      1     36      9      2      3      7      9      7      1   2094
      1     36      9      2      4      4      3      3      0   3608
      1     36      9      2      5      3      6      3      1   4659
      1     36      9      2      6      3      3      1      0   3313
      1     36      9      2      7      1     10      3      0   3647
      1     36      9      2      8      6      5      6      1   1426
      1     36      9      2      9      4     13      1      0   3530
      1     36      9      2     10      8      4      7      0   4910
      1     36      9      2     11      8      3      7      0   1809
      1     36      9      2     12      2     13      4      0   4742
      1     36      9      2     13      9      4      9      1   2462
      1     36      9      2     14      1      4      1      1   2428
      1     36      9      2     15      7     15      7      1   1559
      1     36      9      2     16      5     15      5      1   3359
      1     36      9      2     17      5      7      3      0   4576
      1     36      9      2     18      2      1      2      1   4811
      1     36      9      2     19     10     15      1      0   2459
      1     36      9      2     20     10      8     10      1   5875
      1     36     10      1      1      2     10      2      1  10186
      1     36     10      1      2      8      2      8      1   1494
      1     36     10      1      3      7      4      7      1   1697
      1     36     10      1      4      5     14      5      1   3621
      1     36     10      1      5      5     16      7      0   3494
      1     36     10      1      6      1      9      2      0   1712
      1     36     10      1      7      3      2      3      1   2603
      1     36     10      1      8      6      4      6      1   1606
      1     36     10      1      9      9      6      9      1   1781
      1     36     10      1     10      8     14      8      1   2889
      1     36     10      1     11      1     16      1      1   2123
      1     36     10      1     12      2     11      2      1   1707
      1     36     10      1     13      4      2      4      1    961
      1     36     10      1     14      4     16      4      1   2133
      1     36     10      1     15      7      6      7      1   1231
      1     36     10      1     16      9     15      9      1   1235
      1     36     10      1     17      6     16      6      1   1116
      1     36     10      1     18     10      1      3      0   2064
      1     36     10      1     19     10     16     10      1   1810
      1     36     10      1     20      3     14      1      0   1596
      1     36     10      2      1      6     10      6      1   1059
      1     36     10      2      2      1     13     10      0   6208
      1     36     10      2      3      5      6      3      0   5725
      1     36     10      2      4      3      7      1      0   2143
      1     36     10      2      5      2      5      4      0   3844
      1     36     10      2      6      7      3      7      1   1848
      1     36     10      2      7      8     10      8      1   1976
      1     36     10      2      8      8     15      8      1   1164
      1     36     10      2      9     10     13      7      0   3730
      1     36     10      2     10      9     11      9      1   2727
      1     36     10      2     11      1     14     10      0   6847
      1     36     10      2     12      7     12      7      1   4347
      1     36     10      2     13      2     15      2      1   1878
      1     36     10      2     14      4     14      4      1   2591
      1     36     10      2     15      4     15      4      1   1278
      1     36     10      2     16      3      4      1      0   3842
      1     36     10      2     17     10      2     10      1   4526
      1     36     10      2     18      9      7      9      1   2010
      1     36     10      2     19      5      1      5      1   1543
      1     36     10      2     20      6      2      6      1    976
