     74      7     15
     74      8      2
     74      3      7
     74      3      6
     74      6     16
     74      6     13
     74      7     12
     74      5     16
     74      8      3
     74      7      4
     74      6      6
     74      7     14
     74      1     11
     74      8     15
     74      5     12
     74      1      5
     74      3     16
     74      3     13
     74      6      7
     74      1     14
     74      5     14
     74      4     15
     74      4     10
     74      4      8
     74      2     14
     74      8      8
     74      8      5
     74      8      6
     74      1      2
     74      2      5
     74      2      3
     74      2     13
     74      5      8
     74      1      1
     74      5      9
     74      3      8
     74      4     11
     74      7     16
     74      6     10
     74      2      2
     74      4      9
     74      7     13
     74      4     12
     74      6      3
     74      1      3
     74      5      6
     74      2     10
     74      3      2
