     65      6     12
     65      2     16
     65      3      6
     65      5     14
     65      7     12
     65      5      6
     65      8     10
     65      5      9
     65      8     14
     65      4     13
     65      1      5
     65      1      7
     65      6      3
     65      5      2
     65      3     10
     65      7     10
     65      4     10
     65      6     10
     65      5     12
     65      4     14
     65      3     12
     65      2      2
     65      3     16
     65      7     13
     65      6     16
     65      8      3
     65      2     14
     65      8     13
     65      4     12
     65      1      3
     65      1      6
     65      6     13
     65      6     15
     65      1      9
     65      4      9
     65      2     10
     65      2      5
     65      8      8
     65      7     15
     65      5     16
     65      8      4
     65      4     15
     65      3     13
     65      7      5
     65      2      1
     65      7      2
     65      3      8
     65      1      4
