     68      3     11
     68      5      6
     68      1     11
     68      7     14
     68      5     16
     68      8     10
     68      2     16
     68      4     10
     68      1     14
     68      8      9
     68      7     10
     68      3     10
     68      4      5
     68      7     13
     68      6      8
     68      6     11
     68      1      7
     68      4     13
     68      4     15
     68      6     13
     68      8      5
     68      1      1
     68      2     10
     68      5      7
     68      4      8
     68      1      5
     68      1      9
     68      3      8
     68      5      4
     68      3      6
     68      3     16
     68      8     16
     68      6      3
     68      7     16
     68      3      7
     68      4     11
     68      6     15
     68      2      8
     68      7     12
     68      6     12
     68      8      3
     68      7      2
     68      2      9
     68      2      6
     68      5     11
     68      8     13
     68      5      9
     68      2      5
