      1     15      1      1      1      6     16      6      1   3058   1706
      1     15      1      1      2      7     14      3      0   1632   2535
      1     15      1      1      3      2      3      4      0   3637   2532
      1     15      1      1      4      4     11      7      0   2758   1854
      1     15      1      1      5     10      9      9      0   3473   3314
      1     15      1      1      6      9      3     10      0   3543   1165
      1     15      1      1      7      4      7      4      1   5385   1939
      1     15      1      1      8      9      1      9      1   2830   2307
      1     15      1      1      9      4     10      3      0   1333   1696
      1     15      1      1     10      4     11      4      1   1030   5011
      1     15      1      1     11      3      1      4      0   1059   4410
      1     15      1      1     12      9      9      7      0   2173   3723
      1     15      1      1     13      6     11      6      1   2689   3201
      1     15      1      1     14     10      3     10      1   3742   1280
      1     15      1      1     15      1      3      2      0   2344   2995
      1     15      1      1     16      1      7      9      0   3261    784
      1     15      1      1     17      3     10      5      0   1033   1812
      1     15      1      1     18     10      7      4      0   6922   1086
      1     15      1      1     19      2     13      1      0   2966   1634
      1     15      1      1     20      2     12      9      0   1126    934
      1     15      1      2      1      2     11      2      1   3085     -1
      1     15      1      2      2      3      2      5      0   2510     -1
      1     15      1      2      3     10      6      4      0   2694     -1
      1     15      1      2      4      8      4      8      1   1910     -1
      1     15      1      2      5      1     16      7      0   4227     -1
      1     15      1      2      6     10     11      2      0   3044     -1
      1     15      1      2      7      3      4      5      0   1477     -1
      1     15      1      2      8      9     16      1      0   3792     -1
      1     15      1      2      9      1      5      8      0   4043     -1
      1     15      1      2     10      6      7      6      1   3127     -1
      1     15      1      2     11      2      6      4      0   1944     -1
      1     15      1      2     12      9     15      9      1   1793     -1
      1     15      1      2     13      8      6      2      0   2728     -1
      1     15      1      2     14      5     12      5      1   1393     -1
      1     15      1      2     15      6     12      6      1   1560     -1
      1     15      1      2     16      7     15      9      0   5412     -1
      1     15      1      2     17      4      5      9      0   1810     -1
      1     15      1      2     18      7      2      3      0   3076     -1
      1     15      1      2     19      5     11      5      1   1362     -1
      1     15      1      2     20      4     16      2      0   3927     -1
      1     15      2      1      1      6     16      6      1   1642   1131
      1     15      2      1      2      7     14      8      0   2131   1111
      1     15      2      1      3      7      8      7      1   1304   2481
      1     15      2      1      4      2      3     10      0   2130   1029
      1     15      2      1      5      4      6      2      0   2083   3353
      1     15      2      1      6      1     10      2      0   1217   1469
      1     15      2      1      7      6      5      8      0   1250   4142
      1     15      2      1      8      3     10      5      0   1129   3128
      1     15      2      1      9      3     12      5      0   1220   4417
      1     15      2      1     10      3     16      3      1   1193   4722
      1     15      2      1     11      9     14      7      0   1224   5855
      1     15      2      1     12      1      7      4      0   1794   2886
      1     15      2      1     13      3     16      1      0   1341   3509
      1     15      2      1     14      3      5      5      0   1282   3190
      1     15      2      1     15      3     14      1      0   2058   1493
      1     15      2      1     16      2      4      1      0   2554   5235
      1     15      2      1     17      9      2      9      1   1482   2862
      1     15      2      1     18      5     15      5      1   1262  10436
      1     15      2      1     19      7     13      8      0   2133   6085
      1     15      2      1     20      7      8      7      1   1081   1437
      1     15      2      2      1      4      1      3      0   4713     -1
      1     15      2      2      2      9     10      9      1   1395     -1
      1     15      2      2      3      7      7      7      1   3678     -1
      1     15      2      2      4      5      7      4      0   3210     -1
      1     15      2      2      5      5      1     10      0   3543     -1
      1     15      2      2      6      3      3      3      1   4711     -1
      1     15      2      2      7      7      3      7      1   4677     -1
      1     15      2      2      8      3     15      4      0   5627     -1
      1     15      2      2      9      1      2      4      0   4845     -1
      1     15      2      2     10      4      8      2      0   2128     -1
      1     15      2      2     11      8      3      8      1   4945     -1
      1     15      2      2     12      1     13      7      0   2943     -1
      1     15      2      2     13      6      2      6      1   2211     -1
      1     15      2      2     14      2     10      1      0   4343     -1
      1     15      2      2     15     10     10      4      0   1595     -1
      1     15      2      2     16      2     16      4      0   3977     -1
      1     15      2      2     17     10     15      8      0   2194     -1
      1     15      2      2     18      8     12      3      0   8994     -1
      1     15      2      2     19      6      3      6      1   1244     -1
      1     15      2      2     20      9      6      9      1   1862     -1
      1     15      3      1      1      6      6      6      1   1255   2564
      1     15      3      1      2      3     14      4      0   1049   1157
      1     15      3      1      3      1      7      3      0    969   9545
      1     15      3      1      4      3     16      1      0   1457   3084
      1     15      3      1      5     10      2      4      0   1174   6424
      1     15      3      1      6      5      5     10      0   1290   1002
      1     15      3      1      7      1      8      2      0   1013   8818
      1     15      3      1      8     10      3      2      0   2224   4951
      1     15      3      1      9     10      2     10      1   1342   3915
      1     15      3      1     10      8      2      8      1   1077   1771
      1     15      3      1     11      6      5      6      1   1004   4740
      1     15      3      1     12      7     13      8      0    827   1441
      1     15      3      1     13      7     11      7      1   1333   3481
      1     15      3      1     14      5      9      8      0   2309   5052
      1     15      3      1     15      3     12      5      0    899   1489
      1     15      3      1     16      5     15      5      1   1334   4220
      1     15      3      1     17      5      5      5      1    723   2249
      1     15      3      1     18      3     16      3      1    962   2013
      1     15      3      1     19      3     14      3      1    790   2017
      1     15      3      1     20      4      4      2      0   3451   3101
      1     15      3      2      1      2      9      2      1   1562     -1
      1     15      3      2      2      3     11      4      0   3394     -1
      1     15      3      2      3      4     14      1      0   5409     -1
      1     15      3      2      4      7     10      8      0   2859     -1
      1     15      3      2      5      7      4      1      0   9476     -1
      1     15      3      2      6      9     13      9      1   1276     -1
      1     15      3      2      7      8     13      8      1   1993     -1
      1     15      3      2      8      9     11      9      1   1727     -1
      1     15      3      2      9      6      8      6      1   1544     -1
      1     15      3      2     10      5      4      9      0   6010     -1
      1     15      3      2     11      8     15      8      1   1561     -1
      1     15      3      2     12      1     12      8      0   2828     -1
      1     15      3      2     13      1     14      7      0   5227     -1
      1     15      3      2     14     10      8     10      1   1427     -1
      1     15      3      2     15     10      1      7      0   3078     -1
      1     15      3      2     16      3      8      8      0   5009     -1
      1     15      3      2     17      4      3      2      0   5442     -1
      1     15      3      2     18      5     10     10      0   1463     -1
      1     15      3      2     19      2      8      2      1   1309     -1
      1     15      3      2     20      6     14      6      1   1860     -1
      1     15      4      1      1      1      7      3      0   1545   1967
      1     15      4      1      2      8      1      1      0   1399   9076
      1     15      4      1      3      2     15      7      0   2454   3401
      1     15      4      1      4      8     14      4      0   1050   9232
      1     15      4      1      5      4      7     10      0   1068   1892
      1     15      4      1      6      8     14      4      0   1200   6857
      1     15      4      1      7      8      8      8      1   1233   3992
      1     15      4      1      8      8      2      8      1   1304   1496
      1     15      4      1      9      7     13      7      1    900   1829
      1     15      4      1     10      5      5      5      1    996   1603
      1     15      4      1     11      7     14      7      1   3373   2872
      1     15      4      1     12      8      1      2      0   1005   6609
      1     15      4      1     13      8     14      8      1   1291   5721
      1     15      4      1     14      8      1      8      1   1216   2697
      1     15      4      1     15      3     16      1      0   3118   5529
      1     15      4      1     16      1      7      1      1    690   1872
      1     15      4      1     17      1      3      1      1   1626   3341
      1     15      4      1     18      3     10      1      0    976   2441
      1     15      4      1     19      7      8      7      1   2073  24516
      1     15      4      1     20      8      2      8      1   1059   8081
      1     15      4      2      1     10     12      3      0   4197     -1
      1     15      4      2      2      2      1      2      1   1326     -1
      1     15      4      2      3     10      5      4      0   1426     -1
      1     15      4      2      4      8     10      7      0   1510     -1
      1     15      4      2      5      7     12      8      0   1811     -1
      1     15      4      2      6      8     16      8      1   1444     -1
      1     15      4      2      7      4     12      3      0   1894     -1
      1     15      4      2      8      6      4      6      1   1659     -1
      1     15      4      2      9      7      6      7      1   2444     -1
      1     15      4      2     10      1      6      1      1   2028     -1
      1     15      4      2     11      1      9      2      0   1278     -1
      1     15      4      2     12      9      5      9      1   1911     -1
      1     15      4      2     13      6     10      6      1   1644     -1
      1     15      4      2     14      9     12      9      1   2293     -1
      1     15      4      2     15      2      5      2      1   1777     -1
      1     15      4      2     16      5      3      5      1   2294     -1
      1     15      4      2     17      3      6      3      1   1813     -1
      1     15      4      2     18      4      9      2      0   1710     -1
      1     15      4      2     19      3      7      1      0   1961     -1
      1     15      4      2     20      5     14      5      1   1978     -1
      1     15      5      1      1     10     14      4      0   1465   4271
      1     15      5      1      2      9      9      9      1   1606  13635
      1     15      5      1      3      5     15      5      1   1584   4549
      1     15      5      1      4      3     14      1      0   1354   2529
      1     15      5      1      5      3     16      3      1    894   2456
      1     15      5      1      6      9      2      9      1   1475   3543
      1     15      5      1      7      4      6      2      0   1424   2328
      1     15      5      1      8      8      5      4      0    816   1517
      1     15      5      1      9     10      9     10      1   1221  20102
      1     15      5      1     10      5      6      4      0   2036   1630
      1     15      5      1     11      5     15      5      1   1331   2800
      1     15      5      1     12      3     12      4      0   1147   3895
      1     15      5      1     13      3      5      3      1   1762   3998
      1     15      5      1     14      9      7      9      1   1380    962
      1     15      5      1     15      2     13      2      1   2058   3328
      1     15      5      1     16      8      1      2      0    913   1340
      1     15      5      1     17      1      1      2      0   1051   2583
      1     15      5      1     18     10      7      2      0   1135   4305
      1     15      5      1     19      4     11      2      0    840   3345
      1     15      5      1     20      2      2      2      1   1328   3884
      1     15      5      2      1      9      4      9      1   1429     -1
      1     15      5      2      2      3     13      3      1   5845     -1
      1     15      5      2      3     10     13     10      1   1393     -1
      1     15      5      2      4      2     14      9      0   1879     -1
      1     15      5      2      5      1     15      1      1   3461     -1
      1     15      5      2      6      2      7      9      0   1677     -1
      1     15      5      2      7      4     13      8      0   5626     -1
      1     15      5      2      8      8     11      9      0   1544     -1
      1     15      5      2      9      5      8      5      1   2094     -1
      1     15      5      2     10      1     11      7      0   1394     -1
      1     15      5      2     11      3      9      1      0   3577     -1
      1     15      5      2     12      7     16      8      0   1660     -1
      1     15      5      2     13      7      9      8      0   1447     -1
      1     15      5      2     14      4      2      2      0   2860     -1
      1     15      5      2     15      9      8      9      1   1443     -1
      1     15      5      2     16      8      7      4      0   1043     -1
      1     15      5      2     17      6     15      6      1   1611     -1
      1     15      5      2     18      5     13      8      0   4844     -1
      1     15      5      2     19     10      4     10      1   1894     -1
      1     15      5      2     20      6     13      6      1   1194     -1
      1     15      6      1      1      4      6      8      0   1606   6507
      1     15      6      1      2      2     12      9      0    925  14525
      1     15      6      1      3      2      2      2      1   1086   5950
      1     15      6      1      4      4     11      2      0   1021   1710
      1     15      6      1      5      1      1      3      0   2678   3029
      1     15      6      1      6      7     11      8      0    767  13964
      1     15      6      1      7      7      8      7      1    574   2377
      1     15      6      1      8      7     13      7      1    989    775
      1     15      6      1      9      1      7      1      1    729   2357
      1     15      6      1     10     10      9      1      0   1159   8175
      1     15      6      1     11     10      3     10      1   1055   1840
      1     15      6      1     12     10      9     10      1   1938   1071
      1     15      6      1     13     10     14      4      0   1207  10419
      1     15      6      1     14      7      1      7      1   1721   4199
      1     15      6      1     15      2     13      1      0   1125   2293
      1     15      6      1     16      2     13      2      1    678   1096
      1     15      6      1     17      9      7      9      1    875   2446
      1     15      6      1     18      8     14      4      0   1633   6139
      1     15      6      1     19      3     12      8      0   1375   1541
      1     15      6      1     20      3     16      3      1    993   1541
      1     15      6      2      1      4     12      2      0   2513     -1
      1     15      6      2      2     10     15      1      0   7144     -1
      1     15      6      2      3      8     12      4      0   5510     -1
      1     15      6      2      4      4      8      7      0   3644     -1
      1     15      6      2      5     10     12     10      1   2209     -1
      1     15      6      2      6      7      7      7      1   2610     -1
      1     15      6      2      7      7     12      7      1   1911     -1
      1     15      6      2      8      2      5      2      1   1360     -1
      1     15      6      2      9      1      6      4      0   2144     -1
      1     15      6      2     10      6      3      6      1   1576     -1
      1     15      6      2     11      3      3      5      0   1760     -1
      1     15      6      2     12      1      2      7      0   1477     -1
      1     15      6      2     13      8     16      8      1   2242     -1
      1     15      6      2     14      5      7      5      1   1693     -1
      1     15      6      2     15      9     12      9      1   1493     -1
      1     15      6      2     16      9     10      9      1   1495     -1
      1     15      6      2     17      6      4      6      1   1093     -1
      1     15      6      2     18      3      7      7      0   3909     -1
      1     15      6      2     19      5     14      5      1   1526     -1
      1     15      6      2     20      2     10      2      1   1493     -1
      1     15      7      1      1      1      3      3      0   1241   8864
      1     15      7      1      2      1      7      1      1    979   2917
      1     15      7      1      3      3     10      1      0   1263   1227
      1     15      7      1      4      1      8      2      0   1157  17019
      1     15      7      1      5      3     14      1      0   1703   1708
      1     15      7      1      6      1      7      1      1    909   1753
      1     15      7      1      7      4      6      4      1    992   2049
      1     15      7      1      8      2      4      2      1   1418   2876
      1     15      7      1      9      9      7      9      1   1289   3313
      1     15      7      1     10      8      8      4      0   2712   4750
      1     15      7      1     11      7     13      8      0    896   1405
      1     15      7      1     12      8      2      8      1   1317   2173
      1     15      7      1     13      2     13      2      1    808   3181
      1     15      7      1     14      6      6      6      1    843   1673
      1     15      7      1     15      8      8      8      1   1880   1193
      1     15      7      1     16      5      5      5      1    843   2114
      1     15      7      1     17      3      5      3      1   1828   1766
      1     15      7      1     18      3     16      3      1    952    762
      1     15      7      1     19      3     14      3      1    924   3930
      1     15      7      1     20      5      9      7      0   1083  13171
      1     15      7      2      1      4     13      5      0   1980     -1
      1     15      7      2      2      1     15      1      1   4243     -1
      1     15      7      2      3      8     13      8      1   2860     -1
      1     15      7      2      4      6      8      6      1   1295     -1
      1     15      7      2      5     10      1     10      1   7110     -1
      1     15      7      2      6      5     10      5      1   2327     -1
      1     15      7      2      7      2      9      2      1    927     -1
      1     15      7      2      8      9     13      9      1   1244     -1
      1     15      7      2      9      7      4      7      1   2842     -1
      1     15      7      2     10      8     11      4      0   2927     -1
      1     15      7      2     11      4      3      2      0   1365     -1
      1     15      7      2     12      2      7      9      0   1315     -1
      1     15      7      2     13      6     13      6      1   1548     -1
      1     15      7      2     14      7      9      7      1   1549     -1
      1     15      7      2     15      1     12      7      0   2432     -1
      1     15      7      2     16      5      8      5      1   1332     -1
      1     15      7      2     17      3      8      7      0   1965     -1
      1     15      7      2     18      9      8      9      1   1948     -1
      1     15      7      2     19      3      9      3      1   2999     -1
      1     15      7      2     20     10      4     10      1   2032     -1
      1     15      8      1      1      2     13      2      1   1589   3854
      1     15      8      1      2      7     14      7      1   1861   5093
      1     15      8      1      3      2      3      4      0   1565    898
      1     15      8      1      4      4     11      2      0   1098   1339
      1     15      8      1      5     10      9     10      1    873   1085
      1     15      8      1      6      9      3      9      1   1279    948
      1     15      8      1      7      2      3      4      0   1636    710
      1     15      8      1      8      2      3      2      1   2093   1245
      1     15      8      1      9      4     11      4      1   1129   1980
      1     15      8      1     10      4      7     10      0   1229    901
      1     15      8      1     11      4      7      4      1    764   1603
      1     15      8      1     12      9      1      9      1   1015    881
      1     15      8      1     13      4     10      2      0   1597   1193
      1     15      8      1     14      4      7      4      1   1120    926
      1     15      8      1     15      3      1      2      0   5361   1752
      1     15      8      1     16      9      9      9      1   1001    977
      1     15      8      1     17      3      1      3      1   2353   1253
      1     15      8      1     18     10      3     10      1    864   1144
      1     15      8      1     19      1      3      3      0   1753    925
      1     15      8      1     20      1      7      1      1   1150    895
      1     15      8      2      1     10     10      1      0   4295     -1
      1     15      8      2      2      8     10      8      1   3259     -1
      1     15      8      2      3      9      5      9      1   1627     -1
      1     15      8      2      4      3      6      7      0   2359     -1
      1     15      8      2      5      8      3      8      1   6079     -1
      1     15      8      2      6      3     15      4      0   2044     -1
      1     15      8      2      7      1     13      2      0   1861     -1
      1     15      8      2      8      4      1      3      0   1943     -1
      1     15      8      2      9      2     16      2      1   1777     -1
      1     15      8      2     10      9      6      9      1   1494     -1
      1     15      8      2     11     10      5     10      1   3111     -1
      1     15      8      2     12      4      9      2      0   1960     -1
      1     15      8      2     13      7      6      4      0   1910     -1
      1     15      8      2     14      2      1      2      1   2776     -1
      1     15      8      2     15      1      9      2      0   2593     -1
      1     15      8      2     16      5      1     10      0   1877     -1
      1     15      8      2     17      7      3      7      1   1659     -1
      1     15      8      2     18      6      2      6      1   1394     -1
      1     15      8      2     19      6     10      6      1   1843     -1
      1     15      8      2     20      5      3      5      1   2160     -1
      1     15      9      1      1      7      8      7      1    635  12941
      1     15      9      1      2      3     14      1      0   1158  12592
      1     15      9      1      3      1      1      1      1   1357   3494
      1     15      9      1      4      8      2      8      1   1766   6086
      1     15      9      1      5      4      7      4      1    784   3549
      1     15      9      1      6      8      1      1      0   1216   2123
      1     15      9      1      7      8      1      8      1   1969   2905
      1     15      9      1      8      5      9      8      0   1097   3242
      1     15      9      1      9      5      5      5      1    825   2326
      1     15      9      1     10      5      6      5      1    888   7397
      1     15      9      1     11      2     12      2      1    853  14200
      1     15      9      1     12      1      8      2      0    966   3730
      1     15      9      1     13      2     13      2      1   1075   1657
      1     15      9      1     14      6      6      6      1   2040   1560
      1     15      9      1     15      1      8      1      1   1466   1420
      1     15      9      1     16      7      5      7      1   1821   3941
      1     15      9      1     17      1      1      1      1   1580   3536
      1     15      9      1     18      3     10      4      0   1694   1702
      1     15      9      1     19      8      8      7      0   2372   1970
      1     15      9      1     20      8      1      4      0   2024   1984
      1     15      9      2      1      7     15      7      1   1780     -1
      1     15      9      2      2      2     11      2      1   1695     -1
      1     15      9      2      3      2      6      2      1   3160     -1
      1     15      9      2      4      5     12      4      0   2509     -1
      1     15      9      2      5     10     11     10      1   5061     -1
      1     15      9      2      6      9     16      9      1   1560     -1
      1     15      9      2      7      8      6      8      1   2577     -1
      1     15      9      2      8      1      5      1      1   2594     -1
      1     15      9      2      9      3      4      5      0   4194     -1
      1     15      9      2     10      8      4     10      0   2561     -1
      1     15      9      2     11      1     16     10      0   1759     -1
      1     15      9      2     12      9     15      9      1   1695     -1
      1     15      9      2     13      3      2      3      1   3677     -1
      1     15      9      2     14      4     16      2      0   1743     -1
      1     15      9      2     15     10      6     10      1   2244     -1
      1     15      9      2     16      5     11      5      1   1561     -1
      1     15      9      2     17      6     12      6      1   1877     -1
      1     15      9      2     18      4      5      4      1   2394     -1
      1     15      9      2     19      6      7      6      1   1594     -1
      1     15      9      2     20      7      2      4      0   2644     -1
      1     15     10      1      1     10     14      4      0    722  17226
      1     15     10      1      2      8     14      3      0   1530   4419
      1     15     10      1      3      7     13      7      1   1363   2470
      1     15     10      1      4      3     14      3      1   1735   5776
      1     15     10      1      5      3     12      3      1   1521   6462
      1     15     10      1      6      9      1      9      1   1071   5663
      1     15     10      1      7      8      1      1      0   1032   1715
      1     15     10      1      8      2     15      2      1   1263   1442
      1     15     10      1      9      6      6      6      1   1035   3073
      1     15     10      1     10      8     14      4      0    969   3760
      1     15     10      1     11      8      5      8      1   1372  25133
      1     15     10      1     12      1      8      3      0   1347   1341
      1     15     10      1     13      6      1      6      1   1623   1757
      1     15     10      1     14      8     14      7      0   1258   2641
      1     15     10      1     15     10     16      9      0    958   4425
      1     15     10      1     16      5      5      5      1   1499   1387
      1     15     10      1     17      1      1      1      1   1332   3500
      1     15     10      1     18      4     11      2      0    930   4950
      1     15     10      1     19      3      5      5      0   1484   2188
      1     15     10      1     20      4      6      7      0   3958   3100
      1     15     10      2      1      4     14      2      0   5330     -1
      1     15     10      2      2     10     13     10      1   1676     -1
      1     15     10      2      3     10      8     10      1   2094     -1
      1     15     10      2      4      2      8      2      1   1043     -1
      1     15     10      2      5      7     10      7      1   2910     -1
      1     15     10      2      6      9      4      9      1   1143     -1
      1     15     10      2      7      6     14      6      1   1876     -1
      1     15     10      2      8      5     13      4      0   4144     -1
      1     15     10      2      9      9     11      9      1   1064     -1
      1     15     10      2     10      3     11      4      0   1709     -1
      1     15     10      2     11      3     13      8      0   3276     -1
      1     15     10      2     12      8      7      8      1   1228     -1
      1     15     10      2     13      5      4      5      1   1360     -1
      1     15     10      2     14      6     15      6      1   1560     -1
      1     15     10      2     15      7     16      7      1   1894     -1
      1     15     10      2     16      8     15      8      1   1977     -1
      1     15     10      2     17      1     11      1      1   3478     -1
      1     15     10      2     18      1     14      7      0   1644     -1
      1     15     10      2     19      2     14      9      0   1893     -1
      1     15     10      2     20      4      2      8      0   4877     -1
