      1     20      1      1      1      6      6      9      0   5686   3289
      1     20      1      1      2      6      4      6      1   7467   3205
      1     20      1      1      3      3      7      5      0   1533   5184
      1     20      1      1      4      9      6      8      0   7250   5746
      1     20      1      1      5     10      4      3      0   5933   2214
      1     20      1      1      6      6     10      6      1   2610   4616
      1     20      1      1      7      7     11      6      0   3267   3910
      1     20      1      1      8      5      5      5      1   1829   4878
      1     20      1      1      9      4     15      1      0   6636   4747
      1     20      1      1     10      5      8      5      1    979  10171
      1     20      1      1     11      9     12      2      0   3514   3062
      1     20      1      1     12      4      5      5      0   7093   1736
      1     20      1      1     13      8      8      2      0   3404   2427
      1     20      1      1     14      5     13      3      0  12869   1675
      1     20      1      1     15      2      7      3      0   2977   1334
      1     20      1      1     16      3      1      2      0   4568   2041
      1     20      1      1     17     10      7      5      0   7895   4032
      1     20      1      1     18      3      2      5      0   8127  11762
      1     20      1      1     19      3     13      3      1   1179   3723
      1     20      1      1     20      5      5      5      1   2329   3932
      1     20      1      2      1      9     15      4      0   6072     -1
      1     20      1      2      2      3      8      3      1   6807     -1
      1     20      1      2      3      1     12      3      0   4007     -1
      1     20      1      2      4      8     16      9      0   8459     -1
      1     20      1      2      5      2      4      5      0   3974     -1
      1     20      1      2      6      7      7     10      0   4391     -1
      1     20      1      2      7     10      3      6      0   7775     -1
      1     20      1      2      8      4     11      5      0   4314     -1
      1     20      1      2      9      1      4      9      0   7496     -1
      1     20      1      2     10      8      9     10      0   6263     -1
      1     20      1      2     11     10     12      4      0  26875     -1
      1     20      1      2     12      3      3      5      0   2125     -1
      1     20      1      2     13      7      5      9      0   8742     -1
      1     20      1      2     14      6      9      6      1   1691     -1
      1     20      1      2     15      2     12      2      1   3360     -1
      1     20      1      2     16      6      7      6      1   4609     -1
      1     20      1      2     17      4      9      7      0   5725     -1
      1     20      1      2     18      5     11      5      1   3725     -1
      1     20      1      2     19      9      1      9      1  22975     -1
      1     20      1      2     20      5      6      5      1   2325     -1
      1     20      2      1      1      4     15      5      0   2663   3260
      1     20      2      1      2      3     12      4      0    914   7352
      1     20      2      1      3      3     13      3      1   1483   1210
      1     20      2      1      4      1      8      5      0   1243   2787
      1     20      2      1      5      1     10      1      1   3755   3744
      1     20      2      1      6      1      9      1      1   1297   3423
      1     20      2      1      7      1     13      1      1    920   3332
      1     20      2      1      8      1     11      1      1   1741   2184
      1     20      2      1      9      4      6      1      0   1284   1585
      1     20      2      1     10      7     11     10      0   1026   5411
      1     20      2      1     11      7      8      7      1   1294   3555
      1     20      2      1     12      6      6      7      0   2485   8054
      1     20      2      1     13      5      5      5      1   2025   3953
      1     20      2      1     14      9      8      9      1   3127    838
      1     20      2      1     15      2     11      9      0   2285   5055
      1     20      2      1     16      7      1      3      0   1200    994
      1     20      2      1     17      3      2      7      0   1896   2800
      1     20      2      1     18      9     11      1      0   3219   4251
      1     20      2      1     19      1      8      9      0   2920   2154
      1     20      2      1     20      3     12      3      1   2025   8573
      1     20      2      2      1      8      7      3      0   2196     -1
      1     20      2      2      2      8      5      3      0   2295     -1
      1     20      2      2      3      3      4      2      0   4027     -1
      1     20      2      2      4      7     13      7      1   2708     -1
      1     20      2      2      5      4     14      8      0  10125     -1
      1     20      2      2      6      9      9      9      1   5159     -1
      1     20      2      2      7      4     13      1      0   5112     -1
      1     20      2      2      8      2      3      9      0   5375     -1
      1     20      2      2      9      6      5      7      0   5108     -1
      1     20      2      2     10      9     16      2      0   6225     -1
      1     20      2      2     11     10     10      2      0   2580     -1
      1     20      2      2     12      1     16      2      0   3080     -1
      1     20      2      2     13      5     15      5      1   1914     -1
      1     20      2      2     14      1      5      9      0   5447     -1
      1     20      2      2     15      2     15      5      0  17364     -1
      1     20      2      2     16      7     16      7      1   1507     -1
      1     20      2      2     17      5      7      5      1   2111     -1
      1     20      2      2     18      6     15      6      1   1392     -1
      1     20      2      2     19      3     14      5      0   3009     -1
      1     20      2      2     20     10     14      4      0   9242     -1
      1     20      3      1      1      9      8      9      1    854   6390
      1     20      3      1      2      9      4      9      1   2593   4403
      1     20      3      1      3      4     15      1      0   2561   1717
      1     20      3      1      4      7      2      7      1   1036   6609
      1     20      3      1      5      3      7      5      0    698   1847
      1     20      3      1      6      5      8      5      1    825   2183
      1     20      3      1      7      3     13      3      1   1429   1979
      1     20      3      1      8      3     16      5      0   1803   1698
      1     20      3      1      9      2      5      9      0   3528   1849
      1     20      3      1     10      2      5      2      1   8258   1982
      1     20      3      1     11      2      8      2      1   3127   3820
      1     20      3      1     12      1      9      4      0   1913   3141
      1     20      3      1     13      3     12      3      1   1029   6120
      1     20      3      1     14      9      7      4      0   6308   1053
      1     20      3      1     15      8      4      7      0   1129   5340
      1     20      3      1     16      1     11      8      0   1230   6666
      1     20      3      1     17      6     12      6      1   1064   2162
      1     20      3      1     18      3      2      5      0   3463  12034
      1     20      3      1     19      3     16      9      0  10752   6494
      1     20      3      1     20      4     15      9      0   5888   4851
      1     20      3      2      1      8     15      3      0   1861     -1
      1     20      3      2      2      8     10      3      0   1726     -1
      1     20      3      2      3      9     10      9      1  21758     -1
      1     20      3      2      4      4     16      2      0  15557     -1
      1     20      3      2      5     10     11      5      0   3841     -1
      1     20      3      2      6     10     13      8      0   3626     -1
      1     20      3      2      7      1      7      8      0   2192     -1
      1     20      3      2      8      7      6      7      1   3942     -1
      1     20      3      2      9      3      9      5      0   3360     -1
      1     20      3      2     10      7      3      7      1   4512     -1
      1     20      3      2     11      9      5      4      0   3925     -1
      1     20      3      2     12      2      1      2      1   1625     -1
      1     20      3      2     13      5     16      5      1   2608     -1
      1     20      3      2     14      4      4      5      0   9928     -1
      1     20      3      2     15      2     13      2      1   1742     -1
      1     20      3      2     16      1      6      8      0   2808     -1
      1     20      3      2     17      6      8      6      1   1591     -1
      1     20      3      2     18      6     14      6      1   1243     -1
      1     20      3      2     19      5      4      5      1   1275     -1
      1     20      3      2     20      3      6      5      0   2025     -1
      1     20      4      1      1      9      8      9      1   1410   4001
      1     20      4      1      2      5      8      5      1   1154   7952
      1     20      4      1      3     10      4      3      0   1246    537
      1     20      4      1      4      9     11     10      0    858   4306
      1     20      4      1      5      9      8      9      1    728   1672
      1     20      4      1      6      4     15      8      0   2014  12228
      1     20      4      1      7      3     12      4      0   1431   6008
      1     20      4      1      8      5      5      8      0   9778   2541
      1     20      4      1      9      4     15      9      0   3255   1506
      1     20      4      1     10      9     12      9      1   5050    899
      1     20      4      1     11      4      5     10      0   7203   1759
      1     20      4      1     12      8      8      3      0   1475   5140
      1     20      4      1     13      5     13      8      0   8190   2563
      1     20      4      1     14      2      7      9      0   3124    911
      1     20      4      1     15      3      1      5      0   2545   1214
      1     20      4      1     16      3      1      3      1   1551   1685
      1     20      4      1     17      9      6      9      1  12173    746
      1     20      4      1     18     10      7      5      0   7731   1531
      1     20      4      1     19      7      8     10      0   6738   1579
      1     20      4      1     20      6      1      6      1   1255   2595
      1     20      4      2      1      1      3      8      0  11227     -1
      1     20      4      2      2      6      2      6      1   1359     -1
      1     20      4      2      3      8     12      3      0   3042     -1
      1     20      4      2      4      3     11      5      0   7808     -1
      1     20      4      2      5      4      2      2      0   2026     -1
      1     20      4      2      6      9     14      9      1   2192     -1
      1     20      4      2      7      5     14      3      0   4525     -1
      1     20      4      2      8      2     10      2      1   2308     -1
      1     20      4      2      9      8      3      7      0   6580     -1
      1     20      4      2     10      2      2      2      1   2292     -1
      1     20      4      2     11      4      7      8      0   4958     -1
      1     20      4      2     12      9      2      9      1   2676     -1
      1     20      4      2     13      7      4      5      0   2275     -1
      1     20      4      2     14     10      5      4      0   4659     -1
      1     20      4      2     15      6     16      6      1   1512     -1
      1     20      4      2     16      7     14      1      0   8662     -1
      1     20      4      2     17      3     10      5      0   2209     -1
      1     20      4      2     18     10     15      8      0   2692     -1
      1     20      4      2     19      5     10      5      1   1760     -1
      1     20      4      2     20      1      2      8      0   2874     -1
      1     20      5      1      1      9      7      9      1   1080  14239
      1     20      5      1      2      7      2      5      0   1961   1198
      1     20      5      1      3      7      2      7      1    987   1190
      1     20      5      1      4      4     10      4      1   6176   1380
      1     20      5      1      5      5     12      5      1   1079   1851
      1     20      5      1      6      9      4      9      1    970   1452
      1     20      5      1      7      6      6      6      1   1684   1191
      1     20      5      1      8      6      4      6      1   1358    939
      1     20      5      1      9      2      6      2      1   1189   1269
      1     20      5      1     10      5      5      5      1   2995    968
      1     20      5      1     11      6      3      6      1   1113   1375
      1     20      5      1     12      4      6      4      1   4638   1089
      1     20      5      1     13      6     10      6      1    961   2673
      1     20      5      1     14      7     11      7      1   1578   1230
      1     20      5      1     15      3     13      3      1   1133   1307
      1     20      5      1     16      3     12      3      1   4619   1534
      1     20      5      1     17      1     13      2      0   3444    837
      1     20      5      1     18      3     16      5      0   2052   2336
      1     20      5      1     19      8      2      4      0   5136   2159
      1     20      5      1     20      1     11      8      0   2290   1382
      1     20      5      2      1      4     12      4      1   3491     -1
      1     20      5      2      2      2      9      2      1   2459     -1
      1     20      5      2      3      9     13      9      1   2891     -1
      1     20      5      2      4      2     16      4      0   4826     -1
      1     20      5      2      5     10      6      8      0   9192     -1
      1     20      5      2      6      8      1      4      0   3626     -1
      1     20      5      2      7      7     15      7      1   2059     -1
      1     20      5      2      8     10      9      8      0   4125     -1
      1     20      5      2      9      3      5      5      0   2526     -1
      1     20      5      2     10      7     10      7      1   4642     -1
      1     20      5      2     11      5      3      5      1   1975     -1
      1     20      5      2     12      6     13      6      1   1442     -1
      1     20      5      2     13      1     14      1      1   3762     -1
      1     20      5      2     14      9      3      9      1   1476     -1
      1     20      5      2     15      5      2      5      1   1792     -1
      1     20      5      2     16      8     13      1      0  11358     -1
      1     20      5      2     17      4      3      5      0   2758     -1
      1     20      5      2     18      6     11      6      1   1191     -1
      1     20      5      2     19      1      1      8      0   7210     -1
      1     20      5      2     20      3     15      3      1   2259     -1
      1     20      6      1      1      3     16      8      0   2788   4103
      1     20      6      1      2      8      2      6      0    884   1370
      1     20      6      1      3      1     11      9      0   6762   2325
      1     20      6      1      4      2      8      2      1   4548   1085
      1     20      6      1      5      9     11      9      1   1302   1469
      1     20      6      1      6      3      2      8      0   1867   1324
      1     20      6      1      7      6     12      6      1   1222   1513
      1     20      6      1      8      4      1      4      1   8596   3096
      1     20      6      1      9     10     16      9      0   1107   1203
      1     20      6      1     10     10     16     10      1   1067   1684
      1     20      6      1     11     10      4     10      1   4099    932
      1     20      6      1     12      2     11      4      0   2653    879
      1     20      6      1     13      9      8      9      1   2566   1800
      1     20      6      1     14      2      5      2      1   3428   1200
      1     20      6      1     15      7     12      8      0   5670   1763
      1     20      6      1     16      1      9     10      0   5701   2270
      1     20      6      1     17      1     11      1      1    858   2837
      1     20      6      1     18      1      9      1      1   1406   1630
      1     20      6      1     19      5      1      3      0   1357   1546
      1     20      6      1     20      2     14      4      0   3585   2401
      1     20      6      2      1      4     16      2      0   3495     -1
      1     20      6      2      2      6     15      6      1   1625     -1
      1     20      6      2      3      2     13      4      0   3641     -1
      1     20      6      2      4      9     16      2      0   3541     -1
      1     20      6      2      5      8     10      7      0   2625     -1
      1     20      6      2      6      4     14      4      1   2525     -1
      1     20      6      2      7      5      7      5      1   1325     -1
      1     20      6      2      8      5     16      3      0   4926     -1
      1     20      6      2      9      3     14      5      0   2308     -1
      1     20      6      2     10      2     15      2      1   1828     -1
      1     20      6      2     11      8      5      7      0  11826     -1
      1     20      6      2     12     10     10      1      0   3859     -1
      1     20      6      2     13      7     16      5      0   2425     -1
      1     20      6      2     14     10     11      1      0  39976     -1
      1     20      6      2     15      1      6      1      1   1959     -1
      1     20      6      2     16      7      6      5      0   2407     -1
      1     20      6      2     17      9     10     10      0   4842     -1
      1     20      6      2     18      1     16      3      0   2842     -1
      1     20      6      2     19      6     14      6      1   1340     -1
      1     20      6      2     20      3      6      5      0   2858     -1
      1     20      7      1      1      8      6      7      0   1105   5750
      1     20      7      1      2      3      7      1      0   1042   1218
      1     20      7      1      3      7      1      5      0   3079    788
      1     20      7      1      4      4      1      4      1  15722     21
      1     20      7      1      5      6      1      6      1   1116   6990
      1     20      7      1      6      8     11      8      1   7247   1638
      1     20      7      1      7     10      1     10      1   3800   1159
      1     20      7      1      8      8      4      7      0   4521   1302
      1     20      7      1      9      7      9      7      1   1275   1278
      1     20      7      1     10     10      8     10      1   1890    838
      1     20      7      1     11      5      8      5      1   1711   1051
      1     20      7      1     12      1      8      2      0   2547   1834
      1     20      7      1     13     10      2      8      0  11728   1328
      1     20      7      1     14      1     10      8      0   2992   2439
      1     20      7      1     15      7      8      7      1   1272   1380
      1     20      7      1     16      2      7      9      0   6397   2162
      1     20      7      1     17      4     15      3      0   2418   2582
      1     20      7      1     18      9     12      9      1   1517    686
      1     20      7      1     19      4      5      4      1   1326   1019
      1     20      7      1     20      8      8      7      0   2108    988
      1     20      7      2      1      1      7      8      0   3746     -1
      1     20      7      2      2      7      3      7      1   1924     -1
      1     20      7      2      3      8     15      8      1   2075     -1
      1     20      7      2      4      4      4      2      0  15842     -1
      1     20      7      2      5      2      1      2      1   1208     -1
      1     20      7      2      6      1     12      8      0   5859     -1
      1     20      7      2      7      7      7      7      1   1291     -1
      1     20      7      2      8      3      8      3      1   3192     -1
      1     20      7      2      9     10     13      8      0   3208     -1
      1     20      7      2     10      4      9      2      0   2809     -1
      1     20      7      2     11     10     12      8      0   4908     -1
      1     20      7      2     12      2      4      2      1   1625     -1
      1     20      7      2     13      5     11      5      1   2359     -1
      1     20      7      2     14      3      9      5      0   5440     -1
      1     20      7      2     15      9      1      9      1   1992     -1
      1     20      7      2     16      9      5      9      1   2992     -1
      1     20      7      2     17      6      8      6      1   1446     -1
      1     20      7      2     18      8      9      8      1   4525     -1
      1     20      7      2     19      6      7      5      0   2863     -1
      1     20      7      2     20      5      4      5      1   4929     -1
      1     20      8      1      1      3      2      8      0   1823  39464
      1     20      8      1      2      3     12      3      1   1786   2595
      1     20      8      1      3      3     13      3      1   1073   1235
      1     20      8      1      4      8     14     10      0   3038   1236
      1     20      8      1      5     10      2      8      0   2474   5965
      1     20      8      1      6      7      8      7      1   1296   3751
      1     20      8      1      7     10      7      2      0   1484   2273
      1     20      8      1      8      9      6     10      0   2177   1626
      1     20      8      1      9      3      1      5      0   1693   1477
      1     20      8      1     10      8     14     10      0   3926  10333
      1     20      8      1     11      5      9      5      1   1290   1497
      1     20      8      1     12      1     15      8      0   2353    893
      1     20      8      1     13      4      8      2      0   3004   1530
      1     20      8      1     14      5     12      5      1   1510  20659
      1     20      8      1     15      4     10      2      0    968   3027
      1     20      8      1     16      9      4      9      1   1102   2025
      1     20      8      1     17      4      6      2      0   2884   8711
      1     20      8      1     18     10      4     10      1   1463  20799
      1     20      8      1     19      2     11      2      1   1235   2958
      1     20      8      1     20      9      8      9      1    967   1371
      1     20      8      2      1      9     14      9      1   1962     -1
      1     20      8      2      2      4      2      2      0   2125     -1
      1     20      8      2      3      5     14      3      0   2241     -1
      1     20      8      2      4      1      3      8      0   6940     -1
      1     20      8      2      5      8     12      3      0   2058     -1
      1     20      8      2      6      8      3      8      1   3843     -1
      1     20      8      2      7      3     10      5      0   3574     -1
      1     20      8      2      8     10     15      8      0   1858     -1
      1     20      8      2      9      1      2      8      0  13595     -1
      1     20      8      2     10      4      7      8      0   5929     -1
      1     20      8      2     11      2      2      2      1   5075     -1
      1     20      8      2     12      6     16      6      1   1474     -1
      1     20      8      2     13      7     14      5      0   3775     -1
      1     20      8      2     14      9      2     10      0   4358     -1
      1     20      8      2     15     10      5     10      1  55392     -1
      1     20      8      2     16      5     10      3      0   2225     -1
      1     20      8      2     17      6      2      6      1   1141     -1
      1     20      8      2     18      3     11      3      1   2675     -1
      1     20      8      2     19      2     10      2      1   1826     -1
      1     20      8      2     20      7      4      5      0   2226     -1
      1     20      9      1      1      4     15      8      0   5704   5679
      1     20      9      1      2      9     12      9      1   1407   1348
      1     20      9      1      3      4      5      4      1   2295   1165
      1     20      9      1      4      8      8      8      1   2254   1055
      1     20      9      1      5      5     13      5      1   2592   1626
      1     20      9      1      6      2      7      2      1   9135    830
      1     20      9      1      7      3      1      3      1  15882    979
      1     20      9      1      8      3      1      5      0   1547   4692
      1     20      9      1      9      9      6     10      0   1152   2337
      1     20      9      1     10     10      7      2      0   1536   1405
      1     20      9      1     11      7      8      7      1   1384   1683
      1     20      9      1     12      6      1      6      1   1823   2088
      1     20      9      1     13      8     11      4      0  22603    864
      1     20      9      1     14      8      4      8      1    814   3257
      1     20      9      1     15     10      1      8      0   2977   1426
      1     20      9      1     16      7      9      7      1   1174   1527
      1     20      9      1     17     10      8     10      1   1611   1787
      1     20      9      1     18      5      8      5      1   3372   1020
      1     20      9      1     19      1      8      2      0   1456   1597
      1     20      9      1     20     10      2      8      0   1503   1334
      1     20      9      2      1      4      3      5      0   9611     -1
      1     20      9      2      2      8      7      8      1   1742     -1
      1     20      9      2      3      8      1      2      0   1691     -1
      1     20      9      2      4     10     14      8      0   3976     -1
      1     20      9      2      5      4     13      4      1   1792     -1
      1     20      9      2      6      7     15      7      1   1575     -1
      1     20      9      2      7      3      4      5      0   2506     -1
      1     20      9      2      8      3     15      3      1   1225     -1
      1     20      9      2      9      2      9      2      1   1625     -1
      1     20      9      2     10      1      5      8      0   1892     -1
      1     20      9      2     11      1      1      8      0   8809     -1
      1     20      9      2     12      2      3      1      0   3091     -1
      1     20      9      2     13      9      3      9      1   1859     -1
      1     20      9      2     14      7     13      7      1   1358     -1
      1     20      9      2     15      5      3      5      1   1708     -1
      1     20      9      2     16     10      6      7      0   7576     -1
      1     20      9      2     17      6     13      6      1   1413     -1
      1     20      9      2     18      6      5      6      1   2708     -1
      1     20      9      2     19      9      9      9      1   2108     -1
      1     20      9      2     20      5     15      5      1   1942     -1
      1     20     10      1      1      1      9      1      1   1077   7163
      1     20     10      1      2      4      6      1      0   1191   1250
      1     20     10      1      3      1     11      8      0    893   2164
      1     20     10      1      4      7     12      7      1   2385   2322
      1     20     10      1      5      2      8      2      1   1402   2355
      1     20     10      1      6      1     11      1      1   1066   1489
      1     20     10      1      7      8      2      8      1   1376   1184
      1     20     10      1      8      3     16      5      0   6622   2380
      1     20     10      1      9      3     16      3      1   3227   2178
      1     20     10      1     10      1     15      3      0   1432   5646
      1     20     10      1     11      9      7     10      0   1733   2585
      1     20     10      1     12      7      2      5      0   1726   3560
      1     20     10      1     13      7      2      7      1   4140   2903
      1     20     10      1     14      5      5      5      1   1064   2662
      1     20     10      1     15      7     11      7      1    951   1698
      1     20     10      1     16      4      1      4      1    863   1637
      1     20     10      1     17     10     16      9      0   2241   1134
      1     20     10      1     18     10      1      9      0   2725   2102
      1     20     10      1     19      2      5      2      1    874  25638
      1     20     10      1     20      7     12      7      1   1474   1497
      1     20     10      2      1      7     10      7      1   2262     -1
      1     20     10      2      2      6     11      6      1   1509     -1
      1     20     10      2      3      2     12      4      0   8392     -1
      1     20     10      2      4      3      5      5      0   5375     -1
      1     20     10      2      5      5      6      3      0   3576     -1
      1     20     10      2      6     10      9     10      1  21545     -1
      1     20     10      2      7      2     16      2      1   4827     -1
      1     20     10      2      8      8     13      8      1   3110     -1
      1     20     10      2      9      8     16      4      0   8229     -1
      1     20     10      2     10      6      9      6      1   1676     -1
      1     20     10      2     11      5      2      5      1   9859     -1
      1     20     10      2     12      4     11      2      0   4408     -1
      1     20     10      2     13     10      3      1      0   3077     -1
      1     20     10      2     14      4     12      5      0   4792     -1
      1     20     10      2     15      1      4      8      0   4376     -1
      1     20     10      2     16      9     13      9      1   2108     -1
      1     20     10      2     17      3      3      3      1   3392     -1
      1     20     10      2     18      7      5      8      0   4808     -1
      1     20     10      2     19      1     14      1      1   5076     -1
      1     20     10      2     20      9     15      9      1   1729     -1
