     43      2     13
     43      3     13
     43      3      8
     43      6     12
     43      7      4
     43      5      9
     43      7     14
     43      4      1
     43      7     12
     43      1      9
     43      4      5
     43      6      9
     43      6     13
     43      1      5
     43      5      5
     43      5      6
     43      8      2
     43      6      3
     43      1      2
     43      6     15
     43      4     16
     43      3      7
     43      2     14
     43      4      9
     43      5     12
     43      3     16
     43      5     10
     43      7      7
     43      7      5
     43      1      1
     43      8      4
     43      1     11
     43      8      6
     43      4     11
     43      3     15
     43      5      8
     43      2     16
     43      8      3
     43      2      4
     43      1     14
     43      2      5
     43      3     14
     43      8     15
     43      7     10
     43      8     14
     43      4     13
     43      2      6
     43      6     16
