     49      7      8
     49      8      6
     49      5     12
     49      5      8
     49      1     10
     49      3      9
     49      3     13
     49      4      8
     49      6     15
     49      5     10
     49      7      5
     49      4     12
     49      1      2
     49      4      5
     49      7     10
     49      7      6
     49      2     13
     49      6     13
     49      8      5
     49      8      8
     49      2      6
     49      8      4
     49      4     13
     49      8     13
     49      2     16
     49      5      2
     49      7      2
     49      6     16
     49      6      8
     49      2      9
     49      1      1
     49      7     12
     49      6      6
     49      2      8
     49      1      3
     49      2     14
     49      3      2
     49      1     11
     49      5      5
     49      6      7
     49      1      6
     49      4      9
     49      5     14
     49      3     14
     49      3      7
     49      4     14
     49      3     10
     49      8     15
