      1      4      1      1      1      1      9      2      0   2296
      1      4      1      1      2      2     12      1      0   2606
      1      4      1      1      3      3     14      3      1   2352
      1      4      1      1      4      8     10      4      0   1900
      1      4      1      1      5      9      3      7      0   2433
      1      4      1      1      6      8     16      5      0   3920
      1      4      1      1      7      9     14      9      1   2316
      1      4      1      1      8     10      8      6      0   3315
      1      4      1      1      9      6      3      6      1   4090
      1      4      1      1     10      5      6      3      0   1371
      1      4      1      1     11      7     13      4      0   1929
      1      4      1      1     12      2     15     10      0   2165
      1      4      1      1     13      1      6      7      0   2962
      1      4      1      1     14      4      8      1      0   3523
      1      4      1      1     15      4     13      4      1   3286
      1      4      1      1     16      3     11      3      1   5377
      1      4      1      1     17      5     11      5      1   2717
      1      4      1      1     18      7      2      8      0   3219
      1      4      1      1     19     10      6     10      1   3827
      1      4      1      1     20      6      5      6      1   5686
      1      4      1      2      1      1     13      5      0   7262
      1      4      1      2      2      7     16      8      0   5542
      1      4      1      2      3      6     13      6      1   4408
      1      4      1      2      4      9     16      9      1   2359
      1      4      1      2      5      5     10      1      0   1708
      1      4      1      2      6      7     15      4      0   4141
      1      4      1      2      7     10      7      4      0   1093
      1      4      1      2      8      2      6      2      1   4760
      1      4      1      2      9      4      3      7      0   2548
      1      4      1      2     10      2      1      2      1   1444
      1      4      1      2     11      5      7      3      0    894
      1      4      1      2     12      9      4      9      1   1409
      1      4      1      2     13     10      3     10      1   1226
      1      4      1      2     14      4      5      1      0   2711
      1      4      1      2     15      3      2      3      1   1244
      1      4      1      2     16      8     12      3      0   1211
      1      4      1      2     17      6      6      6      1   2343
      1      4      1      2     18      1     11      7      0   4076
      1      4      1      2     19      8      2      8      1   1910
      1      4      1      2     20      3      1      2      0   1443
      1      4      2      1      1      6     15      6      1   1614
      1      4      2      1      2      3     12      3      1   1990
      1      4      2      1      3      1     15     10      0   2200
      1      4      2      1      4      2     11      4      0   2713
      1      4      2      1      5      7     11      8      0   1510
      1      4      2      1      6      8      8      8      1   1153
      1      4      2      1      7      4     11      2      0   1184
      1      4      2      1      8      5      1      8      0   3349
      1      4      2      1      9      8      9      4      0   1636
      1      4      2      1     10      6      9      6      1   1272
      1      4      2      1     11      2      7      9      0   1983
      1      4      2      1     12      1      8      2      0   1497
      1      4      2      1     13      5      3      5      1   2316
      1      4      2      1     14     10      9      1      0   2538
      1      4      2      1     15     10      2      8      0   3239
      1      4      2      1     16      9      9      9      1    994
      1      4      2      1     17      9     12      9      1   1372
      1      4      2      1     18      3      9      5      0   1190
      1      4      2      1     19      4      7      4      1   2904
      1      4      2      1     20      7     12      5      0   2630
      1      4      2      2      1      2     14      2      1   1530
      1      4      2      2      2     10     12      7      0   4011
      1      4      2      2      3      5     14      3      0   1310
      1      4      2      2      4      6      1      6      1   1360
      1      4      2      2      5      8      5      8      1   2026
      1      4      2      2      6      7      9     10      0   3761
      1      4      2      2      7      9      8      9      1   1044
      1      4      2      2      8      1      4      1      1   2427
      1      4      2      2      9      2      8      4      0   3276
      1      4      2      2     10      6     14      6      1   1160
      1      4      2      2     11      1      7      3      0   3243
      1      4      2      2     12      9     11      9      1   1027
      1      4      2      2     13      3      5      3      1   3160
      1      4      2      2     14      3      3      3      1   1779
      1      4      2      2     15     10      4      1      0   3960
      1      4      2      2     16      5     15      5      1   1759
      1      4      2      2     17      4      6      8      0   1094
      1      4      2      2     18      7      6      5      0   2444
      1      4      2      2     19      8     11      9      0   1227
      1      4      2      2     20      4     14      4      1   2793
      1      4      3      1      1     10     13      1      0   2824
      1      4      3      1      2      5      4      3      0   1554
      1      4      3      1      3      6      7      6      1   1159
      1      4      3      1      4      1      3      2      0   1408
      1      4      3      1      5      4     15      3      0   1694
      1      4      3      1      6      7      5      5      0   1946
      1      4      3      1      7      7     14      5      0   1326
      1      4      3      1      8      9      7      9      1   1127
      1      4      3      1      9     10      5      7      0   3498
      1      4      3      1     10      8      4      8      1   1097
      1      4      3      1     11      4      9      2      0   3627
      1      4      3      1     12      8      7      8      1   1260
      1      4      3      1     13      3      8      3      1   1408
      1      4      3      1     14      5     16     10      0   2632
      1      4      3      1     15      3      4      3      1   1448
      1      4      3      1     16      9      1      9      1    976
      1      4      3      1     17      2      4      2      1   1074
      1      4      3      1     18      2     10      1      0   1043
      1      4      3      1     19      6      8      6      1   1277
      1      4      3      1     20      1      2      3      0   5084
      1      4      3      2      1      5      2      5      1   3396
      1      4      3      2      2      2      9      2      1   1277
      1      4      3      2      3      9     13      9      1   1060
      1      4      3      2      4      9     15      9      1   1144
      1      4      3      2      5     10      1      8      0   2593
      1      4      3      2      6      6      2      6      1   1244
      1      4      3      2      7      7     10      1      0   3293
      1      4      3      2      8      3      6      3      1   1076
      1      4      3      2      9     10     15     10      1   2264
      1      4      3      2     10      3     10      5      0   2093
      1      4      3      2     11      6     11      6      1   1143
      1      4      3      2     12      7      7      8      0   1311
      1      4      3      2     13      8     13      8      1   1078
      1      4      3      2     14      8     15      8      1   1210
      1      4      3      2     15      5     12      3      0   1944
      1      4      3      2     16      4      2      2      0   1461
      1      4      3      2     17      2      5      2      1   1159
      1      4      3      2     18      1     14      7      0   2976
      1      4      3      2     19      1      5      8      0   1227
      1      4      3      2     20      4      4      6      0   2394
      1      4      4      1      1      7     14      6      0   1952
      1      4      4      1      2      7     12      8      0   1975
      1      4      4      1      3      8      4      8      1   1036
      1      4      4      1      4      2      7      4      0   2540
      1      4      4      1      5      9      7      9      1    884
      1      4      4      1      6      5      3     10      0   1873
      1      4      4      1      7     10     13      8      0   1194
      1      4      4      1      8      9     12      9      1   1273
      1      4      4      1      9      8      9      4      0   1945
      1      4      4      1     10      6      7      6      1   1260
      1      4      4      1     11      1      3      2      0    897
      1      4      4      1     12      4      7      1      0   1727
      1      4      4      1     13      3      4      8      0   1566
      1      4      4      1     14      4     15      4      1   1760
      1      4      4      1     15      3     12     10      0   4365
      1      4      4      1     16      6     15      6      1   1185
      1      4      4      1     17      1      8      4      0   2231
      1      4      4      1     18     10      9      7      0   2169
      1      4      4      1     19      5      4      3      0   1667
      1      4      4      1     20      2      4      2      1    870
      1      4      4      2      1      1      1      1      1   2496
      1      4      4      2      2      1     10      4      0   2809
      1      4      4      2      3      7      8      1      0   1363
      1      4      4      2      4      3      7      3      1   1077
      1      4      4      2      5      2     13      2      1   1010
      1      4      4      2      6      5      9      5      1   1809
      1      4      4      2      7      6     10      6      1   1278
      1      4      4      2      8      8     14      8      1   1610
      1      4      4      2      9      9      6      9      1    994
      1      4      4      2     10      8      1      4      0   2795
      1      4      4      2     11      2     16      2      1   1460
      1      4      4      2     12      4     10     10      0   2710
      1      4      4      2     13      6      4      6      1   1260
      1      4      4      2     14      4      1      8      0   1377
      1      4      4      2     15     10     14      7      0   1593
      1      4      4      2     16      3     15      3      1   1043
      1      4      4      2     17      5      8      5      1   1127
      1      4      4      2     18      9      2      9      1   1244
      1      4      4      2     19     10     11      2      0   1177
      1      4      4      2     20      7      4      1      0   2159
      1      4      5      1      1     10      5      1      0   2372
      1      4      5      1      2      3      9      3      1    882
      1      4      5      1      3      8      8      8      1   1171
      1      4      5      1      4      1      2      7      0   1326
      1      4      5      1      5      2     11      2      1   2178
      1      4      5      1      6      5      1      5      1   2048
      1      4      5      1      7      6      9      6      1    993
      1      4      5      1      8      4     11      4      1   1510
      1      4      5      1      9      9      9      9      1    972
      1      4      5      1     10      7      5      1      0   1108
      1      4      5      1     11      8      7      4      0   1115
      1      4      5      1     12      9      1      9      1   1005
      1      4      5      1     13      3      8      3      1    965
      1      4      5      1     14      5     16      5      1   1913
      1      4      5      1     15      2     10      2      1   1324
      1      4      5      1     16     10      2      1      0   1814
      1      4      5      1     17      1     15      5      0   2035
      1      4      5      1     18      6      8      6      1   1114
      1      4      5      1     19      7     11      1      0   1851
      1      4      5      1     20      4      9      4      1   2201
      1      4      5      2      1      7      1      7      1   1446
      1      4      5      2      2      3     16      3      1   1228
      1      4      5      2      3      1     12      9      0   1294
      1      4      5      2      4     10     16      2      0   4196
      1      4      5      2      5      5      5      1      0   3677
      1      4      5      2      6      1     16      5      0   1426
      1      4      5      2      7      5     13      5      1   1576
      1      4      5      2      8      9     10      9      1    960
      1      4      5      2      9      8      6      8      1   1243
      1      4      5      2     10     10     10     10      1   1410
      1      4      5      2     11      9      5      9      1    993
      1      4      5      2     12      2      3      4      0   2577
      1      4      5      2     13      6     12      6      1   1244
      1      4      5      2     14      4     12      2      0   1126
      1      4      5      2     15      8      3      8      1   2477
      1      4      5      2     16      6     16      6      1   1009
      1      4      5      2     17      2      2      2      1    994
      1      4      5      2     18      3     13      3      1   1010
      1      4      5      2     19      7      3      7      1   1493
      1      4      5      2     20      4     16      4      1   3861
      1      4      6      1      1      5     11      3      0   1187
      1      4      6      1      2      8     16      7      0   2516
      1      4      6      1      3      6      5      6      1   1058
      1      4      6      1      4      2     15      2      1    847
      1      4      6      1      5      5      6      3      0    746
      1      4      6      1      6      9      3      9      1   1113
      1      4      6      1      7     10      8      2      0   1408
      1      4      6      1      8      3     11      3      1   1413
      1      4      6      1      9      1      9      2      0   1006
      1      4      6      1     10      8     10      8      1   1204
      1      4      6      1     11      4      8      4      1   1131
      1      4      6      1     12      9     14      9      1    994
      1      4      6      1     13      1      6      7      0   3932
      1      4      6      1     14     10      6     10      1   1715
      1      4      6      1     15      3     14      3      1   1975
      1      4      6      1     16      2     12      4      0   1619
      1      4      6      1     17      7      2      7      1   1791
      1      4      6      1     18      6      3      6      1   1009
      1      4      6      1     19      7     13      8      0   2193
      1      4      6      1     20      4     13      8      0   1276
      1      4      6      2      1      2      6      2      1   1397
      1      4      6      2      2      1      7      5      0   2727
      1      4      6      2      3      9     16      9      1   1144
      1      4      6      2      4      6      6      6      1   1012
      1      4      6      2      5      4      3      1      0   3575
      1      4      6      2      6      8     12      8      1   1061
      1      4      6      2      7      3      3      4      0   4077
      1      4      6      2      8     10      7     10      1   2077
      1      4      6      2      9      7     16      8      0   1127
      1      4      6      2     10      5     14      3      0    994
      1      4      6      2     11      4     14      4      1   3077
      1      4      6      2     12      2      8      2      1   1142
      1      4      6      2     13      8      5      8      1   1193
      1      4      6      2     14      6     14      6      1   1229
      1      4      6      2     15     10      4     10      1   1695
      1      4      6      2     16      5     10      5      1   2760
      1      4      6      2     17      1     13      4      0   4527
      1      4      6      2     18      9      8      1      0   1910
      1      4      6      2     19      3      1      8      0   4243
      1      4      6      2     20      7      9      7      1   1093
      1      4      7      1      1      7     12      7      1   1626
      1      4      7      1      2      7      5      7      1   1680
      1      4      7      1      3      9     12      9      1    947
      1      4      7      1      4      3     12      3      1   1241
      1      4      7      1      5      1      8     10      0   2963
      1      4      7      1      6      3      8      5      0   1464
      1      4      7      1      7      5      3      5      1   1053
      1      4      7      1      8      8      7      8      1   1157
      1      4      7      1      9      4      9      1      0   3903
      1      4      7      1     10     10      5      1      0   1009
      1      4      7      1     11      9      1      9      1   1095
      1      4      7      1     12      4      7      7      0   1425
      1      4      7      1     13      6      8      6      1   1105
      1      4      7      1     14      2     10      2      1   1057
      1      4      7      1     15      5     16      5      1   2733
      1      4      7      1     16     10      9     10      1   2659
      1      4      7      1     17      6     15      6      1    908
      1      4      7      1     18      2      7      9      0   1733
      1      4      7      1     19      8      9      8      1   1385
      1      4      7      1     20      1      2      1      1   2526
      1      4      7      2      1      3     10      3      1   4830
      1      4      7      2      2      4      2      2      0    943
      1      4      7      2      3      2     16      2      1   1245
      1      4      7      2      4      7      8      8      0   1210
      1      4      7      2      5      5      8      3      0   1409
      1      4      7      2      6      8     13      8      1   1043
      1      4      7      2      7      1     10      4      0   2027
      1      4      7      2      8      8     14      8      1   1147
      1      4      7      2      9      4     10      4      1   1243
      1      4      7      2     10      5      2      3      0   2543
      1      4      7      2     11      2      9      2      1    894
      1      4      7      2     12      1      5      1      1   1778
      1      4      7      2     13      6     11      6      1   1160
      1      4      7      2     14     10      1      8      0   2194
      1      4      7      2     15      9      6      9      1   1143
      1      4      7      2     16      6     10      6      1   1327
      1      4      7      2     17      3     15      5      0   1410
      1      4      7      2     18     10     11     10      1    926
      1      4      7      2     19      9     15      9      1   1910
      1      4      7      2     20      7     10      8      0   1016
      1      4      8      1      1      3      9      3      1   1132
      1      4      8      1      2      2     15      9      0   7566
      1      4      8      1      3      5     11      3      0    780
      1      4      8      1      4      8     16      8      1   1212
      1      4      8      1      5      6      3      6      1    881
      1      4      8      1      6      1     15      5      0   1353
      1      4      8      1      7      8      8      8      1    881
      1      4      8      1      8      7      2      7      1   1331
      1      4      8      1      9      4     11      4      1   3561
      1      4      8      1     10      3     14      3      1    916
      1      4      8      1     11     10      6     10      1   1230
      1      4      8      1     12      1      6      8      0   3832
      1      4      8      1     13      2     11      2      1   1465
      1      4      8      1     14      9      9      9      1   1113
      1      4      8      1     15     10      2      8      0   2351
      1      4      8      1     16      5      1      5      1   1302
      1      4      8      1     17      9     14      9      1    871
      1      4      8      1     18      4      8      4      1   1592
      1      4      8      1     19      6      9      6      1   1073
      1      4      8      1     20      7     11      7      1   2346
      1      4      8      2      1      1     16      1      1   2663
      1      4      8      2      2     10     10      8      0   1276
      1      4      8      2      3      3      2      5      0   3177
      1      4      8      2      4     10      3     10      1   1059
      1      4      8      2      5      5      7      5      1   3294
      1      4      8      2      6      6     12      6      1   1397
      1      4      8      2      7      2      1      2      1   1010
      1      4      8      2      8      8      6      8      1    877
      1      4      8      2      9      1     11      4      0   1394
      1      4      8      2     10      4      5      1      0   2377
      1      4      8      2     11      9      5      9      1    894
      1      4      8      2     12      5     13      5      1   2094
      1      4      8      2     13      7      1      7      1   1410
      1      4      8      2     14      2      3      1      0   1676
      1      4      8      2     15      3     16      3      1   1594
      1      4      8      2     16      6     13      6      1   1061
      1      4      8      2     17      9      4      9      1    960
      1      4      8      2     18      7     15      7      1   1227
      1      4      8      2     19      8      2      8      1   1161
      1      4      8      2     20      4     12      2      0    876
      1      4      9      1      1      8      4      7      0   1212
      1      4      9      1      2      8     10      8      1    922
      1      4      9      1      3     10      8      1      0   1285
      1      4      9      1      4      7     14      7      1   1313
      1      4      9      1      5      4     15      3      0   2207
      1      4      9      1      6     10     13     10      1   1741
      1      4      9      1      7      6      7      6      1   1158
      1      4      9      1      8      5      4      5      1   2355
      1      4      9      1      9      5      6      5      1   2800
      1      4      9      1     10      4     13      4      1    921
      1      4      9      1     11      7     13      8      0   1360
      1      4      9      1     12      2     12      2      1   1182
      1      4      9      1     13      3     11      3      1   1179
      1      4      9      1     14      3      4      8      0   1931
      1      4      9      1     15      1      9      2      0   1281
      1      4      9      1     16      9      3      9      1    892
      1      4      9      1     17      1      3      1      1   1358
      1      4      9      1     18      6      5      6      1   1413
      1      4      9      1     19      9      7      9      1    910
      1      4      9      1     20      2      4      2      1   1017
      1      4      9      2      1      4      1      1      0   3247
      1      4      9      2      2      1      4     10      0   1860
      1      4      9      2      3      8     11      9      0   1210
      1      4      9      2      4      8      1      4      0   1977
      1      4      9      2      5      7      4      7      1   1710
      1      4      9      2      6      9      2      9      1   1011
      1      4      9      2      7      3      5      5      0   3243
      1      4      9      2      8      5      9      7      0   1960
      1      4      9      2      9      6      4      6      1   1559
      1      4      9      2     10      4      6      8      0   1410
      1      4      9      2     11     10     12     10      1   2827
      1      4      9      2     12      2     13      4      0   2827
      1      4      9      2     13      5     15      5      1   1409
      1      4      9      2     14      6      1      6      1   1547
      1      4      9      2     15     10     14     10      1   1609
      1      4      9      2     16      7      6      8      0   1076
      1      4      9      2     17      2     14      2      1   2260
      1      4      9      2     18      3      7      3      1   1627
      1      4      9      2     19      9     11      1      0   1711
      1      4      9      2     20      1      1      4      0   2177
      1      4     10      1      1      2     10      2      1   1111
      1      4     10      1      2      2     12      1      0   3080
      1      4     10      1      3      3     11      3      1    881
      1      4     10      1      4      4      9      4      1   1705
      1      4     10      1      5      5     16      8      0   2610
      1      4     10      1      6      1      9      2      0   1921
      1      4     10      1      7      8      7      8      1   1574
      1      4     10      1      8      8     10      8      1   1132
      1      4     10      1      9      5      6      5      1   3671
      1      4     10      1     10      3      8      3      1   1952
      1      4     10      1     11      7      5      7      1   1119
      1      4     10      1     12      6      5      6      1   1057
      1      4     10      1     13      4     13      4      1   1174
      1      4     10      1     14     10      5     10      1   1483
      1      4     10      1     15      7     13      7      1   1994
      1      4     10      1     16     10      8     10      1   1485
      1      4     10      1     17      1      2      1      1   2569
      1      4     10      1     18      9      3      9      1    905
      1      4     10      1     19      9      1      1      0   2098
      1      4     10      1     20      6      8      6      1    858
      1      4     10      2      1      1     14      1      1   3461
      1      4     10      2      2      1     12     10      0   2526
      1      4     10      2      3      3     13      5      0   1560
      1      4     10      2      4      5     12      5      1   1360
      1      4     10      2      5      2      5      2      1    894
      1      4     10      2      6      3      6      5      0   1661
      1      4     10      2      7      9     10      9      1   1043
      1      4     10      2      8      6      2      6      1   1176
      1      4     10      2      9      4     16      4      1   1660
      1      4     10      2     10      9     13      1      0   1409
      1      4     10      2     11      5      5      8      0   3709
      1      4     10      2     12      4      4      4      1   1893
      1      4     10      2     13      8      3      8      1   1476
      1      4     10      2     14      7      7      7      1   1026
      1      4     10      2     15      8     15      8      1   1027
      1      4     10      2     16     10     15      4      0   2144
      1      4     10      2     17      7      3      8      0    944
      1      4     10      2     18     10     16     10      1   1593
      1      4     10      2     19      2      2      2      1    861
      1      4     10      2     20      6     16      6      1   1159
