     70      8     13
     70      4     13
     70      2     10
     70      8      6
     70      7      2
     70      3     11
     70      7      8
     70      1     11
     70      3      7
     70      5     16
     70      6     16
     70      3     10
     70      5      4
     70      2      3
     70      3      9
     70      8      4
     70      1      9
     70      6     11
     70      4      3
     70      6     15
     70      5      7
     70      4     11
     70      5      8
     70      4     14
     70      6     13
     70      5      5
     70      7      5
     70      8     15
     70      1      6
     70      8     16
     70      4     12
     70      2      2
     70      7     16
     70      1      2
     70      6      7
     70      3      2
     70      4      9
     70      3     12
     70      7     13
     70      2     14
     70      8      3
     70      7     15
     70      6      8
     70      1      5
     70      2      5
     70      5      6
     70      1     14
     70      2      4
