      1      6      1      1      1      9     10      9      1   6535  11054
      1      6      1      1      2      5     11      5      1   2223  14913
      1      6      1      1      3      3      8      3      1    870   6513
      1      6      1      1      4      6      4      9      0   5241   3086
      1      6      1      1      5      3     13      4      0   3816   3481
      1      6      1      1      6     10      6     10      1   7962   3195
      1      6      1      1      7      1      3      1      1   2200   3275
      1      6      1      1      8      5      5      6      0   5202   3167
      1      6      1      1      9      1      7      5      0   1549   2441
      1      6      1      1     10      7      5      2      0   2165   4751
      1      6      1      1     11      5     12      5      1    986   5418
      1      6      1      1     12      4     12      5      0   5310   6592
      1      6      1      1     13      3      3      5      0   1772   4270
      1      6      1      1     14      1     12      3      0   1745   1280
      1      6      1      1     15      6      3      5      0   2762   1837
      1      6      1      1     16      3     16      5      0   1399   1114
      1      6      1      1     17     10      6      6      0   2054   2451
      1      6      1      1     18      5     14      8      0   4769   4515
      1      6      1      1     19      4      2      2      0   5262   1115
      1      6      1      1     20      9      8      1      0   4383   1303
      1      6      1      2      1      8      5      8      1   7275     -1
      1      6      1      2      2      6     12      2      0   3438     -1
      1      6      1      2      3      1      9      5      0   1390     -1
      1      6      1      2      4      2      3      6      0   4641     -1
      1      6      1      2      5      5      7      5      1   1440     -1
      1      6      1      2      6     10     14     10      1   1974     -1
      1      6      1      2      7      8     14      3      0   2359     -1
      1      6      1      2      8     10      8      8      0   2509     -1
      1      6      1      2      9      2      4      9      0   4809     -1
      1      6      1      2     10      4      4      5      0   1392     -1
      1      6      1      2     11      9     15      3      0   2491     -1
      1      6      1      2     12      1      8      5      0   1127     -1
      1      6      1      2     13      7      8      1      0   3225     -1
      1      6      1      2     14      4     15      7      0   3574     -1
      1      6      1      2     15      5      3      9      0   1692     -1
      1      6      1      2     16      9     11      6      0   4425     -1
      1      6      1      2     17      3     10     10      0   5008     -1
      1      6      1      2     18      7     11      2      0   3708     -1
      1      6      1      2     19      6      5      1      0   3092     -1
      1      6      1      2     20      3     14      5      0   1741     -1
      1      6      2      1      1      9     10      8      0   6570   6045
      1      6      2      1      2      3      3      5      0   2768   1874
      1      6      2      1      3      2      2      1      0   3107   2218
      1      6      2      1      4      1      7      5      0   1210   4424
      1      6      2      1      5      5     11      5      1   1344   3964
      1      6      2      1      6      1     15      5      0   1655   1844
      1      6      2      1      7      4     12      5      0   1137   6542
      1      6      2      1      8      6      8      1      0   1657   1875
      1      6      2      1      9      6      3      6      1   2011   4083
      1      6      2      1     10      6      1      6      1   1864   2586
      1      6      2      1     11      6      4      6      1   1815   1342
      1      6      2      1     12      6      8      6      1   1302   1717
      1      6      2      1     13      4      5      3      0   2090   8009
      1      6      2      1     14      5     16      4      0    976   1087
      1      6      2      1     15      5     10      4      0   1906    794
      1      6      2      1     16      5      5      5      1   1153   1437
      1      6      2      1     17      8     11      4      0   1509   2625
      1      6      2      1     18      3      8      4      0   1357   2826
      1      6      2      1     19      3      2      3      1   4269   1567
      1      6      2      1     20      3     16      5      0   1168   4155
      1      6      2      2      1      5      1      5      1   2093     -1
      1      6      2      2      2      1      1      5      0   1842     -1
      1      6      2      2      3      2     10      2      1   3294     -1
      1      6      2      2      4     10     13      9      0   3958     -1
      1      6      2      2      5      3      6      5      0   1794     -1
      1      6      2      2      6     10      4      1      0   3258     -1
      1      6      2      2      7      3     12      4      0   4593     -1
      1      6      2      2      8      8     10      4      0   1459     -1
      1      6      2      2      9      6      6      6      1   1210     -1
      1      6      2      2     10      4      3      4      1   3892     -1
      1      6      2      2     11      2     14      3      0   2092     -1
      1      6      2      2     12      9     12      9      1   1608     -1
      1      6      2      2     13      8     13     10      0   1690     -1
      1      6      2      2     14      4     10      2      0   1626     -1
      1      6      2      2     15      9      1      8      0   2325     -1
      1      6      2      2     16      5      6      5      1   1359     -1
      1      6      2      2     17      7      9      6      0   1890     -1
      1      6      2      2     18      6     14      6      1   1358     -1
      1      6      2      2     19      1      2      4      0   3240     -1
      1      6      2      2     20      7     16      8      0   1897     -1
      1      6      3      1      1      6      4      6      1   1910   5681
      1      6      3      1      2      3     16      5      0   1014   1688
      1      6      3      1      3      3      8      3      1   2499   2161
      1      6      3      1      4      3      2      4      0   1632   1260
      1      6      3      1      5      3     13      3      1   1310   2198
      1      6      3      1      6     10      5      2      0   1280   2671
      1      6      3      1      7      8      2     10      0   1313   6982
      1      6      3      1      8      8      4      2      0   2548   2604
      1      6      3      1      9      1      7      3      0   1929   3159
      1      6      3      1     10      6     13      6      1   1342   1922
      1      6      3      1     11      5     12      5      1    976   2118
      1      6      3      1     12      8      6      3      0   2175   1759
      1      6      3      1     13      1      7     10      0   2420   3366
      1      6      3      1     14      5      5      1      0   1636   1351
      1      6      3      1     15      4     12      4      1   2149   2193
      1      6      3      1     16      3     16      3      1   1661   6254
      1      6      3      1     17      2      1      4      0   1400   7254
      1      6      3      1     18     10     11      4      0   1827   1429
      1      6      3      1     19      2      9      4      0   1046   1343
      1      6      3      1     20     10      2      2      0   1500   2094
      1      6      3      2      1      1     11      2      0   2177     -1
      1      6      3      2      2      4      1      9      0   3708     -1
      1      6      3      2      3      9     13      7      0   2825     -1
      1      6      3      2      4      7     12      4      0   9858     -1
      1      6      3      2      5      8     12      3      0   1942     -1
      1      6      3      2      6      6     15      6      1   2075     -1
      1      6      3      2      7      7      6     10      0   8325     -1
      1      6      3      2      8      6      9      6      1   1392     -1
      1      6      3      2      9      5      9      3      0   3508     -1
      1      6      3      2     10     10      3      2      0   2225     -1
      1      6      3      2     11      9      5      9      1   3043     -1
      1      6      3      2     12      8     16      7      0   3709     -1
      1      6      3      2     13      3      7      1      0   2708     -1
      1      6      3      2     14      1      4      4      0   4576     -1
      1      6      3      2     15      3      5      5      0   2225     -1
      1      6      3      2     16      2     15      8      0   2191     -1
      1      6      3      2     17      5      4      5      1   1142     -1
      1      6      3      2     18      4     13      7      0   4342     -1
      1      6      3      2     19      2     16      2      1   1525     -1
      1      6      3      2     20     10      7     10      1   3543     -1
      1      6      4      1      1      9     10      9      1    912  13160
      1      6      4      1      2      1     12      9      0   1277   1233
      1      6      4      1      3      7      2      5      0   1582   3866
      1      6      4      1      4      3     13      5      0   1265   1276
      1      6      4      1      5      4     16      2      0   1763    837
      1      6      4      1      6      3      8      3      1    852   1978
      1      6      4      1      7      8      4      3      0   2452   4471
      1      6      4      1      8      2      6      2      1   1476   2757
      1      6      4      1      9      5     14     10      0   2705   2792
      1      6      4      1     10      7     10     10      0   1575  10694
      1      6      4      1     11      1      3      2      0   2579   3180
      1      6      4      1     12      1     14      4      0   2779   3899
      1      6      4      1     13      1     12      9      0   4323   1547
      1      6      4      1     14      4     16      2      0   1988   1567
      1      6      4      1     15      7      2      8      0    992   3382
      1      6      4      1     16      7     15      7      1   1605   1451
      1      6      4      1     17      8      4      7      0    948   1951
      1      6      4      1     18      7      1      7      1   1582   3456
      1      6      4      1     19      8     15      3      0   1808   2299
      1      6      4      1     20      7      5      8      0   1802   2323
      1      6      4      2      1      3     11      5      0   1361     -1
      1      6      4      2      2      4      6      1      0   3826     -1
      1      6      4      2      3      8      1      9      0   3892     -1
      1      6      4      2      4      1      6      5      0   2625     -1
      1      6      4      2      5      5     15      5      1   1343     -1
      1      6      4      2      6      2      5      2      1   1757     -1
      1      6      4      2      7      4      9      8      0   3441     -1
      1      6      4      2      8      9      2      9      1   2357     -1
      1      6      4      2      9      8      3      7      0   4474     -1
      1      6      4      2     10      7     13      7      1   2294     -1
      1      6      4      2     11      1     13      2      0   1524     -1
      1      6      4      2     12      6     11      6      1   1508     -1
      1      6      4      2     13      5     13      8      0   5708     -1
      1      6      4      2     14     10      9      8      0   1542     -1
      1      6      4      2     15      2     11      4      0   2992     -1
      1      6      4      2     16     10      1     10      1   3158     -1
      1      6      4      2     17      3     15      5      0   2558     -1
      1      6      4      2     18      6      2      6      1   3641     -1
      1      6      4      2     19      7      7      7      1   2810     -1
      1      6      4      2     20      9      9      9      1   1742     -1
      1      6      5      1      1      2      7      3      0    924   1211
      1      6      5      1      2      4     16      3      0    539    777
      1      6      5      1      3      3     13      4      0   1911  17011
      1      6      5      1      4      1     12      9      0   2234   1190
      1      6      5      1      5      4     16      7      0   2355    190
      1      6      5      1      6      6      8      6      1    911   1182
      1      6      5      1      7      6     16      6      1   1350   1504
      1      6      5      1      8      9     14      9      1   1498   1180
      1      6      5      1      9      7      3      7      1   1951   3991
      1      6      5      1     10      3      9      3      1   6644   1100
      1      6      5      1     11     10      6      2      0   2117   2340
      1      6      5      1     12      2      9     10      0   1220   1600
      1      6      5      1     13      4     14     10      0   1614   1835
      1      6      5      1     14      1      7      4      0    986   9311
      1      6      5      1     15      3      3      5      0   1279   2508
      1      6      5      1     16      4      8      1      0   3063   3175
      1      6      5      1     17      7     10      7      1   1325   1281
      1      6      5      1     18      7      1      7      1   1397   2047
      1      6      5      1     19      1      3      2      0    846   4371
      1      6      5      1     20      2      1      2      1   1307   1399
      1      6      5      2      1      7     14      8      0   3078     -1
      1      6      5      2      2      6     10      6      1   1560     -1
      1      6      5      2      3      2     13      1      0   2858     -1
      1      6      5      2      4      5      2      5      1   1491     -1
      1      6      5      2      5      1     16      3      0   3575     -1
      1      6      5      2      6      8      7     10      0   2292     -1
      1      6      5      2      7      4     11      1      0   4575     -1
      1      6      5      2      8     10     12     10      1   2425     -1
      1      6      5      2      9      3      4      5      0   1942     -1
      1      6      5      2     10      6      7      6      1   1359     -1
      1      6      5      2     11      3      1      3      1   2074     -1
      1      6      5      2     12      4      7      4      1   1392     -1
      1      6      5      2     13      2      8      1      0   2391     -1
      1      6      5      2     14      9      3      8      0   5258     -1
      1      6      5      2     15      5      8      5      1   2841     -1
      1      6      5      2     16     10     10      3      0   2525     -1
      1      6      5      2     17      8      8      8      1   3291     -1
      1      6      5      2     18      1     10     10      0   3609     -1
      1      6      5      2     19      7      4      7      1   4276     -1
      1      6      5      2     20      9      7      9      1   2009     -1
      1      6      6      1      1      7      3      7      1   2035   4303
      1      6      6      1      2      1      3      3      0    808    922
      1      6      6      1      3      4     16      2      0   1122    776
      1      6      6      1      4      6     16      6      1   1072   1237
      1      6      6      1      5      6      1      6      1   1126   1447
      1      6      6      1      6      6     13      6      1   1084   1749
      1      6      6      1      7      6      4      6      1   2080   1393
      1      6      6      1      8      2      2      5      0   1070   2436
      1      6      6      1      9      2      9      2      1   2959   1035
      1      6      6      1     10     10      6      2      0    854   1091
      1      6      6      1     11      2      1      2      1   1031   1179
      1      6      6      1     12      4     12      1      0   1963    968
      1      6      6      1     13     10      5      2      0   1414   1982
      1      6      6      1     14      2      7      2      1    822    910
      1      6      6      1     15      2     12      2      1    958   1431
      1      6      6      1     16      4     16      1      0   1246   1117
      1      6      6      1     17      9      6      9      1   1225   1299
      1      6      6      1     18      8      2      7      0   1275   1693
      1      6      6      1     19      9      6      9      1   2147    835
      1      6      6      1     20      4      2      2      0   1419    930
      1      6      6      2      1      1      2      2      0   3644     -1
      1      6      6      2      2      9     12      3      0   1408     -1
      1      6      6      2      3      3     11      4      0   1760     -1
      1      6      6      2      4      1     13      2      0   1259     -1
      1      6      6      2      5      3      6      5      0   1508     -1
      1      6      6      2      6     10      1      2      0   2777     -1
      1      6      6      2      7      8      3      8      1   3041     -1
      1      6      6      2      8      4      9      1      0   4607     -1
      1      6      6      2      9      7     13      7      1   1492     -1
      1      6      6      2     10      2     11      2      1   1675     -1
      1      6      6      2     11      9      9      9      1   1460     -1
      1      6      6      2     12      6      2      6      1   1174     -1
      1      6      6      2     13      2     10      1      0   5309     -1
      1      6      6      2     14      7     16      7      1   1362     -1
      1      6      6      2     15      4      3      4      1   3358     -1
      1      6      6      2     16      5     15      4      0   7490     -1
      1      6      6      2     17      8     13     10      0   2241     -1
      1      6      6      2     18     10     13     10      1   2624     -1
      1      6      6      2     19      5      6      5      1   1542     -1
      1      6      6      2     20      6      6      6      1   1259     -1
      1      6      7      1      1      7      1      7      1   1272   1702
      1      6      7      1      2      1      3      2      0   1778   1542
      1      6      7      1      3      8      9     10      0   2271   3384
      1      6      7      1      4      5      5      7      0   2919   1599
      1      6      7      1      5      4      2      4      1   1821   2397
      1      6      7      1      6      2      6      1      0   3056   1349
      1      6      7      1      7      5     12      5      1   1271   1826
      1      6      7      1      8      8     11      2      0   2759   8133
      1      6      7      1      9      8     15      8      1   3701   2976
      1      6      7      1     10      5     16      8      0   1715   1556
      1      6      7      1     11      5     10      8      0   1170    878
      1      6      7      1     12      8      4      8      1   1478   2394
      1      6      7      1     13      9     16      9      1   1220   5596
      1      6      7      1     14      4     14      2      0   2603   2239
      1      6      7      1     15      9      8      9      1   1196   2082
      1      6      7      1     16      1      7      4      0   1609   3739
      1      6      7      1     17      1     15      4      0   1845  10577
      1      6      7      1     18      3      3      4      0   1144   1904
      1      6      7      1     19      1     14      4      0   1193   1315
      1      6      7      1     20      8      9      7      0   2677   2069
      1      6      7      2      1      2      5      2      1   5977     -1
      1      6      7      2      2      5     13      7      0   2475     -1
      1      6      7      2      3      6     11      6      1    992     -1
      1      6      7      2      4      6      5      6      1   1591     -1
      1      6      7      2      5      7      7      7      1   2474     -1
      1      6      7      2      6      9      2      9      1   1258     -1
      1      6      7      2      7      5      7      5      1   1258     -1
      1      6      7      2      8     10      9      1      0   5942     -1
      1      6      7      2      9      1      6      1      1   2242     -1
      1      6      7      2     10      7      8      7      1   2208     -1
      1      6      7      2     11      9     15      2      0   2008     -1
      1      6      7      2     12      8     14      2      0   1692     -1
      1      6      7      2     13      3     10      5      0   2208     -1
      1      6      7      2     14      3     15      5      0   1991     -1
      1      6      7      2     15      4      6      3      0   1780     -1
      1      6      7      2     16      8      1      1      0   3125     -1
      1      6      7      2     17      1      9      2      0   1942     -1
      1      6      7      2     18      4     15      3      0   4458     -1
      1      6      7      2     19     10     14      2      0   2676     -1
      1      6      7      2     20      2      4      2      1   2044     -1
      1      6      8      1      1      8      9      8      1    961   7667
      1      6      8      1      2      8      4      8      1   1458   1678
      1      6      8      1      3      3      9      8      0   1109   3398
      1      6      8      1      4      8      2     10      0   2865    932
      1      6      8      1      5      8     15      8      1    908   1282
      1      6      8      1      6      7      1      7      1   1513   1426
      1      6      8      1      7      5      5      5      1   1521   1007
      1      6      8      1      8      7      2      7      1   1237   1074
      1      6      8      1      9      7     15      7      1   1477   1723
      1      6      8      1     10      3      9      4      0   1046   2391
      1      6      8      1     11      3      8      3      1   1134    981
      1      6      8      1     12      3      2      8      0   2148    917
      1      6      8      1     13      9     14      9      1    848   1799
      1      6      8      1     14      4     12      4      1   1271   2269
      1      6      8      1     15      1     15      4      0   2367   2323
      1      6      8      1     16      4     16      3      0   1241    646
      1      6      8      1     17      5      5      5      1   2861   1165
      1      6      8      1     18      2      9      2      1   1840   3135
      1      6      8      1     19      6     16      6      1    914   2015
      1      6      8      1     20      2      6      2      1   1185   2911
      1      6      8      2      1     10      8      2      0   1628     -1
      1      6      8      2      2     10      7      1      0   2775     -1
      1      6      8      2      3      5      3      8      0   3542     -1
      1      6      8      2      4      1      8      4      0   2376     -1
      1      6      8      2      5      9      5      9      1   1174     -1
      1      6      8      2      6      3     14      4      0   9209     -1
      1      6      8      2      7      2      3      2      1   2509     -1
      1      6      8      2      8      7     11      6      0   1308     -1
      1      6      8      2      9      4     13     10      0   1976     -1
      1      6      8      2     10      1      4      4      0   4094     -1
      1      6      8      2     11      7      6      7      1   1742     -1
      1      6      8      2     12      8      5      3      0   2375     -1
      1      6      8      2     13      9     11      9      1   2675     -1
      1      6      8      2     14      5      9      8      0   1742     -1
      1      6      8      2     15      4      4      8      0   1608     -1
      1      6      8      2     16      2     15      2      1   1444     -1
      1      6      8      2     17      8     12      8      1   2092     -1
      1      6      8      2     18      6      9      6      1   1475     -1
      1      6      8      2     19      6     12      6      1   1608     -1
      1      6      8      2     20      3      7      4      0   3792     -1
      1      6      9      1      1      4     16      3      0    645   3828
      1      6      9      1      2      6      4      6      1    945  11228
      1      6      9      1      3      1      7      4      0   1068   1651
      1      6      9      1      4      4      8      4      1   1852   1388
      1      6      9      1      5      5     16      4      0    884   2126
      1      6      9      1      6      3      8      4      0    825   1333
      1      6      9      1      7      3      2      3      1   1418   2076
      1      6      9      1      8      5     14      3      0   1694   2149
      1      6      9      1      9      5     12      5      1   1582   2456
      1      6      9      1     10      9      6      9      1   1061   1804
      1      6      9      1     11      5     16      8      0   3477   2183
      1      6      9      1     12      1     12      9      0   1809   1232
      1      6      9      1     13      6      8      6      1    869   1078
      1      6      9      1     14     10     11      2      0   1524   3445
      1      6      9      1     15      2      7      1      0   5551    946
      1      6      9      1     16     10      6      2      0   1984   1373
      1      6      9      1     17      2      9     10      0   1805   2548
      1      6      9      1     18      4     12      4      1   1523   2315
      1      6      9      1     19      8     15      8      1   1490   1645
      1      6      9      1     20      1      5      3      0   2082   1326
      1      6      9      2      1      7     14     10      0   4328     -1
      1      6      9      2      2      9     13      1      0   6992     -1
      1      6      9      2      3      1     16      5      0   5825     -1
      1      6      9      2      4      8     16      8      1   3008     -1
      1      6      9      2      5     10      3      2      0   2692     -1
      1      6      9      2      6      4     11      4      1   3892     -1
      1      6      9      2      7      3      5      4      0   2425     -1
      1      6      9      2      8      2     13      1      0   1892     -1
      1      6      9      2      9      5      2      5      1   2158     -1
      1      6      9      2     10      7     12      7      1   1659     -1
      1      6      9      2     11      5      4      3      0   2009     -1
      1      6      9      2     12     10     12      3      0   1724     -1
      1      6      9      2     13      6      7      6      1   1226     -1
      1      6      9      2     14      2     16      2      1   1675     -1
      1      6      9      2     15      8      7      8      1   2257     -1
      1      6      9      2     16      4      1      4      1   1792     -1
      1      6      9      2     17      9      7      9      1   2141     -1
      1      6      9      2     18      1     11      1      1   3125     -1
      1      6      9      2     19      6     15      6      1   1241     -1
      1      6      9      2     20      3      1     10      0   2379     -1
      1      6     10      1      1      9     16      9      1   1732   5747
      1      6     10      1      2      4      2      6      0   1457   1071
      1      6     10      1      3      6      3      6      1   1075    776
      1      6     10      1      4      3     16      4      0   5098   2228
      1      6     10      1      5     10      6      1      0   1462   1460
      1      6     10      1      6      5     14      5      1   1726   1004
      1      6     10      1      7      4      2      2      0    812   1229
      1      6     10      1      8      9      8      9      1    945    950
      1      6     10      1      9      5     12      5      1   1027   1723
      1      6     10      1     10      7     15      7      1   1296   3242
      1      6     10      1     11      6     13      6      1   1009   2247
      1      6     10      1     12      2      6      2      1   1217    997
      1      6     10      1     13      4     14      4      1   2450   1174
      1      6     10      1     14      9     16      9      1    840    959
      1      6     10      1     15      2      9      2      1   1159    628
      1      6     10      1     16      3      8      8      0   1681   1130
      1      6     10      1     17      8      2      8      1   1371    961
      1      6     10      1     18      9      6      9      1    846    952
      1      6     10      1     19      3      9      3      1   2164    951
      1      6     10      1     20      7      2      7      1    875   1104
      1      6     10      2      1     10      4      2      0   1444     -1
      1      6     10      2      2      3      4      5      0   2107     -1
      1      6     10      2      3      7      9      7      1   3442     -1
      1      6     10      2      4      1      1      1      1   5025     -1
      1      6     10      2      5      8     10      8      1   1858     -1
      1      6     10      2      6      7      4     10      0   3674     -1
      1      6     10      2      7      1     10      4      0   2776     -1
      1      6     10      2      8      6     14      6      1   1290     -1
      1      6     10      2      9      2     14      1      0   3392     -1
      1      6     10      2     10      2      8      2      1   1790     -1
      1      6     10      2     11      8      8      3      0   4926     -1
      1      6     10      2     12      5      1      8      0   1326     -1
      1      6     10      2     13     10     10      4      0   2058     -1
      1      6     10      2     14      9      1      1      0   3624     -1
      1      6     10      2     15      9      3      9      1   3591     -1
      1      6     10      2     16      4      7      8      0   2977     -1
      1      6     10      2     17      3     12      4      0   2625     -1
      1      6     10      2     18      5      8      5      1   1492     -1
      1      6     10      2     19      4     10      3      0   2475     -1
      1      6     10      2     20      6     10      6      1   1375     -1
