      1     30      1      1      1     10      4      2      0   4171   2091
      1     30      1      1      2      3      2      4      0   5148   5568
      1     30      1      1      3     10      4     10      1   1925   1524
      1     30      1      1      4      6      2      6      1   5229   1427
      1     30      1      1      5      5      3      9      0   3008   1468
      1     30      1      1      6      7      3      7      1   2674   2446
      1     30      1      1      7      9     11      1      0   1409   1806
      1     30      1      1      8     10     11      5      0   2216   1653
      1     30      1      1      9      7     15      7      1   2849   1374
      1     30      1      1     10      3     13      2      0   2429   2149
      1     30      1      1     11      2      2      6      0   1945   2050
      1     30      1      1     12     10     16      9      0   3381   1015
      1     30      1      1     13     10      4     10      1   1028    822
      1     30      1      1     14      7      8      6      0   2518    894
      1     30      1      1     15      6      3      6      1   1552   1799
      1     30      1      1     16      6     15      7      0   1122   3598
      1     30      1      1     17      5      2      5      1   2512   1149
      1     30      1      1     18      1      9      9      0   2006   2761
      1     30      1      1     19      6      2      6      1   1815   1687
      1     30      1      1     20      6      6      7      0   2000   3848
      1     30      1      2      1     10     15     10      1   4712     -1
      1     30      1      2      2      6     11      6      1   1274     -1
      1     30      1      2      3      5     12      5      1   1725     -1
      1     30      1      2      4      9     14      1      0   6479     -1
      1     30      1      2      5      4     13      2      0   1524     -1
      1     30      1      2      6      6     10      6      1   2061     -1
      1     30      1      2      7      8     12      8      1   2960     -1
      1     30      1      2      8      2     10     10      0   3442     -1
      1     30      1      2      9      7      9      7      1   2692     -1
      1     30      1      2     10      5     15      5      1   2658     -1
      1     30      1      2     11      3      9      9      0   1712     -1
      1     30      1      2     12      1      2      4      0   1492     -1
      1     30      1      2     13      9     16      2      0   3191     -1
      1     30      1      2     14      8     11      3      0   4677     -1
      1     30      1      2     15      4      8      2      0   3942     -1
      1     30      1      2     16      3     10      9      0   3792     -1
      1     30      1      2     17     10      5      7      0   2125     -1
      1     30      1      2     18      1     15     10      0   2658     -1
      1     30      1      2     19      7     13      3      0   2096     -1
      1     30      1      2     20      2      3      4      0   1459     -1
      1     30      2      1      1     10      4     10      1   1987   2085
      1     30      2      1      2      8     13      4      0   1111   1131
      1     30      2      1      3      6      2      6      1   1504   1335
      1     30      2      1      4      7     14      1      0   1203   1142
      1     30      2      1      5      6     15      3      0    856    894
      1     30      2      1      6      6      3      7      0   1589   1269
      1     30      2      1      7      8     14      9      0   1995    905
      1     30      2      1      8     10     12      2      0   1766   1227
      1     30      2      1      9      8      2      4      0   1445    952
      1     30      2      1     10      2      2      1      0    972    910
      1     30      2      1     11      7      8      2      0    645   1330
      1     30      2      1     12      6      3      6      1   1472    991
      1     30      2      1     13      6      2      6      1   1374   2580
      1     30      2      1     14      6      6      6      1   1277    938
      1     30      2      1     15      7      1      8      0   2284   5024
      1     30      2      1     16      5      7      5      1    946   2541
      1     30      2      1     17      2      1      2      1   1041   1447
      1     30      2      1     18      5      5      4      0   1721   1692
      1     30      2      1     19      8     13      1      0   1799   1670
      1     30      2      1     20      3      2      8      0   2171   2649
      1     30      2      2      1      5      6      5      1   2563     -1
      1     30      2      2      2      6     13      6      1   1743     -1
      1     30      2      2      3      8      6      3      0   3762     -1
      1     30      2      2      4      4     10      8      0   3230     -1
      1     30      2      2      5     10      9      1      0   4042     -1
      1     30      2      2      6      2      6      7      0   3010     -1
      1     30      2      2      7      9     13      9      1   2291     -1
      1     30      2      2      8      9      3      4      0   2259     -1
      1     30      2      2      9      3     16      5      0   2712     -1
      1     30      2      2     10      8      8      7      0   1711     -1
      1     30      2      2     11      5     16      8      0   1225     -1
      1     30      2      2     12      1      5      3      0   1359     -1
      1     30      2      2     13      3      6      7      0   6430     -1
      1     30      2      2     14      4     15      6      0   2176     -1
      1     30      2      2     15     10      6     10      1   2613     -1
      1     30      2      2     16      6     16      6      1   1029     -1
      1     30      2      2     17      7     12      3      0   2609     -1
      1     30      2      2     18      1     14      9      0   1975     -1
      1     30      2      2     19      2     16      2      1   1342     -1
      1     30      2      2     20      7     16     10      0   2244     -1
      1     30      3      1      1     10     12      2      0    841   1343
      1     30      3      1      2      6      2      6      1   1517    602
      1     30      3      1      3      6      2      6      1    980   1197
      1     30      3      1      4     10      4     10      1    842    956
      1     30      3      1      5      6      3      6      1   1307   1514
      1     30      3      1      6      6      2      6      1   2278   1167
      1     30      3      1      7      6      6      6      1    911    970
      1     30      3      1      8      7      3      3      0   2302   1093
      1     30      3      1      9      9     11      9      1   1348   1163
      1     30      3      1     10      9      6      9      1    800    997
      1     30      3      1     11      9      9      9      1   1327   2329
      1     30      3      1     12     10     16      9      0   1092   2005
      1     30      3      1     13      1      1      6      0    727   1119
      1     30      3      1     14      3      2      3      1   1787   1042
      1     30      3      1     15      9     15      9      1   1132   1028
      1     30      3      1     16      9     11      9      1   2377   1134
      1     30      3      1     17     10     12      5      0   1465   1392
      1     30      3      1     18      1      8      1      1   1310    955
      1     30      3      1     19      5      7      5      1   3352   1454
      1     30      3      1     20      7     15      6      0    896   1083
      1     30      3      2      1      5      8      5      1   3596     -1
      1     30      3      2      2     10      3      6      0   2725     -1
      1     30      3      2      3     10      8     10      1   4975     -1
      1     30      3      2      4      5      1      3      0   3376     -1
      1     30      3      2      5      8      1      6      0   2025     -1
      1     30      3      2      6      9      5      9      1   1992     -1
      1     30      3      2      7      4      4      8      0   2059     -1
      1     30      3      2      8      7     10      3      0   2791     -1
      1     30      3      2      9      8      3      2      0   1576     -1
      1     30      3      2     10      3     11      3      1   1775     -1
      1     30      3      2     11      1     11      7      0   1843     -1
      1     30      3      2     12      3      8      3      1   1991     -1
      1     30      3      2     13      6      8      6      1   1680     -1
      1     30      3      2     14      1      7     10      0   4108     -1
      1     30      3      2     15      6      4      6      1   1391     -1
      1     30      3      2     16      2      9     10      0   2641     -1
      1     30      3      2     17      9     10      1      0   1776     -1
      1     30      3      2     18      7      5      6      0   1610     -1
      1     30      3      2     19      2     12     10      0   2442     -1
      1     30      3      2     20      4      7      4      1   2142     -1
      1     30      4      1      1      7     15      3      0   2043   1982
      1     30      4      1      2      6      2      6      1   1283   1718
      1     30      4      1      3      1     13      6      0   1430   2147
      1     30      4      1      4     10     16      5      0   1676    874
      1     30      4      1      5      4      1      4      1   2138   1712
      1     30      4      1      6      5      2      5      1   1632   3012
      1     30      4      1      7     10     12      1      0   1896   1264
      1     30      4      1      8     10      4     10      1    701    782
      1     30      4      1      9      4      1      4      1   2095   1329
      1     30      4      1     10      6      5      6      1   1105   1236
      1     30      4      1     11      1      1      5      0   2328   1510
      1     30      4      1     12      4     11      3      0   1632   1176
      1     30      4      1     13      6      2      6      1   1051   1141
      1     30      4      1     14     10     12      2      0   1154    830
      1     30      4      1     15      1      6      5      0   1520    732
      1     30      4      1     16      2      1      1      0   1066    701
      1     30      4      1     17      7      8      6      0   1161   3082
      1     30      4      1     18     10     16      5      0   2074   1874
      1     30      4      1     19      1      1      1      1   4532   1753
      1     30      4      1     20     10     11      5      0   1468   1291
      1     30      4      2      1      6      7      6      1   2346     -1
      1     30      4      2      2      3      1      1      0   9341     -1
      1     30      4      2      3      8      9      4      0   2709     -1
      1     30      4      2      4      6      9      6      1   2392     -1
      1     30      4      2      5      2     15      4      0   1908     -1
      1     30      4      2      6      7      7      3      0   1558     -1
      1     30      4      2      7      5      4      5      1   1243     -1
      1     30      4      2      8      9      7      9      1   2075     -1
      1     30      4      2      9      2      8      7      0   2207     -1
      1     30      4      2     10      1      4      2      0   4512     -1
      1     30      4      2     11      8     15      3      0   1076     -1
      1     30      4      2     12      1     12      5      0   2893     -1
      1     30      4      2     13      9     12      9      1   2346     -1
      1     30      4      2     14     10      1      3      0   3629     -1
      1     30      4      2     15      3      7      6      0   1979     -1
      1     30      4      2     16      7      2      3      0   1946     -1
      1     30      4      2     17      5     10      4      0   1759     -1
      1     30      4      2     18      4      5      8      0   2661     -1
      1     30      4      2     19     10     10      4      0   1507     -1
      1     30      4      2     20      4      3      1      0   2726     -1
      1     30      5      1      1      9     11      9      1   1516   1510
      1     30      5      1      2      8     13      3      0   1367   1046
      1     30      5      1      3      7     15      6      0   1984    931
      1     30      5      1      4      3      4      4      0   1362    789
      1     30      5      1      5      8     14      6      0   1584   1341
      1     30      5      1      6      3     13      5      0   1566   1288
      1     30      5      1      7      6      2      6      1   1156  24329
      1     30      5      1      8     10      4     10      1    877    922
      1     30      5      1      9      1      6      5      0    854    861
      1     30      5      1     10      4      1      4      1   1504    961
      1     30      5      1     11      4      1      4      1   1014   1573
      1     30      5      1     12      7     15      3      0   1167    867
      1     30      5      1     13      6      2      6      1   1008   1432
      1     30      5      1     14      8      2      3      0   1091    923
      1     30      5      1     15     10     12      4      0    844   1200
      1     30      5      1     16      6      6      6      1   1337   2188
      1     30      5      1     17      6      5      6      1   1055   1861
      1     30      5      1     18      1      1      5      0   2236   1141
      1     30      5      1     19      1      1      1      1   1853   1023
      1     30      5      1     20     10     11      9      0   1327   1151
      1     30      5      2      1     10     14     10      1   5778     -1
      1     30      5      2      2      6     14      6      1   1779     -1
      1     30      5      2      3     10      2      4      0   1925     -1
      1     30      5      2      4      2     14     10      0   4959     -1
      1     30      5      2      5      3      3      5      0   1560     -1
      1     30      5      2      6      6     12      6      1   1073     -1
      1     30      5      2      7      5     11      5      1   1711     -1
      1     30      5      2      8      7      6      1      0   1960     -1
      1     30      5      2      9      4      2      8      0   3326     -1
      1     30      5      2     10      8     16      7      0   1642     -1
      1     30      5      2     11      9      8      9      1   2409     -1
      1     30      5      2     12      5     14      5      1   1592     -1
      1     30      5      2     13      7     11      3      0   1692     -1
      1     30      5      2     14      1      3      4      0   1277     -1
      1     30      5      2     15      8      7      8      1   1913     -1
      1     30      5      2     16      2      5      5      0   3708     -1
      1     30      5      2     17      1     10      9      0   1710     -1
      1     30      5      2     18      4      6      2      0   2609     -1
      1     30      5      2     19      3     14      1      0   2813     -1
      1     30      5      2     20      9      2      4      0   4012     -1
      1     30      6      1      1      8      2      3      0    771    951
      1     30      6      1      2      6      2      6      1    949   1061
      1     30      6      1      3      3      2      6      0   2829    819
      1     30      6      1      4      8     13      8      1   1634   1210
      1     30      6      1      5      7     15      6      0   1078    806
      1     30      6      1      6      1      9      4      0   1227    904
      1     30      6      1      7      9     11      9      1    888   1665
      1     30      6      1      8      6      1      6      1   1176    872
      1     30      6      1      9     10     12      4      0    965    900
      1     30      6      1     10      2      7      4      0   2361   1183
      1     30      6      1     11      4     11      4      1   1806   1008
      1     30      6      1     12      9      6      9      1    949    950
      1     30      6      1     13      9      1      9      1   1039   2712
      1     30      6      1     14      8     13      8      1    978    774
      1     30      6      1     15      1      1      1      1   2526    707
      1     30      6      1     16     10      7      5      0   2312   1376
      1     30      6      1     17      3      5      5      0    963   1459
      1     30      6      1     18      1     13      1      1   3445   1625
      1     30      6      1     19      9      6      9      1    740    890
      1     30      6      1     20     10     16      5      0   1267   1472
      1     30      6      2      1      6     14      6      1   1644     -1
      1     30      6      2      2      4      5      3      0   4146     -1
      1     30      6      2      3      6      9      6      1   1396     -1
      1     30      6      2      4      3     14      1      0   2159     -1
      1     30      6      2      5      2      5      4      0   3392     -1
      1     30      6      2      6      1     10      9      0   2112     -1
      1     30      6      2      7      3      7      1      0   1009     -1
      1     30      6      2      8     10     10      2      0   1342     -1
      1     30      6      2      9      8      7      3      0   1346     -1
      1     30      6      2     10      5     14      5      1   1276     -1
      1     30      6      2     11      7     11      8      0   2242     -1
      1     30      6      2     12      7      7      7      1   1244     -1
      1     30      6      2     13      1      4      4      0   1679     -1
      1     30      6      2     14      2     15      1      0   3525     -1
      1     30      6      2     15      4      6      2      0   2462     -1
      1     30      6      2     16      5     10      3      0   1709     -1
      1     30      6      2     17     10     14      5      0   2608     -1
      1     30      6      2     18      9      8      9      1   1729     -1
      1     30      6      2     19      9      7      9      1   1996     -1
      1     30      6      2     20      8      9      4      0   2029     -1
      1     30      7      1      1      6      2      6      1   1087   2109
      1     30      7      1      2     10      4     10      1   1662    917
      1     30      7      1      3      6      6      6      1    889   1287
      1     30      7      1      4      2      4      4      0   3416   1293
      1     30      7      1      5      9      6      9      1    704    895
      1     30      7      1      6      4     12      4      1   1445   1804
      1     30      7      1      7      4     16      6      0   1852   1224
      1     30      7      1      8      2      1      4      0   1069    931
      1     30      7      1      9      5      3      5      1   4102    913
      1     30      7      1     10      3      4      4      0   1529    902
      1     30      7      1     11      6      2      6      1   1499   1523
      1     30      7      1     12      6      3      6      1   1002   1158
      1     30      7      1     13      2      2      1      0   1766   2750
      1     30      7      1     14      7     15      3      0   1740    631
      1     30      7      1     15      7     15      8      0    876   1086
      1     30      7      1     16      8      5      3      0   1399   1325
      1     30      7      1     17      1      9      4      0    965    965
      1     30      7      1     18      6      1      3      0   2079   1574
      1     30      7      1     19      3      2      3      1   1142    856
      1     30      7      1     20      8     13      3      0    498   1048
      1     30      7      2      1      5     11      5      1   2161     -1
      1     30      7      2      2      1      3      4      0   1725     -1
      1     30      7      2      3     10      1      4      0   1425     -1
      1     30      7      2      4      6     12      6      1    943     -1
      1     30      7      2      5      9      2      9      1   1242     -1
      1     30      7      2      6      4      2      2      0   3343     -1
      1     30      7      2      7      2      8      2      1   2125     -1
      1     30      7      2      8      7      2      7      1   3009     -1
      1     30      7      2      9      8     15      7      0   3077     -1
      1     30      7      2     10      4      3      5      0   2012     -1
      1     30      7      2     11      9     12      9      1   1073     -1
      1     30      7      2     12      5      4      5      1   2142     -1
      1     30      7      2     13     10      2      1      0   2259     -1
      1     30      7      2     14      2     14      2      1   3524     -1
      1     30      7      2     15      7      6      7      1   2678     -1
      1     30      7      2     16      8     16      8      1   3377     -1
      1     30      7      2     17      6      7      6      1   1430     -1
      1     30      7      2     18      3      3      4      0   4042     -1
      1     30      7      2     19      3      1      4      0   1592     -1
      1     30      7      2     20      1     12     10      0   2878     -1
      1     30      8      1      1     10      4     10      1    852   2191
      1     30      8      1      2      6      5      6      1    904   1305
      1     30      8      1      3     10     16      4      0   1075   1037
      1     30      8      1      4      7      3      3      0   3195   1212
      1     30      8      1      5      1      9      4      0    890    940
      1     30      8      1      6      8     13      7      0    903    945
      1     30      8      1      7      8     13      8      1    836   1061
      1     30      8      1      8      3      2      8      0   1244    479
      1     30      8      1      9      9      1      4      0   1263   1033
      1     30      8      1     10      5      9      7      0   1948    831
      1     30      8      1     11     10     12      4      0    917    457
      1     30      8      1     12      4      9      4      1   1748   2392
      1     30      8      1     13     10     13      2      0   1626   1184
      1     30      8      1     14      9      6      9      1    739    925
      1     30      8      1     15      1      1      4      0   1785    521
      1     30      8      1     16      4     11      2      0   2401    555
      1     30      8      1     17      4     11      4      1    915   1179
      1     30      8      1     18     10      4     10      1   1121   1157
      1     30      8      1     19      6      5      6      1    898    639
      1     30      8      1     20      2      1      4      0    979   1296
      1     30      8      2      1      1      5     10      0   3929     -1
      1     30      8      2      2      5      8      5      1   1709     -1
      1     30      8      2      3      8      1      2      0   1309     -1
      1     30      8      2      4      8      8      7      0   3159     -1
      1     30      8      2      5     10      3      6      0   1529     -1
      1     30      8      2      6      3     16      4      0   1562     -1
      1     30      8      2      7      2      9      1      0   2409     -1
      1     30      8      2      8      5      6      5      1   2095     -1
      1     30      8      2      9      2      6      1      0   4408     -1
      1     30      8      2     10     10      9     10      1   1409     -1
      1     30      8      2     11      7     10      8      0   2976     -1
      1     30      8      2     12      3      8      3      1   2609     -1
      1     30      8      2     13      4      4      7      0   3575     -1
      1     30      8      2     14      1      7      4      0   1510     -1
      1     30      8      2     15      7     12      8      0   2979     -1
      1     30      8      2     16      9      5      9      1   1358     -1
      1     30      8      2     17      6      4      6      1   1180     -1
      1     30      8      2     18      4     10      1      0   3025     -1
      1     30      8      2     19      6     13      6      1   1158     -1
      1     30      8      2     20      9      3      9      1   1475     -1
      1     30      9      1      1     10      4     10      1   1376   1910
      1     30      9      1      2      1     13      1      1   2570   1040
      1     30      9      1      3      5      3     10      0    929   1607
      1     30      9      1      4      5      5     10      0   1323    647
      1     30      9      1      5     10     16      9      0   1409    711
      1     30      9      1      6      4     14      2      0   2501    800
      1     30      9      1      7      3      2      3      1    775    810
      1     30      9      1      8      7     15      7      1   1058   1151
      1     30      9      1      9      1      9      4      0   1160    758
      1     30      9      1     10      6      2      6      1   1169    847
      1     30      9      1     11      9      1      9      1   1594   1084
      1     30      9      1     12      1      9      4      0   1884    767
      1     30      9      1     13      8      2      8      1   1387    683
      1     30      9      1     14     10      4     10      1   1053    878
      1     30      9      1     15      9      4      9      1    811    807
      1     30      9      1     16      7      1      7      1   1106    844
      1     30      9      1     17      9      6      9      1    690   1284
      1     30      9      1     18      8      5      2      0    910    984
      1     30      9      1     19      7     15      8      0   1018   1045
      1     30      9      1     20      4     11      4      1    910   1184
      1     30      9      2      1      5     15      5      1   3812     -1
      1     30      9      2      2      8      6      7      0   1825     -1
      1     30      9      2      3      8     11     10      0   4509     -1
      1     30      9      2      4      4     13      1      0   2008     -1
      1     30      9      2      5      6     16      6      1   1123     -1
      1     30      9      2      6      7     16      4      0   2812     -1
      1     30      9      2      7      4     15      1      0   1910     -1
      1     30      9      2      8     10     15      2      0   1112     -1
      1     30      9      2      9      7      9      3      0   3961     -1
      1     30      9      2     10      2     16      7      0   2062     -1
      1     30      9      2     11      1     15      5      0   1945     -1
      1     30      9      2     12      6     11      6      1   1075     -1
      1     30      9      2     13      2      3      2      1   4859     -1
      1     30      9      2     14      3     10      4      0   2926     -1
      1     30      9      2     15      5     16      4      0   3592     -1
      1     30      9      2     16     10      6      1      0   2608     -1
      1     30      9      2     17      9     13      9      1   1159     -1
      1     30      9      2     18      9     14      9      1   1459     -1
      1     30      9      2     19      1     14      4      0   2430     -1
      1     30      9      2     20      3      6      5      0   1358     -1
      1     30     10      1      1      1      1      3      0   1548   2358
      1     30     10      1      2      6      3      6      1    881   1294
      1     30     10      1      3      6      2      6      1    858   1612
      1     30     10      1      4      6      6      6      1   2158    743
      1     30     10      1      5      6      1      6      1   1015    721
      1     30     10      1      6      2      1      4      0   1615   1848
      1     30     10      1      7      9      6      9      1    713    770
      1     30     10      1      8      9     11      4      0   1373   1302
      1     30     10      1      9      9      9      9      1   1134   1570
      1     30     10      1     10      6      2      6      1    880   2867
      1     30     10      1     11      6      6      6      1   2102   1618
      1     30     10      1     12      8     10      4      0   1729    655
      1     30     10      1     13     10      4     10      1    718    881
      1     30     10      1     14     10     12      5      0    953    895
      1     30     10      1     15      3      2      3      1    742    874
      1     30     10      1     16     10     12     10      1   3622    680
      1     30     10      1     17      8     13      7      0   1002    962
      1     30     10      1     18      9      1      9      1   1743   1249
      1     30     10      1     19      6      5      6      1    912    936
      1     30     10      1     20      8      2      8      1   1310   1004
      1     30     10      2      1      3      9      5      0   2346     -1
      1     30     10      2      2      4      8      2      0   3308     -1
      1     30     10      2      3     10      8     10      1    991     -1
      1     30     10      2      4      2     10      6      0   1276     -1
      1     30     10      2      5      8      3      3      0   2126     -1
      1     30     10      2      6      2     12      4      0   1459     -1
      1     30     10      2      7      9     16      9      1   1125     -1
      1     30     10      2      8      5      1      3      0   1908     -1
      1     30     10      2      9      9     10      1      0   2342     -1
      1     30     10      2     10      7      5      6      0   1358     -1
      1     30     10      2     11      7     13      2      0   1791     -1
      1     30     10      2     12      8     12      3      0   1026     -1
      1     30     10      2     13      5     12      5      1   5009     -1
      1     30     10      2     14      4      7      4      1   2576     -1
      1     30     10      2     15      3     11      1      0   2196     -1
      1     30     10      2     16      6      8      6      1   1225     -1
      1     30     10      2     17      1     11      4      0   2226     -1
      1     30     10      2     18      6     10      6      1    959     -1
      1     30     10      2     19     10      5     10      1   3127     -1
      1     30     10      2     20      1      2      2      0   1958     -1
