     67      5      2
     67      1      5
     67      5      5
     67      2     16
     67      2      9
     67      3      8
     67      6     12
     67      7      4
     67      7     12
     67      2      4
     67      8      2
     67      6     10
     67      4      5
     67      3     10
     67      4     11
     67      8      5
     67      5      8
     67      8      6
     67      7      5
     67      8     13
     67      2      5
     67      3     11
     67      4     14
     67      1      3
     67      1      4
     67      6      7
     67      6     13
     67      4     13
     67      8     10
     67      2      2
     67      8     15
     67      5      6
     67      1     10
     67      3      2
     67      3     12
     67      1     16
     67      6      6
     67      5     16
     67      7     15
     67      1     14
     67      4     12
     67      3     13
     67      6     11
     67      5      4
     67      7      2
     67      7      8
     67      2     13
     67      4     10
