      1     32      1      1      1      3     14      2      0   1639
      1     32      1      1      2      4      2      3      0   2015
      1     32      1      1      3      8      7      9      0   1516
      1     32      1      1      4      8      5      5      0   1926
      1     32      1      1      5     10     11      1      0   3667
      1     32      1      1      6      7     11      9      0   2260
      1     32      1      1      7      5     14      3      0   1418
      1     32      1      1      8      3     10      2      0   1544
      1     32      1      1      9      5     12      3      0   1153
      1     32      1      1     10      9     16     10      0   2357
      1     32      1      1     11     10      6      7      0   2376
      1     32      1      1     12      1      8      2      0   1386
      1     32      1      1     13      6     10      1      0   1938
      1     32      1      1     14      1     16      3      0   2683
      1     32      1      1     15      6     16      6      1   2618
      1     32      1      1     16      9      1      2      0   1792
      1     32      1      1     17      7      7      4      0   1672
      1     32      1      1     18      2      7      3      0    977
      1     32      1      1     19      2      9      2      1   1176
      1     32      1      1     20      4     12      9      0   1414
      1     32      1      2      1      9     11      4      0   1790
      1     32      1      2      2      9      4      3      0   1209
      1     32      1      2      3     10     13      8      0   1143
      1     32      1      2      4      2     16      7      0   1158
      1     32      1      2      5      4      6      2      0   1541
      1     32      1      2      6      7     14      9      0   1442
      1     32      1      2      7      2      8      1      0   1760
      1     32      1      2      8      3      1      5      0   1777
      1     32      1      2      9      6      6      6      1    993
      1     32      1      2     10      5      5      4      0   1347
      1     32      1      2     11      8      2      3      0   1394
      1     32      1      2     12      1      4      8      0   1945
      1     32      1      2     13      7      3      6      0   4377
      1     32      1      2     14      6      5      6      1   2111
      1     32      1      2     15      5     13      2      0   1527
      1     32      1      2     16     10      8      2      0   1411
      1     32      1      2     17      3      9      3      1   1277
      1     32      1      2     18      1      1      9      0   2060
      1     32      1      2     19      8      9      8      1   1393
      1     32      1      2     20      4      4      5      0   1177
      1     32      2      1      1      2      3      3      0   1367
      1     32      2      1      2      8      8      7      0   1503
      1     32      2      1      3      8     12      3      0   1107
      1     32      2      1      4      7      8      6      0   1586
      1     32      2      1      5      7     15      9      0   1800
      1     32      2      1      6      3      3      2      0   1718
      1     32      2      1      7     10      1      1      0   1659
      1     32      2      1      8      9     14      4      0   1518
      1     32      2      1      9      5     11      5      1   1826
      1     32      2      1     10      4      3      2      0   1165
      1     32      2      1     11      3     13      8      0   1435
      1     32      2      1     12      2      1      2      1    993
      1     32      2      1     13     10     10      5      0   1777
      1     32      2      1     14      6      3      6      1   1983
      1     32      2      1     15      5      9      5      1   1439
      1     32      2      1     16      9      6      7      0   2036
      1     32      2      1     17      1      7      3      0   1201
      1     32      2      1     18      6      2      6      1   2160
      1     32      2      1     19      4      9      1      0   2258
      1     32      2      1     20      1      3      2      0   1768
      1     32      2      2      1     10     15      3      0   1713
      1     32      2      2      2      9      2      9      1   2262
      1     32      2      2      3      3     11      8      0   1509
      1     32      2      2      4      2      2      2      1   1127
      1     32      2      2      5      1     10      4      0   1577
      1     32      2      2      6      4     13     10      0   1311
      1     32      2      2      7      4      7      1      0   1860
      1     32      2      2      8      7      1      7      1   2194
      1     32      2      2      9      5      4      3      0   1944
      1     32      2      2     10      9      3      9      1   3427
      1     32      2      2     11      5      7      8      0   1760
      1     32      2      2     12      7     13     10      0   1510
      1     32      2      2     13      8     10      1      0   1494
      1     32      2      2     14      1     12      4      0   1243
      1     32      2      2     15      3      5      3      1   1127
      1     32      2      2     16      2      6      2      1   1527
      1     32      2      2     17      6      9      6      1   1627
      1     32      2      2     18      6      7      6      1   1110
      1     32      2      2     19     10      7      7      0   1945
      1     32      2      2     20      8     16      8      1   1910
      1     32      3      1      1      2     10      9      0   2476
      1     32      3      1      2      8      6      9      0   1586
      1     32      3      1      3      5      3      7      0   1459
      1     32      3      1      4      1     14      4      0   1693
      1     32      3      1      5      3     16     10      0   1842
      1     32      3      1      6     10     12      4      0   1219
      1     32      3      1      7      6      1      6      1   2241
      1     32      3      1      8      5      2      5      1   1593
      1     32      3      1      9     10      4      2      0   1027
      1     32      3      1     10      7     10      3      0   1338
      1     32      3      1     11      8      3      4      0   1809
      1     32      3      1     12      4     10      3      0   1208
      1     32      3      1     13      3      2      5      0   1731
      1     32      3      1     14      4     11      2      0   1079
      1     32      3      1     15      9      9      1      0   1937
      1     32      3      1     16      1     13      2      0   1347
      1     32      3      1     17      2     11      1      0   1476
      1     32      3      1     18      7      6      8      0   1243
      1     32      3      1     19      9      5      4      0   2675
      1     32      3      1     20      6     15      6      1   1343
      1     32      3      2      1      5      1      3      0   4212
      1     32      3      2      2      7      5      8      0   2094
      1     32      3      2      3      4      1      7      0   1693
      1     32      3      2      4      6     11      6      1   1077
      1     32      3      2      5      2     13      1      0   2227
      1     32      3      2      6      3      7      9      0   1043
      1     32      3      2      7      6      4      6      1   1159
      1     32      3      2      8      1     11     10      0   1044
      1     32      3      2      9      7     16      2      0   1211
      1     32      3      2     10      8     11      9      0   3560
      1     32      3      2     11      9     10      4      0   1275
      1     32      3      2     12      3      8      8      0   1677
      1     32      3      2     13     10      2      5      0   1310
      1     32      3      2     14      2      4      2      1   1549
      1     32      3      2     15      5     10      5      1   1493
      1     32      3      2     16      1      9      2      0   1126
      1     32      3      2     17      4     15     10      0   1376
      1     32      3      2     18      8     14      4      0   1115
      1     32      3      2     19      9     12      8      0   1877
      1     32      3      2     20     10      3      1      0   2110
      1     32      4      1      1      9      1      7      0   1441
      1     32      4      1      2      1     16      5      0   1741
      1     32      4      1      3      9     14      2      0   1363
      1     32      4      1      4      7     11      4      0   1196
      1     32      4      1      5      3     10      3      1   1131
      1     32      4      1      6      7     15      1      0   1819
      1     32      4      1      7      2      7     10      0   1605
      1     32      4      1      8      3      3      3      1   1892
      1     32      4      1      9      8      5      4      0   1303
      1     32      4      1     10     10      1      7      0   1459
      1     32      4      1     11      1      3      2      0   1265
      1     32      4      1     12     10      6      4      0   1073
      1     32      4      1     13      6      2      6      1   1714
      1     32      4      1     14      5     11      5      1   1105
      1     32      4      1     15      8     12      2      0   1261
      1     32      4      1     16      4      9      9      0   1442
      1     32      4      1     17      6     10      6      1   1476
      1     32      4      1     18      2      3      1      0   1094
      1     32      4      1     19      5     14      5      1   1337
      1     32      4      1     20      4      2      7      0   1800
      1     32      4      2      1      1      5      5      0   3447
      1     32      4      2      2      9     15      9      1   1626
      1     32      4      2      3      9      8      1      0   3027
      1     32      4      2      4      4      5     10      0   2160
      1     32      4      2      5      3     15      5      0   1560
      1     32      4      2      6      1      6      3      0   3477
      1     32      4      2      7      3     12      3      1    927
      1     32      4      2      8      8     13      7      0   2827
      1     32      4      2      9      2     14      9      0   2160
      1     32      4      2     10      6     14      6      1   1544
      1     32      4      2     11      5      6      5      1   1111
      1     32      4      2     12     10     14      2      0   1543
      1     32      4      2     13      4      8     10      0   1160
      1     32      4      2     14      2      5      2      1   1193
      1     32      4      2     15      7     12      3      0   2428
      1     32      4      2     16      5     16      4      0   2328
      1     32      4      2     17      6     13      6      1   2029
      1     32      4      2     18     10      9     10      1   1277
      1     32      4      2     19      7      9      7      1   1660
      1     32      4      2     20      8      4      9      0   1530
      1     32      5      1      1      8      8      7      0   1395
      1     32      5      1      2      1      8      1      1   1182
      1     32      5      1      3      5     12      5      1   1490
      1     32      5      1      4      4      3      2      0   1249
      1     32      5      1      5      2      9      4      0   1408
      1     32      5      1      6      9      6      9      1   1598
      1     32      5      1      7      4     12      1      0   1316
      1     32      5      1      8     10     11      2      0   1143
      1     32      5      1      9      2      1     10      0   2043
      1     32      5      1     10      7      7      7      1   1193
      1     32      5      1     11      3     14      4      0   1145
      1     32      5      1     12      7      8      6      0   1307
      1     32      5      1     13      1      7      3      0   1235
      1     32      5      1     14     10     10      1      0   1875
      1     32      5      1     15      3     13      8      0   1492
      1     32      5      1     16      8      7      8      1   1275
      1     32      5      1     17      6      3      6      1   1371
      1     32      5      1     18      6     16      6      1    969
      1     32      5      1     19      5      9      8      0   1692
      1     32      5      1     20      9     16      9      1   1216
      1     32      5      2      1      2     15      9      0   1628
      1     32      5      2      2      3      6      5      0   1345
      1     32      5      2      3      1     15      5      0   1309
      1     32      5      2      4      9     13      9      1   1509
      1     32      5      2      5      8     15      8      1   1246
      1     32      5      2      6      9      7      9      1   1777
      1     32      5      2      7      2     12      9      0   1228
      1     32      5      2      8      6      8      6      1   1177
      1     32      5      2      9      5     15      5      1   1477
      1     32      5      2     10      6     12      6      1   1260
      1     32      5      2     11      8      1      1      0   4294
      1     32      5      2     12      4     16      4      1   1049
      1     32      5      2     13      5      8      3      0   1144
      1     32      5      2     14     10     16     10      1   1944
      1     32      5      2     15      7      4      8      0   2494
      1     32      5      2     16     10      5      2      0   1627
      1     32      5      2     17      4     14      4      1   1759
      1     32      5      2     18      7      2      3      0   2611
      1     32      5      2     19      1      2     10      0   3627
      1     32      5      2     20      3      4      3      1   2360
      1     32      6      1      1      3      2      3      1   1192
      1     32      6      1      2     10      4      2      0    961
      1     32      6      1      3      1     14      4      0   1222
      1     32      6      1      4      8      3      9      0   1341
      1     32      6      1      5      7      6      7      1   1743
      1     32      6      1      6      2     11     10      0   1526
      1     32      6      1      7      4     10      2      0   1158
      1     32      6      1      8      3     16      3      1   1227
      1     32      6      1      9     10     12      3      0   3027
      1     32      6      1     10      9      5      9      1   1093
      1     32      6      1     11      2     10      2      1   3326
      1     32      6      1     12      6     15      6      1   1547
      1     32      6      1     13      6      1      6      1   1418
      1     32      6      1     14      5      2      5      1   1400
      1     32      6      1     15      1     13      9      0   2886
      1     32      6      1     16      9      9      9      1   1156
      1     32      6      1     17      7     10      7      1   1277
      1     32      6      1     18      8      6      8      1   2386
      1     32      6      1     19      5      3     10      0   3132
      1     32      6      1     20      4     11      2      0   1331
      1     32      6      2      1      1      5      3      0   1914
      1     32      6      2      2     10      9     10      1   3125
      1     32      6      2      3      9     15      9      1   1476
      1     32      6      2      4      2      4      2      1   1727
      1     32      6      2      5      9     12      1      0   2577
      1     32      6      2      6      7     12     10      0   3444
      1     32      6      2      7      6      4      6      1    943
      1     32      6      2      8      5     10      5      1   1343
      1     32      6      2      9      4      8      9      0   1310
      1     32      6      2     10      4     15      4      1   2243
      1     32      6      2     11      7      5      8      0   2143
      1     32      6      2     12      3      7      8      0   2977
      1     32      6      2     13      1     11      4      0   1677
      1     32      6      2     14      8     11      9      0   2227
      1     32      6      2     15      2      5      2      1   1445
      1     32      6      2     16      6     14      6      1   1826
      1     32      6      2     17      5      6      3      0   2743
      1     32      6      2     18      8     13      8      1   1529
      1     32      6      2     19      3     15     10      0   2160
      1     32      6      2     20     10      2     10      1   1926
      1     32      7      1      1      1     14      4      0   2386
      1     32      7      1      2      4     11      2      0    871
      1     32      7      1      3      9      5      9      1   2671
      1     32      7      1      4      8      3     10      0   1951
      1     32      7      1      5      9     16      9      1   1235
      1     32      7      1      6     10     11      2      0   2326
      1     32      7      1      7      6     16      6      1   1466
      1     32      7      1      8      3     14      3      1   1464
      1     32      7      1      9     10     12      3      0   1057
      1     32      7      1     10      7     10      7      1   2478
      1     32      7      1     11      4     12      2      0   1550
      1     32      7      1     12      5     12      3      0   1740
      1     32      7      1     13      3      2      3      1   1156
      1     32      7      1     14      2      9      2      1   1092
      1     32      7      1     15      6      1      6      1   1493
      1     32      7      1     16      1      8      2      0   1947
      1     32      7      1     17      8      7      8      1   1742
      1     32      7      1     18      5      3     10      0   1126
      1     32      7      1     19      2     10     10      0   1986
      1     32      7      1     20      7      7      9      0   1993
      1     32      7      2      1      4      7     10      0   2081
      1     32      7      2      2      9      3      9      1   1444
      1     32      7      2      3     10      7      4      0   1927
      1     32      7      2      4      9      2      9      1   1144
      1     32      7      2      5      2      6      4      0   2093
      1     32      7      2      6      7      1      7      1   3128
      1     32      7      2      7      6      9      6      1   1428
      1     32      7      2      8      6      7      6      1   1478
      1     32      7      2      9      2      2      2      1   1194
      1     32      7      2     10      5      4      5      1   1860
      1     32      7      2     11      1     10      9      0   1727
      1     32      7      2     12      3      5      8      0   1861
      1     32      7      2     13      8     10      8      1    909
      1     32      7      2     14     10     15     10      1   1545
      1     32      7      2     15      1     12     10      0   2195
      1     32      7      2     16      8     16      1      0   1643
      1     32      7      2     17      5      7      1      0   5560
      1     32      7      2     18      7     13      3      0   4061
      1     32      7      2     19      3     11      3      1   1263
      1     32      7      2     20      4     13     10      0   3545
      1     32      8      1      1      4      2     10      0   2297
      1     32      8      1      2      1     16     10      0   1113
      1     32      8      1      3      4      3      1      0   1915
      1     32      8      1      4      3     10     10      0   2922
      1     32      8      1      5      9      6      9      1   1393
      1     32      8      1      6      7      8      6      0   3477
      1     32      8      1      7      8      5      8      1   1276
      1     32      8      1      8      3     13      4      0   1994
      1     32      8      1      9      5      9      5      1   2212
      1     32      8      1     10      6     10      6      1   1327
      1     32      8      1     11     10     10      1      0   4626
      1     32      8      1     12      2      1      2      1   1076
      1     32      8      1     13      2      7      9      0   1225
      1     32      8      1     14      8      8      8      1   1264
      1     32      8      1     15      5     14      3      0   1623
      1     32      8      1     16      1      7     10      0   2153
      1     32      8      1     17      6      3      6      1   1142
      1     32      8      1     18      9      1      9      1    995
      1     32      8      1     19     10      6      1      0   2819
      1     32      8      1     20      7     11      7      1   2050
      1     32      8      2      1      9      8      9      1   1813
      1     32      8      2      2      1      6     10      0   2076
      1     32      8      2      3      2     14      9      0   1527
      1     32      8      2      4      1      9      2      0   1510
      1     32      8      2      5      8      4      8      1   2127
      1     32      8      2      6      7     16      7      1   1178
      1     32      8      2      7     10     14      1      0   3846
      1     32      8      2      8      2     13      4      0   1210
      1     32      8      2      9     10      3      2      0   2727
      1     32      8      2     10      6     13      6      1   1543
      1     32      8      2     11      5      1      3      0   1495
      1     32      8      2     12      8     14     10      0   2348
      1     32      8      2     13      6     11      6      1   1694
      1     32      8      2     14      5     16      8      0   6176
      1     32      8      2     15      9     10      9      1   2777
      1     32      8      2     16      3     12      3      1   1493
      1     32      8      2     17      4      5     10      0   3460
      1     32      8      2     18      4      1      4      1   1811
      1     32      8      2     19      7      9      7      1   1378
      1     32      8      2     20      3      8      3      1   1377
      1     32      9      1      1     10      1      9      0   1455
      1     32      9      1      2      8     12      8      1   1514
      1     32      9      1      3      7     15      7      1   1655
      1     32      9      1      4      5      2      5      1   1673
      1     32      9      1      5      6     15      6      1   1276
      1     32      9      1      6      4      9      4      1   2573
      1     32      9      1      7      2      3      2      1   1243
      1     32      9      1      8     10      4     10      1   1592
      1     32      9      1      9      3      3      3      1   1890
      1     32      9      1     10      4     10      4      1   2909
      1     32      9      1     11      6      2      6      1   1619
      1     32      9      1     12      3     16      3      1    947
      1     32      9      1     13      1     13      8      0   1791
      1     32      9      1     14      8      6      8      1   1266
      1     32      9      1     15      1      3      2      0   1149
      1     32      9      1     16      7      6      7      1   1259
      1     32      9      1     17      5     11      5      1   1193
      1     32      9      1     18      9     14      9      1   1088
      1     32      9      1     19      2     11      2      1   1198
      1     32      9      1     20      9      9      9      1    864
      1     32      9      2      1      3      4      5      0   2114
      1     32      9      2      2      4     16      4      1   3493
      1     32      9      2      3      5     15      5      1   2111
      1     32      9      2      4      2     15     10      0   2177
      1     32      9      2      5     10      5     10      1   1611
      1     32      9      2      6      6     12      6      1   1160
      1     32      9      2      7      9     13      9      1   1127
      1     32      9      2      8      8      1      2      0   1177
      1     32      9      2      9      7      4      8      0   2860
      1     32      9      2     10      1     15      3      0   1977
      1     32      9      2     11      1      2     10      0   2677
      1     32      9      2     12      7      2      1      0   3061
      1     32      9      2     13     10     16      9      0   1060
      1     32      9      2     14      8     15      8      1   1226
      1     32      9      2     15      5      8      5      1   1577
      1     32      9      2     16      4     14      1      0   2694
      1     32      9      2     17      2     12      2      1   2526
      1     32      9      2     18      6      8      6      1   1176
      1     32      9      2     19      9      7      9      1   1546
      1     32      9      2     20      3      6      5      0   3109
      1     32     10      1      1      4     11      2      0   1281
      1     32     10      1      2      5      3     10      0   1068
      1     32     10      1      3     10     12      1      0   1728
      1     32     10      1      4      4     12      2      0   1294
      1     32     10      1      5      9     16      9      1   1176
      1     32     10      1      6      1      8      2      0   1133
      1     32     10      1      7      6      1      6      1   1174
      1     32     10      1      8     10     11      2      0   1104
      1     32     10      1      9      8      3      8      1   1198
      1     32     10      1     10      9      5      9      1    997
      1     32     10      1     11      8      7      8      1   1220
      1     32     10      1     12      1     14      3      0   2160
      1     32     10      1     13      3      2      3      1   1668
      1     32     10      1     14      2     10      2      1   2268
      1     32     10      1     15      5     12      3      0   1310
      1     32     10      1     16      3     14      3      1   1388
      1     32     10      1     17      6     16      6      1   1280
      1     32     10      1     18      7     10      7      1   1210
      1     32     10      1     19      2      9      2      1   1126
      1     32     10      1     20      7      7      7      1   1751
      1     32     10      2      1      5      5      3      0   2080
      1     32     10      2      2     10      8     10      1   2143
      1     32     10      2      3     10     13      1      0   2162
      1     32     10      2      4      2      8      4      0   2064
      1     32     10      2      5      2     16      1      0   3409
      1     32     10      2      6      7     14     10      0   9742
      1     32     10      2      7      9     11      9      1   2377
      1     32     10      2      8      3      1      3      1   1776
      1     32     10      2      9      8      9      8      1   1660
      1     32     10      2     10      1      4      1      1   1543
      1     32     10      2     11      6      6      6      1   1259
      1     32     10      2     12      6      5      6      1   1127
      1     32     10      2     13      3      9      3      1    977
      1     32     10      2     14      7      3      7      1   1660
      1     32     10      2     15      5     13      8      0   2694
      1     32     10      2     16      4      6      4      1   2044
      1     32     10      2     17      8      2      8      1   1243
      1     32     10      2     18      4      4      5      0   1793
      1     32     10      2     19      1      1      3      0   3210
      1     32     10      2     20      9      4      9      1   1245
