     63      7      8
     63      4     15
     63      7     15
     63      7     14
     63      4     10
     63      6     16
     63      3     13
     63      6     15
     63      5     16
     63      8     16
     63      4      5
     63      8     14
     63      6     13
     63      6      3
     63      2      9
     63      1      7
     63      1     11
     63      1      2
     63      7      2
     63      3     16
     63      2      1
     63      4     11
     63      2      2
     63      3     15
     63      8      5
     63      3      7
     63      6      9
     63      8      9
     63      2     16
     63      2      8
     63      1      9
     63      4      9
     63      7     13
     63      1      5
     63      5      6
     63      3     12
     63      4     12
     63      3      6
     63      5     14
     63      2     10
     63      8     13
     63      5      5
     63      5      2
     63      1      6
     63      5      8
     63      7      6
     63      8      2
     63      6      6
