     62      2     10
     62      1      7
     62      7      5
     62      2      8
     62      8     16
     62      6      7
     62      1     10
     62      1     11
     62      5      9
     62      7      4
     62      8      8
     62      8     15
     62      1      4
     62      2     13
     62      7      6
     62      3      9
     62      8      4
     62      2      3
     62      2      6
     62      4      5
     62      5     10
     62      7      8
     62      4     12
     62      4     10
     62      5     11
     62      2      5
     62      3      7
     62      6     13
     62      4     11
     62      6     12
     62      3      8
     62      4     13
     62      7     13
     62      3      2
     62      5      5
     62      1     14
     62      6     15
     62      1      1
     62      3     14
     62      5     14
     62      5     16
     62      8      2
     62      6      9
     62      4      8
     62      3      6
     62      8      9
     62      7      2
     62      6     10
