      1      9      1      1      1      3     12      5      0   4788
      1      9      1      1      2     10      6      2      0   2965
      1      9      1      1      3      6     11      9      0   2416
      1      9      1      1      4     10     10      6      0  10867
      1      9      1      1      5      4     15      7      0   1985
      1      9      1      1      6      7      3      9      0   6399
      1      9      1      1      7      8     14      7      0   2959
      1      9      1      1      8      4     16      8      0   2921
      1      9      1      1      9      2      7      8      0   2708
      1      9      1      1     10      7      1      6      0   2436
      1      9      1      1     11      5      6      8      0   1477
      1      9      1      1     12      9     15      2      0   2427
      1      9      1      1     13      6      3     10      0   3118
      1      9      1      1     14      1     11      8      0   1769
      1      9      1      1     15      1     15      8      0   1752
      1      9      1      1     16      2     12      2      1   1425
      1      9      1      1     17      8      5      4      0   1868
      1      9      1      1     18      9      9      8      0   3923
      1      9      1      1     19      5      2      4      0   2633
      1      9      1      1     20      3     16      5      0   6514
      1      9      1      2      1      3      8     10      0   4011
      1      9      1      2      2      9      7      5      0   4375
      1      9      1      2      3      8      1      2      0   3691
      1      9      1      2      4      1     14      7      0   3243
      1      9      1      2      5      9     14      1      0   6409
      1      9      1      2      6     10     15      4      0   2142
      1      9      1      2      7     10     14      6      0   4994
      1      9      1      2      8      6      9     10      0   1678
      1      9      1      2      9      4     10      2      0   4812
      1      9      1      2     10      2      2      1      0   1145
      1      9      1      2     11      6      6      7      0   3746
      1      9      1      2     12      2      9     10      0   1993
      1      9      1      2     13      5     16      3      0    943
      1      9      1      2     14      7     12      2      0   1081
      1      9      1      2     15      7     15      2      0   2828
      1      9      1      2     16      5     11     10      0   5411
      1      9      1      2     17      4     13      1      0   1244
      1      9      1      2     18      8      3      3      0   2260
      1      9      1      2     19      1      9      2      0    961
      1      9      1      2     20      3     10      5      0   2561
      1      9      2      1      1      1      8      4      0   9869
      1      9      2      1      2      9     11      5      0   2043
      1      9      2      1      3      6     13      7      0   4085
      1      9      2      1      4      3     14      3      1   2227
      1      9      2      1      5      7     10      9      0   2502
      1      9      2      1      6      6      4      3      0   2373
      1      9      2      1      7      5      7      5      1   1610
      1      9      2      1      8     10      2      7      0   6914
      1      9      2      1      9      8     11     10      0   1818
      1      9      2      1     10      5     12      3      0   5982
      1      9      2      1     11      3      6      8      0   3149
      1      9      2      1     12      4     11      1      0   2292
      1      9      2      1     13      1     16      4      0   4876
      1      9      2      1     14     10     16      7      0   2104
      1      9      2      1     15      2      5      7      0   2391
      1      9      2      1     16      2     14     10      0   2000
      1      9      2      1     17      9      2      5      0   1893
      1      9      2      1     18      8      9      3      0   1704
      1      9      2      1     19      7     16      9      0   1341
      1      9      2      1     20      4      7      9      0   2165
      1      9      2      2      1      8      6     10      0   3678
      1      9      2      2      2      7      8      8      0   5626
      1      9      2      2      3      5     13      7      0   2977
      1      9      2      2      4     10     13      9      0   3444
      1      9      2      2      5      2      6      4      0   2495
      1      9      2      2      6     10     11      5      0   2461
      1      9      2      2      7      9      1      1      0   2228
      1      9      2      2      8      1      4     10      0   2961
      1      9      2      2      9      4     12      5      0   1928
      1      9      2      2     10      4      4      5      0   3510
      1      9      2      2     11      3      9      3      1   3011
      1      9      2      2     12      8      2      2      0   2161
      1      9      2      2     13      9      5     10      0   5060
      1      9      2      2     14      7      2      6      0   2377
      1      9      2      2     15      2      1      1      0   2059
      1      9      2      2     16      6      7     10      0   4977
      1      9      2      2     17      1      7      9      0   3444
      1      9      2      2     18      6      8      6      1   1860
      1      9      2      2     19      5     14      2      0   1811
      1      9      2      2     20      3      2      2      0   6094
      1      9      3      1      1      5      9      9      0   4397
      1      9      3      1      2     10      1      4      0   2021
      1      9      3      1      3      8      7      7      0   1593
      1      9      3      1      4     10      4      4      0   2608
      1      9      3      1      5      7      4      3      0   3124
      1      9      3      1      6      7     11      6      0   1736
      1      9      3      1      7      1      1      2      0   1969
      1      9      3      1      8      9      4      5      0   1657
      1      9      3      1      9      1      2      3      0   2620
      1      9      3      1     10      8      4      7      0   4663
      1      9      3      1     11      2     16      1      0   4458
      1      9      3      1     12      4      9      8      0   5738
      1      9      3      1     13      3      7      3      1   1705
      1      9      3      1     14      2     13      8      0   2843
      1      9      3      1     15      9      3      4      0  13559
      1      9      3      1     16      6     15      2      0   1166
      1      9      3      1     17      4      8      6      0   2304
      1      9      3      1     18      3      1      3      1    981
      1      9      3      1     19      6     10      9      0   2053
      1      9      3      1     20      5     15      1      0   1203
      1      9      3      2      1      6      5      6      1   3663
      1      9      3      2      2      3     11      5      0   1744
      1      9      3      2      3     10      7      4      0   3210
      1      9      3      2      4      7      6      1      0   2760
      1      9      3      2      5      5     10      2      0    927
      1      9      3      2      6      9      8      3      0   2245
      1      9      3      2      7      9     12      4      0   1577
      1      9      3      2      8      8      8      7      0   3609
      1      9      3      2      9      8     10      8      1    977
      1      9      3      2     10      3      5      9      0   2277
      1      9      3      2     11      4      1     10      0   6444
      1      9      3      2     12      1      6      9      0   1810
      1      9      3      2     13      1      5      8      0   3477
      1      9      3      2     14      4      3      7      0   1011
      1      9      3      2     15      7     14      6      0   3226
      1      9      3      2     16      2      3      5      0    994
      1      9      3      2     17      5      8      4      0   1028
      1      9      3      2     18      6      2      6      1   3694
      1      9      3      2     19     10      5      3      0    810
      1      9      3      2     20      2     15      2      1   1260
      1      9      4      1      1      8      9      3      0   1328
      1      9      4      1      2      1     16      3      0   1300
      1      9      4      1      3      4      7      2      0   1335
      1      9      4      1      4      4     11      4      1   2924
      1      9      4      1      5      9      2      2      0   4159
      1      9      4      1      6      6     13      6      1   2720
      1      9      4      1      7     10      2      8      0   1757
      1      9      4      1      8      5     12      5      1   2245
      1      9      4      1      9      7     16      8      0   1423
      1      9      4      1     10      2      5      3      0   2977
      1      9      4      1     11      5      7      5      1   1542
      1      9      4      1     12      7     10      8      0   3290
      1      9      4      1     13      3     14      3      1   2593
      1      9      4      1     14      3      6      5      0   1636
      1      9      4      1     15      9     11      4      0   2489
      1      9      4      1     16      2     14     10      0   2487
      1      9      4      1     17      8     11      3      0   5873
      1      9      4      1     18     10     16      8      0   3325
      1      9      4      1     19      1      8      2      0   1775
      1      9      4      1     20      6      4      6      1   1600
      1      9      4      2      1     10      3      1      0   3930
      1      9      4      2      2      2     10      2      1   2877
      1      9      4      2      3      2      8      3      0   1026
      1      9      4      2      4      6     14      6      1   2710
      1      9      4      2      5      9     10      4      0   1878
      1      9      4      2      6      1     13      5      0   2010
      1      9      4      2      7      7      9      7      1   3528
      1      9      4      2      8      8     15      8      1   3043
      1      9      4      2      9      6     16      6      1   2276
      1      9      4      2     10      4      6      9      0    992
      1      9      4      2     11      1      3      1      1   4660
      1      9      4      2     12      3     15     10      0   3644
      1      9      4      2     13      5      3      5      1   3809
      1      9      4      2     14      8     12      7      0   6944
      1      9      4      2     15      9     13      3      0   2077
      1      9      4      2     16      3      3      8      0    743
      1      9      4      2     17     10      8      9      0    911
      1      9      4      2     18      5      4      5      1   1911
      1      9      4      2     19      7      7      4      0   1443
      1      9      4      2     20      4      5      3      0    828
      1      9      5      1      1      5      9      3      0   1856
      1      9      5      1      2      2     16      5      0    909
      1      9      5      1      3     10      1      3      0   1041
      1      9      5      1      4      3      1      2      0   1078
      1      9      5      1      5      7      4      3      0   2534
      1      9      5      1      6      6     10      6      1   4173
      1      9      5      1      7      7     11      7      1   1508
      1      9      5      1      8      1      1      8      0   1546
      1      9      5      1      9      4      8      1      0   1388
      1      9      5      1     10      9      3      5      0   2159
      1      9      5      1     11      8      7     10      0   1803
      1      9      5      1     12      6     15     10      0   1976
      1      9      5      1     13      4      9      8      0    980
      1      9      5      1     14      2     13      9      0   2408
      1      9      5      1     15      5     15      5      1   1348
      1      9      5      1     16      8      4      9      0   1932
      1      9      5      1     17      9      4      8      0   2297
      1      9      5      1     18      3      7      4      0   1553
      1      9      5      1     19      1      2      5      0    971
      1      9      5      1     20     10      4      8      0   2774
      1      9      5      2      1      5      5      5      1   3696
      1      9      5      2      2      2      4     10      0   4294
      1      9      5      2      3      4     14      3      0   3444
      1      9      5      2      4      8     13      9      0   2877
      1      9      5      2      5      1     10      8      0   1910
      1      9      5      2      6      3      4      1      0   4777
      1      9      5      2      7      7      5      2      0   2230
      1      9      5      2      8      3     13      3      1   2227
      1      9      5      2      9     10     12      7      0   3128
      1      9      5      2     10      9      6      1      0   4577
      1      9      5      2     11      6      1      6      1   1782
      1      9      5      2     12      1     12      8      0   1693
      1      9      5      2     13      4      2     10      0   1926
      1      9      5      2     14      5      1      5      1   3110
      1      9      5      2     15      2     11      4      0   1777
      1      9      5      2     16      7     13      3      0   3862
      1      9      5      2     17      6     12      6      1   1476
      1      9      5      2     18      8     16      2      0   2127
      1      9      5      2     19      9     16      3      0   4827
      1      9      5      2     20     10      9      5      0   1543
      1      9      6      1      1      6     11      6      1   1417
      1      9      6      1      2     10     10      2      0   1676
      1      9      6      1      3      1     11      9      0   1421
      1      9      6      1      4      4     15      8      0   1274
      1      9      6      1      5      9     15      4      0   1394
      1      9      6      1      6      7      1      4      0   1710
      1      9      6      1      7      7      3      3      0   1011
      1      9      6      1      8      6      3      6      1   1506
      1      9      6      1      9      2     12      2      1   1547
      1      9      6      1     10      5      2      3      0   1171
      1      9      6      1     11      2      7      4      0   1285
      1      9      6      1     12      9      9      9      1   1974
      1      9      6      1     13      8     14      8      1   1802
      1      9      6      1     14      3     12      7      0   1684
      1      9      6      1     15      4     16      4      1   1351
      1      9      6      1     16     10      6      1      0   2977
      1      9      6      1     17      1     15      1      1   3881
      1      9      6      1     18      3     16      2      0   1266
      1      9      6      1     19      5      6      5      1   4752
      1      9      6      1     20      8      5      4      0   1676
      1      9      6      2      1      5      8      5      1   1413
      1      9      6      2      2     10      5     10      1   4678
      1      9      6      2      3      1      6      2      0   4093
      1      9      6      2      4      8      8      3      0   3612
      1      9      6      2      5      9      1      1      0   4144
      1      9      6      2      6      9     12      9      1   1727
      1      9      6      2      7      4     12      7      0   1794
      1      9      6      2      8      4      3      8      0   1811
      1      9      6      2      9      6      5      6      1   3728
      1      9      6      2     10      2      3      9      0   2543
      1      9      6      2     11      7      6      4      0   1893
      1      9      6      2     12      2      6     10      0   7660
      1      9      6      2     13     10     13      4      0   1410
      1      9      6      2     14      6      7      6      1   4193
      1      9      6      2     15      3      9      5      0   1210
      1      9      6      2     16      1      7      3      0   1794
      1      9      6      2     17      5     13      2      0   1643
      1      9      6      2     18      7      2      2      0   2710
      1      9      6      2     19      3     11      5      0   4531
      1      9      6      2     20      8      2      4      0   1093
      1      9      7      1      1      9      2      5      0   1191
      1      9      7      1      2      6      4      6      1   1335
      1      9      7      1      3      9      3      3      0   1860
      1      9      7      1      4      8      9      3      0   1338
      1      9      7      1      5      5      7      2      0   2630
      1      9      7      1      6      4      8      4      1   1328
      1      9      7      1      7      3      7      8      0   1875
      1      9      7      1      8      1     16      3      0   1571
      1      9      7      1      9      2     13      3      0   1014
      1      9      7      1     10      7      4     10      0   3206
      1      9      7      1     11      3     14      3      1   1264
      1      9      7      1     12      6     10      6      1   1872
      1      9      7      1     13      1      2      4      0   1709
      1      9      7      1     14      2      5      5      0   1345
      1      9      7      1     15     10      4     10      1   2124
      1      9      7      1     16      7     10      9      0   1662
      1      9      7      1     17      4     11      4      1   1606
      1      9      7      1     18      8      7      2      0   3039
      1      9      7      1     19     10      2      8      0   1480
      1      9      7      1     20      5     15      5      1   1261
      1      9      7      2      1      5     10      5      1   5746
      1      9      7      2      2      1      5      7      0   2378
      1      9      7      2      3      8     10      8      1   2061
      1      9      7      2      4      7     14      2      0   3827
      1      9      7      2      5      9     14      9      1   4529
      1      9      7      2      6      3      8      3      1   3410
      1      9      7      2      7      2      2     10      0   4544
      1      9      7      2      8      2     15      1      0   1909
      1      9      7      2      9     10     14      9      0   3529
      1      9      7      2     10      3      5      5      0   1793
      1      9      7      2     11      1     14      4      0   6861
      1      9      7      2     12      7     15      9      0   3244
      1      9      7      2     13      4     13      8      0   1910
      1      9      7      2     14      4      1      2      0   3611
      1      9      7      2     15      6      2      6      1   1377
      1      9      7      2     16      9      8      1      0   4876
      1      9      7      2     17     10      7      2      0   2743
      1      9      7      2     18      6      9      6      1   5362
      1      9      7      2     19      8      3      8      1   6164
      1      9      7      2     20      5     16      7      0   1310
      1      9      8      1      1      6      3      6      1   1985
      1      9      8      1      2      4     15      2      0   2655
      1      9      8      1      3      1      8     10      0   3026
      1      9      8      1      4      2     14      9      0   1752
      1      9      8      1      5      3      6      8      0   1892
      1      9      8      1      6     10     10      8      0   5906
      1      9      8      1      7      7      1      9      0   1824
      1      9      8      1      8      4      7      3      0   1490
      1      9      8      1      9      2      7      4      0   1136
      1      9      8      1     10      3     16      3      1   1729
      1      9      8      1     11      5      2      9      0   2725
      1      9      8      1     12      8      5      1      0   2708
      1      9      8      1     13      6     13      8      0   1159
      1      9      8      1     14      9     11      4      0   1099
      1      9      8      1     15      1     11      3      0   1201
      1      9      8      1     16      9     15      2      0   2309
      1      9      8      1     17      5     12      5      1   1732
      1      9      8      1     18      8     11      4      0   1255
      1      9      8      1     19      7     16      4      0    894
      1      9      8      1     20     10     16      2      0   1789
      1      9      8      2      1      2     10     10      0   3644
      1      9      8      2      2      8     12      8      1   6860
      1      9      8      2      3      6      1      6      1   1743
      1      9      8      2      4     10     12      2      0   3894
      1      9      8      2      5      8     13      3      0   1027
      1      9      8      2      6      9      6      4      0   1194
      1      9      8      2      7      1     10      9      0   5243
      1      9      8      2      8     10      3      4      0   3077
      1      9      8      2      9      7      9      3      0    876
      1      9      8      2     10      4     14      2      0    864
      1      9      8      2     11      2     11      8      0   4227
      1      9      8      2     12      5      4     10      0   1326
      1      9      8      2     13      7      5      2      0   2094
      1      9      8      2     14      3     15      3      1    710
      1      9      8      2     15      3     13      4      0   1377
      1      9      8      2     16      9     13      9      1   5144
      1      9      8      2     17      1     13      8      0   3393
      1      9      8      2     18      4      6      7      0   1893
      1      9      8      2     19      5      1      5      1   1461
      1      9      8      2     20      6     16      6      1   1660
      1      9      9      1      1      6     15      6      1   2423
      1      9      9      1      2      4     16      9      0   2544
      1      9      9      1      3      1      1      8      0   3533
      1      9      9      1      4      8      4      7      0   1503
      1      9      9      1      5      6     11      6      1   1301
      1      9      9      1      6      7      3      9      0   2189
      1      9      9      1      7     10      6      9      0   2409
      1      9      9      1      8      1     15      5      0   1300
      1      9      9      1      9      4      9      4      1   1423
      1      9      9      1     10      3      1      2      0   5125
      1      9      9      1     11      7     11      3      0   1292
      1      9      9      1     12      3     12      3      1    909
      1      9      9      1     13      8     14      3      0   1092
      1      9      9      1     14      2     12      9      0   1209
      1      9      9      1     15      2     16      3      0   2204
      1      9      9      1     16     10      1      9      0   2458
      1      9      9      1     17      9      9      4      0   4828
      1      9      9      1     18      9      4      5      0   1373
      1      9      9      1     19      5      9      5      1   1493
      1      9      9      1     20      5      6      4      0   2439
      1      9      9      2      1      6      8      6      1   2080
      1      9      9      2      2      7      8      4      0   8259
      1      9      9      2      3      5     14      5      1   1409
      1      9      9      2      4      2      1      1      0   4760
      1      9      9      2      5      9      7      2      0   3263
      1      9      9      2      6      2      9      1      0   3712
      1      9      9      2      7      4     10      3      0   2712
      1      9      9      2      8      6      6      6      1   3343
      1      9      9      2      9     10     15      7      0   7262
      1      9      9      2     10      9      5      9      1   1043
      1      9      9      2     11      3      2      2      0   3360
      1      9      9      2     12      5     11      5      1   1476
      1      9      9      2     13      3     10      3      1   2243
      1      9      9      2     14      7     12      7      1   1443
      1      9      9      2     15      1      4      8      0   1627
      1      9      9      2     16     10     11     10      1   3810
      1      9      9      2     17      1      9      7      0   4661
      1      9      9      2     18      8      6      8      1   1743
      1      9      9      2     19      4      4      5      0   3577
      1      9      9      2     20      8      1      3      0   1476
      1      9     10      1      1      7      3      3      0   1465
      1      9     10      1      2      6     11      6      1   1911
      1      9     10      1      3      3      6      5      0   1287
      1      9     10      1      4      7     16      9      0   4220
      1      9     10      1      5      9      9      9      1   1858
      1      9     10      1      6      8     11      3      0   2228
      1      9     10      1      7      9     11     10      0   2125
      1      9     10      1      8      3     12      7      0   3032
      1      9     10      1      9      1     15      2      0   2569
      1      9     10      1     10      5      6      8      0   2289
      1      9     10      1     11      5     12      5      1   3858
      1      9     10      1     12      1      8      2      0   1865
      1      9     10      1     13      6     13      6      1   1343
      1      9     10      1     14     10     16      7      0   4001
      1      9     10      1     15      4      7      8      0   2349
      1      9     10      1     16      2     12      8      0   2437
      1      9     10      1     17      4     16      1      0   2810
      1      9     10      1     18      2     14      5      0   3866
      1      9     10      1     19      8     14      4      0   1319
      1      9     10      1     20     10      6     10      1   2813
      1      9     10      2      1     10      9      5      0   1397
      1      9     10      2      2      9     16      9      1   1326
      1      9     10      2      3      2      4      2      1   5443
      1      9     10      2      4      3      4      1      0   4760
      1      9     10      2      5      5      5      4      0   3343
      1      9     10      2      6      7     13      2      0   2143
      1      9     10      2      7      8     15      3      0   1394
      1      9     10      2      8      9     10     10      0   2293
      1      9     10      2      9      6     14      6      1   1160
      1      9     10      2     10      5      3      5      1   1327
      1      9     10      2     11      6     12      6      1   1193
      1      9     10      2     12      7      7      8      0   3427
      1      9     10      2     13      1     12      7      0   1026
      1      9     10      2     14      1      3      3      0   2227
      1      9     10      2     15      4      2      4      1   5062
      1      9     10      2     16      2      8      2      1   1460
      1      9     10      2     17      3      3      8      0   3660
      1      9     10      2     18      8     16      2      0   2043
      1      9     10      2     19      4      5      1      0   1544
      1      9     10      2     20     10      8     10      1   1676
