      1     18      1      1      1     10     15      8      0   7720   3107
      1     18      1      1      2     10     15     10      1   3095   2208
      1     18      1      1      3      5      6      3      0   2309   1373
      1     18      1      1      4      5      6      5      1   1522   1151
      1     18      1      1      5     10      4      2      0   5049   1070
      1     18      1      1      6     10     14     10      1   2428   6471
      1     18      1      1      7     10      4     10      1   1394   2260
      1     18      1      1      8      5      6      5      1   1324   1180
      1     18      1      1      9      3      7      5      0   1543    851
      1     18      1      1     10      3      7      3      1   1887    809
      1     18      1      1     11      4      3      5      0   1319   1090
      1     18      1      1     12      4      3      4      1   1994    606
      1     18      1      1     13      6     10      6      1   2874    970
      1     18      1      1     14      6     13      6      1   1686   1189
      1     18      1      1     15      6      2      6      1   2160    982
      1     18      1      1     16      6     15      6      1   1947   1765
      1     18      1      1     17      9      9      9      1   2169   2596
      1     18      1      1     18      5      8      5      1   1668   2010
      1     18      1      1     19      9     12      9      1   2001   1826
      1     18      1      1     20      8     14      8      1   3528    933
      1     18      1      2      1      5      2      4      0   5528     -1
      1     18      1      2      2      7     15      7      1   6991     -1
      1     18      1      2      3     10      1      1      0   4959     -1
      1     18      1      2      4      7      1      8      0   7742     -1
      1     18      1      2      5      4     16      6      0   3743     -1
      1     18      1      2      6      3     10      5      0   1643     -1
      1     18      1      2      7      3      5      5      0   1661     -1
      1     18      1      2      8      5      1     10      0   4479     -1
      1     18      1      2      9      1      7      3      0   3926     -1
      1     18      1      2     10      9     10      9      1   2095     -1
      1     18      1      2     11      4     12      4      1   4244     -1
      1     18      1      2     12      8     11      2      0   8344     -1
      1     18      1      2     13      2      2      9      0   6961     -1
      1     18      1      2     14      9     16      9      1   1928     -1
      1     18      1      2     15      6      1      6      1   2576     -1
      1     18      1      2     16      6      6      6      1   2912     -1
      1     18      1      2     17      8      3      7      0   4578     -1
      1     18      1      2     18     10     11      8      0   7594     -1
      1     18      1      2     19      1      5      5      0   1713     -1
      1     18      1      2     20      2     11      9      0   2544     -1
      1     18      2      1      1      5      4      5      1   1538   1168
      1     18      2      1      2      9      6      9      1   1338    792
      1     18      2      1      3      2     16      9      0    878   1471
      1     18      2      1      4      2     16      2      1   3791    804
      1     18      2      1      5      3      6      3      1   1661   1210
      1     18      2      1      6     10      3      8      0   2912    867
      1     18      2      1      7     10      3     10      1   1066   1568
      1     18      2      1      8      3      1     10      0    856   4019
      1     18      2      1      9      3      1      3      1   1257   1018
      1     18      2      1     10      7      7      8      0   1108   7837
      1     18      2      1     11      7      7      7      1   1241    871
      1     18      2      1     12      7      4      7      1   1649   7941
      1     18      2      1     13      9      9      9      1   1050   1582
      1     18      2      1     14      4     13      8      0   1691    969
      1     18      2      1     15      4     13      4      1   1219    827
      1     18      2      1     16      8      6      7      0   1125   1869
      1     18      2      1     17      8      6      8      1    918    745
      1     18      2      1     18      9     12      9      1   1649   2732
      1     18      2      1     19      2      3     10      0   1434   2008
      1     18      2      1     20      2      3      2      1   1653    843
      1     18      2      2      1      7      6      8      0   6513     -1
      1     18      2      2      2      8     13      8      1  13543     -1
      1     18      2      2      3      2     13      9      0   3427     -1
      1     18      2      2      4      1      8      4      0   3893     -1
      1     18      2      2      5     10     13      8      0   7029     -1
      1     18      2      2      6      2      7      2      1   7046     -1
      1     18      2      2      7      3      4      3      1   5512     -1
      1     18      2      2      8      8      1     10      0   4545     -1
      1     18      2      2      9      6      9      6      1   1312     -1
      1     18      2      2     10      7     16      1      0   7444     -1
      1     18      2      2     11      9      3      9      1   1426     -1
      1     18      2      2     12      3     15      5      0   2677     -1
      1     18      2      2     13      5     15      3      0   2428     -1
      1     18      2      2     14      9      2      9      1   1459     -1
      1     18      2      2     15     10     16      4      0  14327     -1
      1     18      2      2     16      4     11     10      0   2044     -1
      1     18      2      2     17      6     16      6      1   1927     -1
      1     18      2      2     18      1     13      2      0   8795     -1
      1     18      2      2     19      5      7      3      0   1345     -1
      1     18      2      2     20      4      5      8      0   3160     -1
      1     18      3      1      1      3      8      3      1    835  17350
      1     18      3      1      2      7     11      8      0   1851   2351
      1     18      3      1      3      7      3      7      1   1522   1300
      1     18      3      1      4      1     15      5      0   1378   2751
      1     18      3      1      5      1     15      1      1   1275    773
      1     18      3      1      6      5      3      5      1   1698    815
      1     18      3      1      7      4      8      8      0   3015   9431
      1     18      3      1      8      3      1      4      0    900   2732
      1     18      3      1      9      9      8      9      1   1398   1734
      1     18      3      1     10      8     15      8      1   1519   1597
      1     18      3      1     11     10     10      4      0   2410   3492
      1     18      3      1     12      3      1     10      0    973   4627
      1     18      3      1     13      6     14      6      1   1876   1212
      1     18      3      1     14      4      6      7      0   3611   2390
      1     18      3      1     15     10     10      4      0   1196   1241
      1     18      3      1     16      2      9      4      0   2332   2731
      1     18      3      1     17      5      3      5      1    979   2044
      1     18      3      1     18      9     12      9      1   1379   2766
      1     18      3      1     19      6     15      6      1   1778   1884
      1     18      3      1     20      4      6      4      1   3912   1326
      1     18      3      2      1      3      2      3      1   3446     -1
      1     18      3      2      2     10      5      9      0   3479     -1
      1     18      3      2      3      2      5     10      0   4894     -1
      1     18      3      2      4      4     10      9      0   3261     -1
      1     18      3      2      5      9      1      9      1   2744     -1
      1     18      3      2      6      1     10      9      0   1543     -1
      1     18      3      2      7     10     12      5      0   6677     -1
      1     18      3      2      8      7      9      7      1   2394     -1
      1     18      3      2      9      6      3      6      1   1795     -1
      1     18      3      2     10      4      7      5      0   8961     -1
      1     18      3      2     11      8      2      8      1   2094     -1
      1     18      3      2     12      5     16      1      0   5162     -1
      1     18      3      2     13      8     10      8      1   1445     -1
      1     18      3      2     14      5     14      3      0   1910     -1
      1     18      3      2     15      2      6      4      0   7710     -1
      1     18      3      2     16      3      3      3      1   1044     -1
      1     18      3      2     17      1      4      1      1   1726     -1
      1     18      3      2     18      7      5      7      1  27477     -1
      1     18      3      2     19      9     11      9      1   1695     -1
      1     18      3      2     20      6      4      6      1   1577     -1
      1     18      4      1      1      5     10      5      1    995   2637
      1     18      4      1      2      6     13      6      1   1466   1485
      1     18      4      1      3      5      8      3      0   1025   1427
      1     18      4      1      4      7      4      5      0   2906   1414
      1     18      4      1      5      2     12     10      0   2345   1406
      1     18      4      1      6      1     11      2      0   2588   3283
      1     18      4      1      7      3     16      3      1    933   1092
      1     18      4      1      8     10      4      9      0   2054   1023
      1     18      4      1      9      2     16      4      0   1983   3206
      1     18      4      1     10      3      8      3      1    923   2315
      1     18      4      1     11      1      1      4      0   4087   1908
      1     18      4      1     12      9     13      9      1   1549   1992
      1     18      4      1     13      1     14      4      0   3294   1311
      1     18      4      1     14      4      8      4      1   2382   2650
      1     18      4      1     15      8     14     10      0   9008   3492
      1     18      4      1     16      5      9      5      1   1549   1715
      1     18      4      1     17      4      1     10      0  17514   2946
      1     18      4      1     18      7      3      7      1   2716   4093
      1     18      4      1     19     10     15      1      0   2071   1053
      1     18      4      1     20     10     15     10      1   2051   1205
      1     18      4      2      1      9     14      9      1   1329     -1
      1     18      4      2      2      2     15      2      1   8276     -1
      1     18      4      2      3      3     13      3      1   1760     -1
      1     18      4      2      4     10      8      9      0  23692     -1
      1     18      4      2      5      7     12      1      0   7394     -1
      1     18      4      2      6      1      2     10      0   5944     -1
      1     18      4      2      7      8     16      8      1   3965     -1
      1     18      4      2      8      1      6      1      1   2093     -1
      1     18      4      2      9      4     14     10      0   3044     -1
      1     18      4      2     10      4     15     10      0   1828     -1
      1     18      4      2     11      6     11      6      1   1094     -1
      1     18      4      2     12      9      7      9      1   1227     -1
      1     18      4      2     13      2      8      2      1   6292     -1
      1     18      4      2     14      5     11      3      0   1377     -1
      1     18      4      2     15     10      9      5      0   3729     -1
      1     18      4      2     16      5     12      3      0   3128     -1
      1     18      4      2     17      7      2      7      1   6109     -1
      1     18      4      2     18      6      8      6      1   1927     -1
      1     18      4      2     19      3     14      3      1   1576     -1
      1     18      4      2     20      8      9     10      0   3595     -1
      1     18      5      1      1      5     10      5      1   1088   2432
      1     18      5      1      2      7     11      5      0   1136   1581
      1     18      5      1      3      5      3      5      1    844   1325
      1     18      5      1      4      5      6      3      0   1044   2425
      1     18      5      1      5      3      7      3      1    999   1322
      1     18      5      1      6      6     13      6      1   1809   2017
      1     18      5      1      7      8     14      8      1   1534   2190
      1     18      5      1      8      1      1      2      0   2448   2045
      1     18      5      1      9      1      1      1      1   1260    787
      1     18      5      1     10      4      8      1      0   1611   8031
      1     18      5      1     11      4      3      1      0   1125   1084
      1     18      5      1     12      3      1      1      0   1119   3008
      1     18      5      1     13      1     14      1      1   1413   1061
      1     18      5      1     14      2     14      9      0   1655   2167
      1     18      5      1     15     10     14      5      0   1373   2689
      1     18      5      1     16      7      4      7      1   1778   6019
      1     18      5      1     17      1      3     10      0   4712   4243
      1     18      5      1     18      8      7      8      1   1633   4513
      1     18      5      1     19      2     14      2      1   3069   1548
      1     18      5      1     20      8      6      7      0   1155   3494
      1     18      5      2      1      3      9      3      1   4148     -1
      1     18      5      2      2      8      4     10      0   7543     -1
      1     18      5      2      3     10      7      9      0   2962     -1
      1     18      5      2      4      5      5     10      0   3527     -1
      1     18      5      2      5      2     10      2      1   6460     -1
      1     18      5      2      6     10      6      2      0   4843     -1
      1     18      5      2      7      5     13     10      0   1763     -1
      1     18      5      2      8      9      5      9      1   1509     -1
      1     18      5      2      9      7     13      7      1   1861     -1
      1     18      5      2     10      2      1      4      0   8594     -1
      1     18      5      2     11      6      5      6      1   3443     -1
      1     18      5      2     12      4      9     10      0  10026     -1
      1     18      5      2     13      1     12      5      0   2793     -1
      1     18      5      2     14      1     16      3      0   2245     -1
      1     18      5      2     15      3     12      3      1   1126     -1
      1     18      5      2     16      4      4      7      0   1845     -1
      1     18      5      2     17      6      7      6      1   1944     -1
      1     18      5      2     18      8     12      8      1   1644     -1
      1     18      5      2     19      9      4      9      1   1161     -1
      1     18      5      2     20      7     10      7      1   2994     -1
      1     18      6      1      1      8     14      8      1   1389  12743
      1     18      6      1      2      2      4      2      1   1607   1397
      1     18      6      1      3      2      9      2      1   2135   3088
      1     18      6      1      4      1      9      2      0   3405   1643
      1     18      6      1      5      2      4      2      1   1877   3869
      1     18      6      1      6     10     15     10      1   1325   3706
      1     18      6      1      7      3      8      3      1   1077   3851
      1     18      6      1      8      7     14     10      0   2227   3424
      1     18      6      1      9      7      7      7      1   1773   3985
      1     18      6      1     10      4     13     10      0   1593   1885
      1     18      6      1     11      1     14      1      1   2339   2772
      1     18      6      1     12      3      1      5      0   5221    957
      1     18      6      1     13      5      4      5      1   1192   4331
      1     18      6      1     14      7      4      7      1   1605   1478
      1     18      6      1     15      9      6      9      1   3107    872
      1     18      6      1     16      8     14      8      1   1535    941
      1     18      6      1     17      9     12      9      1   1443   1294
      1     18      6      1     18      6     10      6      1   1711    868
      1     18      6      1     19      2     16      2      1   4282    994
      1     18      6      1     20     10      2      5      0   1042   1444
      1     18      6      2      1      8     11      7      0  10847     -1
      1     18      6      2      2      6      7      6      1   1712     -1
      1     18      6      2      3     10      6      2      0   3311     -1
      1     18      6      2      4      2     11      2      1   2495     -1
      1     18      6      2      5     10     11      4      0   2611     -1
      1     18      6      2      6      6      1      6      1   1509     -1
      1     18      6      2      7      1     16     10      0   1927     -1
      1     18      6      2      8      7     10      7      1   1361     -1
      1     18      6      2      9      1      5      1      1   6928     -1
      1     18      6      2     10      4     16      2      0   3344     -1
      1     18      6      2     11      9     16      9      1   1211     -1
      1     18      6      2     12      5     13     10      0   1710     -1
      1     18      6      2     13      8     12      8      1   2711     -1
      1     18      6      2     14      4      4      1      0   1894     -1
      1     18      6      2     15      7      1      7      1   1727     -1
      1     18      6      2     16      9      5      9      1   1259     -1
      1     18      6      2     17      3     10      3      1   1812     -1
      1     18      6      2     18      5      1     10      0   1510     -1
      1     18      6      2     19      3      9      3      1   1294     -1
      1     18      6      2     20      2      1      2      1   1910     -1
      1     18      7      1      1      5      4      5      1   1213   2521
      1     18      7      1      2      3      6      3      1   1903   4121
      1     18      7      1      3      8      6      7      0   1499    961
      1     18      7      1      4      8      6      8      1    757    723
      1     18      7      1      5     10      3      2      0   2393    820
      1     18      7      1      6     10      3     10      1   1022    809
      1     18      7      1      7      8      6      7      0   1367   1172
      1     18      7      1      8     10      3     10      1   1426   1131
      1     18      7      1      9      3      1      3      1   3549    665
      1     18      7      1     10      8      6      8      1    896    636
      1     18      7      1     11     10     15     10      1   1275    789
      1     18      7      1     12      1      3     10      0   1535    910
      1     18      7      1     13      4      3      5      0   1606    905
      1     18      7      1     14      1     14      1      1   2092   1593
      1     18      7      1     15      1     14      1      1   1605   1217
      1     18      7      1     16     10     15     10      1   1214   2108
      1     18      7      1     17     10      4      9      0   1277   1196
      1     18      7      1     18      1      3      4      0   2374   1068
      1     18      7      1     19     10      4     10      1    894   1672
      1     18      7      1     20      5      6      5      1   1525   1183
      1     18      7      2      1      7     13      7      1   1963     -1
      1     18      7      2      2      2      7      9      0   6544     -1
      1     18      7      2      3      8      4     10      0   1709     -1
      1     18      7      2      4      1     13      2      0   2126     -1
      1     18      7      2      5      2     10      2      1   1929     -1
      1     18      7      2      6      5      7      3      0   1243     -1
      1     18      7      2      7      9      4      9      1   1077     -1
      1     18      7      2      8      7     16      7      1   1361     -1
      1     18      7      2      9      5      5     10      0   1093     -1
      1     18      7      2     10     10     16      4      0   3860     -1
      1     18      7      2     11      4     11      4      1   2627     -1
      1     18      7      2     12      1     12     10      0   7193     -1
      1     18      7      2     13      3     12      3      1   2045     -1
      1     18      7      2     14      8     13      8      1   1810     -1
      1     18      7      2     15      3      4      1      0   3794     -1
      1     18      7      2     16      4      9      7      0   2693     -1
      1     18      7      2     17     10      7      2      0   1709     -1
      1     18      7      2     18      6      5      6      1   1660     -1
      1     18      7      2     19      6      9      6      1   1577     -1
      1     18      7      2     20      9      2      9      1   2494     -1
      1     18      8      1      1      7      8      7      1   1370   1645
      1     18      8      1      2      7     11      7      1   1207   5639
      1     18      8      1      3      8      7      8      1   3100   1240
      1     18      8      1      4      3     11      4      0   1920   1118
      1     18      8      1      5      2      4      2      1    795   1112
      1     18      8      1      6      2      3      2      1   1909   2736
      1     18      8      1      7      9     13      9      1   1109   1459
      1     18      8      1      8      7      3      8      0   2854   1088
      1     18      8      1      9     10     14      4      0   2051   3206
      1     18      8      1     10      3     16      3      1    615   1158
      1     18      8      1     11      1     11     10      0   1569   1284
      1     18      8      1     12      4      8      2      0   2278   1686
      1     18      8      1     13      4      8      4      1   1085   1123
      1     18      8      1     14      1     14      1      1   1276   1846
      1     18      8      1     15      8     15      8      1   1439   2461
      1     18      8      1     16      3      8      3      1   1070   3397
      1     18      8      1     17      2     16      2      1   1104   7757
      1     18      8      1     18      3      7      3      1   1042   1098
      1     18      8      1     19      9      8      9      1   2546    898
      1     18      8      1     20      2     14      2      1   3160   3867
      1     18      8      2      1      2      8      2      1   3796     -1
      1     18      8      2      2     10      8     10      1   9029     -1
      1     18      8      2      3      3     14      3      1   1559     -1
      1     18      8      2      4      5     11      3      0   1194     -1
      1     18      8      2      5      3      5      5      0   1510     -1
      1     18      8      2      6      4     12      4      1   3660     -1
      1     18      8      2      7      2      2      2      1   2244     -1
      1     18      8      2      8      9     14      9      1    977     -1
      1     18      8      2      9      6      6      6      1   1227     -1
      1     18      8      2     10      9     10      9      1   1243     -1
      1     18      8      2     11      5      2      1      0   7294     -1
      1     18      8      2     12     10      1      1      0   2211     -1
      1     18      8      2     13      7      2      7      1   2077     -1
      1     18      8      2     14      7     15      7      1   1828     -1
      1     18      8      2     15      4     15     10      0   6127     -1
      1     18      8      2     16      8     16      8      1   1493     -1
      1     18      8      2     17      6      8      6      1   1509     -1
      1     18      8      2     18      1      6      1      1   2727     -1
      1     18      8      2     19      8      3     10      0  10410     -1
      1     18      8      2     20      1      7      1      1   4482     -1
      1     18      9      1      1      1     15      5      0   1386   6638
      1     18      9      1      2      1     15      1      1   1063    915
      1     18      9      1      3      4      1      1      0  10159   7665
      1     18      9      1      4      8     14      8      1   1692   2592
      1     18      9      1      5     10     10      8      0   1535   1599
      1     18      9      1      6      1     15     10      0   1428   4422
      1     18      9      1      7      6     14      6      1   1416   1814
      1     18      9      1      8      4      6      8      0   5305   1856
      1     18      9      1      9      3     11      5      0   1261   1668
      1     18      9      1     10      4     13      1      0   4607    315
      1     18      9      1     11      9      8      9      1   1122    611
      1     18      9      1     12      1     11      1      1   1058    739
      1     18      9      1     13      4     13      1      0    853    663
      1     18      9      1     14      3      7      3      1   1630  10782
      1     18      9      1     15      5      9      5      1   1115   1812
      1     18      9      1     16      4      1      4      1   1523   2612
      1     18      9      1     17      4      3      4      1   1194   4289
      1     18      9      1     18      3      1      3      1   2388   1168
      1     18      9      1     19      7      8      7      1   1241   1134
      1     18      9      1     20      5      3     10      0    834   1763
      1     18      9      2      1      5     14      3      0   1530     -1
      1     18      9      2      2      2     13      2      1   2578     -1
      1     18      9      2      3     10     13     10      1   1576     -1
      1     18      9      2      4      6     16      6      1   1393     -1
      1     18      9      2      5      8      2      8      1   1343     -1
      1     18      9      2      6      4     10      4      1   4212     -1
      1     18      9      2      7      2      6      2      1   1276     -1
      1     18      9      2      8      7      6      7      1   3393     -1
      1     18      9      2      9      9      3      9      1   1327     -1
      1     18      9      2     10      3      2      3      1   1310     -1
      1     18      9      2     11      3     15      5      0   6409     -1
      1     18      9      2     12      7      9      7      1   1094     -1
      1     18      9      2     13      1      8      1      1   6794     -1
      1     18      9      2     14      8      1      8      1   4529     -1
      1     18      9      2     15      1      4     10      0   1627     -1
      1     18      9      2     16      5     15      5      1   9827     -1
      1     18      9      2     17     10      5      9      0   2510     -1
      1     18      9      2     18      4      5      7      0   4793     -1
      1     18      9      2     19      6      3      6      1   1226     -1
      1     18      9      2     20      9      1      9      1   2260     -1
      1     18     10      1      1      2     16      9      0   3176   9471
      1     18     10      1      2      2     16      2      1    999    995
      1     18     10      1      3     10     14     10      1    983   6567
      1     18     10      1      4      8     15      8      1    782   8252
      1     18     10      1      5      2      9      4      0   3193   1392
      1     18     10      1      6      2      9      2      1    851   2157
      1     18     10      1      7      3      1      3      1   1238   2217
      1     18     10      1      8      4      3      4      1   2061    802
      1     18     10      1      9      6      2      6      1   1022    988
      1     18     10      1     10      3     11      3      1   2072    839
      1     18     10      1     11      8      5      8      1   1436    711
      1     18     10      1     12      9     13      9      1    957   1150
      1     18     10      1     13     10      2     10      1   1927   1999
      1     18     10      1     14      7      4      7      1   1150   1173
      1     18     10      1     15      5      8      3      0   3544    869
      1     18     10      1     16      7      3      7      1   1266   2632
      1     18     10      1     17      2      4      2      1   1542   4080
      1     18     10      1     18      3      1      3      1   1161   1098
      1     18     10      1     19      2     12      2      1   1646   1243
      1     18     10      1     20      5      3      5      1   1069   1188
      1     18     10      2      1     10      9     10      1   2580     -1
      1     18     10      2      2      9     11      9      1   1976     -1
      1     18     10      2      3      6      4      6      1   1528     -1
      1     18     10      2      4      5     16      7      0   4193     -1
      1     18     10      2      5      7     12      7      1   2543     -1
      1     18     10      2      6     10     12     10      1   2259     -1
      1     18     10      2      7      3     13      3      1   1279     -1
      1     18     10      2      8      1     10      2      0   7826     -1
      1     18     10      2      9      9      7      9      1   4728     -1
      1     18     10      2     10      5     12      5      1   1761     -1
      1     18     10      2     11      2     15      2      1   1594     -1
      1     18     10      2     12      4     14      4      1   1929     -1
      1     18     10      2     13      6     11      6      1   1360     -1
      1     18     10      2     14      7      5      7      1   1744     -1
      1     18     10      2     15      8      9     10      0   1677     -1
      1     18     10      2     16      4      7     10      0   1178     -1
      1     18     10      2     17      3      3      1      0   2927     -1
      1     18     10      2     18      1      2      1      1   2126     -1
      1     18     10      2     19      8     10      8      1   1110     -1
      1     18     10      2     20      2      5      2      1   3076     -1
