      1      8      1      1      1      9     14      9      1   4271
      1      8      1      1      2      1      2      2      0   2522
      1      8      1      1      3      3     16      3      1   5922
      1      8      1      1      4      6     16      6      1   5808
      1      8      1      1      5     10      5      2      0   3788
      1      8      1      1      6     10      1      4      0   2229
      1      8      1      1      7      2      1      5      0   2211
      1      8      1      1      8      4      3      5      0   1586
      1      8      1      1      9      1      4      8      0   4077
      1      8      1      1     10      9      9      7      0   5443
      1      8      1      1     11      7      1     10      0   2360
      1      8      1      1     12      8      1      2      0   4558
      1      8      1      1     13      5      5      1      0   4848
      1      8      1      1     14      2     11      4      0   1829
      1      8      1      1     15      8      7      1      0   2714
      1      8      1      1     16      5      4      5      1   2121
      1      8      1      1     17      7     11      3      0   2128
      1      8      1      1     18      4      7     10      0   4341
      1      8      1      1     19      3      9      5      0   1406
      1      8      1      1     20      6      4      6      1   1209
      1      8      1      2      1      6      8      6      1   1922
      1      8      1      2      2      8     14      8      1   1874
      1      8      1      2      3      2     10      1      0   3475
      1      8      1      2      4      3      8      8      0   6542
      1      8      1      2      5      3     15      4      0   3694
      1      8      1      2      6      6     15      6      1   1939
      1      8      1      2      7     10      9      1      0   2980
      1      8      1      2      8      1      7     10      0   2707
      1      8      1      2      9      7      2      3      0   3542
      1      8      1      2     10      9      8      9      1   2641
      1      8      1      2     11      9      4      9      1   2162
      1      8      1      2     12      8      2      8      1   2909
      1      8      1      2     13      4      9      6      0   4179
      1      8      1      2     14      2     14      2      1   2192
      1      8      1      2     15      4     10      7      0   5292
      1      8      1      2     16      1      3      4      0   3062
      1      8      1      2     17      5     12      5      1   1942
      1      8      1      2     18     10     16      2      0   2812
      1      8      1      2     19      7     13     10      0   1625
      1      8      1      2     20      5      3      4      0   2596
      1      8      2      1      1      9     11      9      1   4506
      1      8      2      1      2      2      2      2      1   1912
      1      8      2      1      3      9      7      9      1   1174
      1      8      2      1      4     10     15      4      0   1346
      1      8      2      1      5      1      9      4      0   1546
      1      8      2      1      6      6     11      6      1    974
      1      8      2      1      7      5      6      5      1   1022
      1      8      2      1      8      5     10      8      0   3197
      1      8      2      1      9      3      7      5      0   1283
      1      8      2      1     10      7      5      3      0   1641
      1      8      2      1     11      3      5      5      0   2244
      1      8      2      1     12      8     12      3      0   1513
      1      8      2      1     13      4      2      2      0   3071
      1      8      2      1     14      4      1      1      0   1997
      1      8      2      1     15      2      6      7      0   2957
      1      8      2      1     16      6     13      6      1   1278
      1      8      2      1     17      8      3      4      0   1893
      1      8      2      1     18      7     14     10      0   3342
      1      8      2      1     19     10     13      4      0   3555
      1      8      2      1     20      1     13      3      0   2619
      1      8      2      2      1      6     14      6      1   2796
      1      8      2      2      2      1     10      1      1   2626
      1      8      2      2      3     10      4     10      1   5375
      1      8      2      2      4      4     14      7      0   3842
      1      8      2      2      5      1      8      2      0   2925
      1      8      2      2      6      3      3      5      0   1142
      1      8      2      2      7      9     15      9      1   1459
      1      8      2      2      8      4     15      3      0   3558
      1      8      2      2      9      8      5      8      1   3824
      1      8      2      2     10      7      7      1      0   2242
      1      8      2      2     11     10      7      4      0  24892
      1      8      2      2     12      8     13      8      1   3808
      1      8      2      2     13      2      5      2      1   1743
      1      8      2      2     14      2      7      9      0   1342
      1      8      2      2     15      3     12      5      0   1180
      1      8      2      2     16      5     11      5      1   1876
      1      8      2      2     17      9     12      9      1   2177
      1      8      2      2     18      7     16      1      0   2029
      1      8      2      2     19      5      2      3      0   2658
      1      8      2      2     20      6      5      6      1   2075
      1      8      3      1      1      8      8      7      0   2874
      1      8      3      1      2      9     10      9      1   1063
      1      8      3      1      3      7      3      1      0   1463
      1      8      3      1      4      6      3      6      1   1063
      1      8      3      1      5      9      2      9      1   1092
      1      8      3      1      6      7      9      8      0   3140
      1      8      3      1      7     10     10      3      0   1773
      1      8      3      1      8      3     11      3      1   1105
      1      8      3      1      9     10     11      2      0   1568
      1      8      3      1     10      8     16      1      0   2996
      1      8      3      1     11      4     11      2      0   1278
      1      8      3      1     12      3      1      3      1   3813
      1      8      3      1     13      1     14      1      1   2000
      1      8      3      1     14      5     13     10      0   4261
      1      8      3      1     15      6      7      6      1   1290
      1      8      3      1     16      4     16      2      0   1472
      1      8      3      1     17      1      1      1      1   2703
      1      8      3      1     18      2     16      2      1   2525
      1      8      3      1     19      2      8      3      0   5450
      1      8      3      1     20      5     16      5      1   1370
      1      8      3      2      1      1      6      3      0   8095
      1      8      3      2      2      9     13      9      1   1509
      1      8      3      2      3     10     12     10      1   2959
      1      8      3      2      4      2      3      1      0   5942
      1      8      3      2      5      8     15      8      1   3095
      1      8      3      2      6      1     16      3      0   4109
      1      8      3      2      7      7      4      7      1   3075
      1      8      3      2      8     10      3      8      0   5109
      1      8      3      2      9      3      6      5      0   1692
      1      8      3      2     10      7      8      6      0   1642
      1      8      3      2     11      5      9     10      0   1912
      1      8      3      2     12      3     13      3      1   1679
      1      8      3      2     13      6      1      6      1   1208
      1      8      3      2     14      9      6      9      1   1542
      1      8      3      2     15      8      9      1      0   3656
      1      8      3      2     16      6      2      6      1   1242
      1      8      3      2     17      2     12      1      0   6690
      1      8      3      2     18      4      4      3      0   3275
      1      8      3      2     19      5      7      5      1   1295
      1      8      3      2     20      4      8      4      1   2945
      1      8      4      1      1      6      3      6      1   1166
      1      8      4      1      2      9     14      9      1   1100
      1      8      4      1      3      1      1      5      0   1608
      1      8      4      1      4      3      1      3      1   1327
      1      8      4      1      5      4      3      1      0   2817
      1      8      4      1      6      2      1      2      1   1160
      1      8      4      1      7     10     11      2      0   1646
      1      8      4      1      8      9      2      9      1   1345
      1      8      4      1      9      2      8      2      1   1503
      1      8      4      1     10      7      3      8      0   3470
      1      8      4      1     11      1      4      3      0   2185
      1      8      4      1     12      8      1      2      0   1277
      1      8      4      1     13      5      5     10      0   3302
      1      8      4      1     14      8      8      7      0   1640
      1      8      4      1     15     10      5     10      1   5999
      1      8      4      1     16      7     11      6      0   1902
      1      8      4      1     17      3     16      1      0   3708
      1      8      4      1     18      5     13      5      1   1883
      1      8      4      1     19      6      4      6      1   1129
      1      8      4      1     20      4     16      1      0   4367
      1      8      4      2      1      8     11      9      0   4313
      1      8      4      2      2      4      5      4      1   2393
      1      8      4      2      3      5      8      5      1   2558
      1      8      4      2      4      7     10      7      1   3325
      1      8      4      2      5      6      6      6      1   1825
      1      8      4      2      6      8      6      8      1   4612
      1      8      4      2      7      3     14      3      1   1960
      1      8      4      2      8      5     14      3      0   3024
      1      8      4      2      9      3      4      5      0   1209
      1      8      4      2     10      6      9      6      1   1259
      1      8      4      2     11      1     11      1      1   2642
      1      8      4      2     12     10     14     10      1   2275
      1      8      4      2     13      4      6      4      1   5358
      1      8      4      2     14      7     15      8      0   4276
      1      8      4      2     15      2     15      2      1   6442
      1      8      4      2     16      2      9      2      1   1425
      1      8      4      2     17      9      1      9      1   1442
      1      8      4      2     18     10      8     10      1   1875
      1      8      4      2     19      1      5      1      1   4592
      1      8      4      2     20      9      5      9      1   1026
      1      8      5      1      1      3     11      3      1   1786
      1      8      5      1      2      9      9      9      1   1110
      1      8      5      1      3      8      7      7      0   1614
      1      8      5      1      4      7      9      8      0    946
      1      8      5      1      5      5      4      3      0   1642
      1      8      5      1      6     10      1      1      0   4890
      1      8      5      1      7      5     16      1      0  10672
      1      8      5      1      8      8     16      7      0   3710
      1      8      5      1      9      1      2      1      1   8167
      1      8      5      1     10      2     11      2      1   1326
      1      8      5      1     11      1     14      1      1   4790
      1      8      5      1     12      2     16      2      1   1099
      1      8      5      1     13      9     10      9      1   1229
      1      8      5      1     14      4     11      2      0   1128
      1      8      5      1     15      3      9      3      1   1126
      1      8      5      1     16     10     10      1      0   3042
      1      8      5      1     17      6      7      6      1   1048
      1      8      5      1     18      4      7      1      0   1802
      1      8      5      1     19      6     16      6      1   1072
      1      8      5      1     20      7      1      7      1   4318
      1      8      5      2      1      1     15      1      1   2812
      1      8      5      2      2      8     10      7      0   2542
      1      8      5      2      3     10      2     10      1   4527
      1      8      5      2      4      5      1      3      0   6876
      1      8      5      2      5     10      6     10      1   2275
      1      8      5      2      6      6     10      6      1   1759
      1      8      5      2      7      7      6      7      1   3076
      1      8      5      2      8      6     12      6      1   1693
      1      8      5      2      9      4     12      2      0   1492
      1      8      5      2     10      3      2      3      1   1142
      1      8      5      2     11      4     13      1      0   2379
      1      8      5      2     12      8      4     10      0   2594
      1      8      5      2     13      1     12      3      0   1875
      1      8      5      2     14      2     13      2      1   1676
      1      8      5      2     15      5     15      5      1   3459
      1      8      5      2     16      3     10      3      1   1626
      1      8      5      2     17      9      3      9      1   1509
      1      8      5      2     18      7     12      8      0   5541
      1      8      5      2     19      9     16      9      1   1209
      1      8      5      2     20      2      4      2      1   2663
      1      8      6      1      1      8      3      7      0  10983
      1      8      6      1      2      4      2      2      0   1452
      1      8      6      1      3      5     10      5      1   1235
      1      8      6      1      4      9      7      9      1   1150
      1      8      6      1      5      3      5      3      1   1210
      1      8      6      1      6      1     13      1      1   4270
      1      8      6      1      7     10     15     10      1   1743
      1      8      6      1      8     10     13     10      1   1218
      1      8      6      1      9      3      7      3      1   2988
      1      8      6      1     10      9     11      4      0   2856
      1      8      6      1     11      7     14      7      1   1977
      1      8      6      1     12      6     11      6      1    904
      1      8      6      1     13      1      9      4      0   2627
      1      8      6      1     14      4      1      4      1   3275
      1      8      6      1     15      8     12      3      0   1697
      1      8      6      1     16      7      5      7      1   2262
      1      8      6      1     17      2      2      2      1    986
      1      8      6      1     18      2      6      2      1   1999
      1      8      6      1     19      5      6      3      0   1149
      1      8      6      1     20      6     13      6      1    901
      1      8      6      2      1      4     13      1      0   9663
      1      8      6      2      2      7      6      7      1   3925
      1      8      6      2      3      3     10      3      1   1043
      1      8      6      2      4      9     16      9      1   1076
      1      8      6      2      5     10      6     10      1   1426
      1      8      6      2      6      8     10      8      1   2342
      1      8      6      2      7      6     10      6      1   1626
      1      8      6      2      8      3      2      3      1   1142
      1      8      6      2      9      7     12      1      0   8576
      1      8      6      2     10      1     15      1      1   4859
      1      8      6      2     11      2      4      2      1    962
      1      8      6      2     12      5     15      5      1   3626
      1      8      6      2     13     10      2     10      1   1630
      1      8      6      2     14      5      1      5      1   1329
      1      8      6      2     15      1     12      3      0   1913
      1      8      6      2     16      6     12      6      1    993
      1      8      6      2     17      2     13      2      1    976
      1      8      6      2     18      9      3      9      1   1109
      1      8      6      2     19      4     12      4      1   2691
      1      8      6      2     20      8      4     10      0   1825
      1      8      7      1      1     10      5      4      0   6929
      1      8      7      1      2      1      4      1      1   1819
      1      8      7      1      3      6      4      6      1    974
      1      8      7      1      4      7      5      7      1   1483
      1      8      7      1      5      7     11      7      1   1790
      1      8      7      1      6      2      1      2      1    934
      1      8      7      1      7      5     10      5      1   2145
      1      8      7      1      8      9     14      9      1    965
      1      8      7      1      9      4      3      4      1   3232
      1      8      7      1     10      3     16      3      1   1952
      1      8      7      1     11      2      6      2      1   1710
      1      8      7      1     12      8      3     10      0   2037
      1      8      7      1     13      4      2      2      0   1988
      1      8      7      1     14      5      5     10      0   2370
      1      8      7      1     15      9      7      9      1   1117
      1      8      7      1     16      6     13      6      1    916
      1      8      7      1     17      8      1      4      0   3048
      1      8      7      1     18      3      7      1      0   1569
      1      8      7      1     19      1     13     10      0   1799
      1      8      7      1     20     10     13     10      1   1365
      1      8      7      2      1      9      6      9      1   1246
      1      8      7      2      2      2      9      2      1   2026
      1      8      7      2      3      8     15      8      1   1875
      1      8      7      2      4      1     16      1      1   2211
      1      8      7      2      5      6      6      6      1   1359
      1      8      7      2      6     10      8     10      1   1642
      1      8      7      2      7      9      1      9      1   1375
      1      8      7      2      8      1     11      1      1   1907
      1      8      7      2      9      7      4      7      1   2561
      1      8      7      2     10      3      4      3      1   3029
      1      8      7      2     11      8      6      8      1   4942
      1      8      7      2     12      5     14      5      1   4129
      1      8      7      2     13      6      1      6      1   1091
      1      8      7      2     14      4      6      4      1   3176
      1      8      7      2     15     10     12     10      1   2729
      1      8      7      2     16      3      6      5      0   1912
      1      8      7      2     17      7     10      7      1   1377
      1      8      7      2     18      5      9      7      0   4359
      1      8      7      2     19      4      4      1      0   3476
      1      8      7      2     20      2     12      4      0   9225
      1      8      8      1      1      5     13      5      1   3920
      1      8      8      1      2      2     11      4      0   2887
      1      8      8      1      3      3      1      3      1   1156
      1      8      8      1      4      9      2      9      1   1014
      1      8      8      1      5      2      8      2      1   1090
      1      8      8      1      6      5      4      3      0   1929
      1      8      8      1      7     10     11      4      0   3278
      1      8      8      1      8      4     16      4      1   2347
      1      8      8      1      9     10      1      1      0   1465
      1      8      8      1     10      8      8      8      1   1585
      1      8      8      1     11      6      3      6      1    855
      1      8      8      1     12      4      7      1      0  12504
      1      8      8      1     13      1      1      3      0   1275
      1      8      8      1     14      7      1      7      1   4915
      1      8      8      1     15      3      9      3      1   1180
      1      8      8      1     16      6     16      6      1   1288
      1      8      8      1     17      1      2      3      0   2821
      1      8      8      1     18      8      7      8      1   1392
      1      8      8      1     19      7      3      7      1   1094
      1      8      8      1     20      9      9      9      1   1043
      1      8      8      2      1      4     10      4      1   2579
      1      8      8      2      2     10     14     10      1   2043
      1      8      8      2      3      6      9      6      1   1113
      1      8      8      2      4      5      8      5      1   1460
      1      8      8      2      5      1      7      1      1   5979
      1      8      8      2      6      8     11      9      0   2859
      1      8      8      2      7      7      2      5      0   3663
      1      8      8      2      8      9      8      9      1   2159
      1      8      8      2      9     10      9     10      1   2175
      1      8      8      2     10      4      5      4      1   4608
      1      8      8      2     11      6      8      6      1    893
      1      8      8      2     12      2     14      9      0   1009
      1      8      8      2     13      8      2      8      1   1958
      1      8      8      2     14      3     14      1      0   2928
      1      8      8      2     15      1      5      1      1   6993
      1      8      8      2     16      9      5      9      1   1675
      1      8      8      2     17      7     15      7      1   3712
      1      8      8      2     18      5     12     10      0   4875
      1      8      8      2     19      2     15      2      1   2641
      1      8      8      2     20      3     15      3      1   1458
      1      8      9      1      1      3      5      1      0   2419
      1      8      9      1      2      1      9      4      0   1689
      1      8      9      1      3      7      9      7      1   1044
      1      8      9      1      4      4     11      2      0   1041
      1      8      9      1      5      5      6      5      1   1044
      1      8      9      1      6      6      7      6      1    897
      1      8      9      1      7      7     14      7      1   5429
      1      8      9      1      8     10     10      1      0   2691
      1      8      9      1      9      9     11      9      1   5106
      1      8      9      1     10      1     14      1      1   2203
      1      8      9      1     11      2     16      2      1   1066
      1      8      9      1     12      3     11      3      1   1038
      1      8      9      1     13      4      1      4      1   1876
      1      8      9      1     14      2      2      2      1   1055
      1      8      9      1     15     10     15     10      1   2318
      1      8      9      1     16      8     12      3      0   2076
      1      8      9      1     17      5     16     10      0   1849
      1      8      9      1     18      9     10      9      1    804
      1      8      9      1     19      6     11      6      1    938
      1      8      9      1     20      8     16      8      1   1463
      1      8      9      2      1      1      3      1      1   2662
      1      8      9      2      2      8     14     10      0   1542
      1      8      9      2      3      6      5      6      1   1025
      1      8      9      2      4      4      9      4      1   3990
      1      8      9      2      5      7     13      1      0   2279
      1      8      9      2      6      9     12      9      1   1226
      1      8      9      2      7      8     13      8      1   3396
      1      8      9      2      8     10      4     10      1   1275
      1      8      9      2      9      2     10      2      1   1625
      1      8      9      2     10      3      3      3      1   3093
      1      8      9      2     11      5      3      5      1   1475
      1      8      9      2     12      5      2      5      1   1309
      1      8      9      2     13      4     15      1      0   2125
      1      8      9      2     14      2      5      2      1   1110
      1      8      9      2     15      7      7      7      1   1309
      1      8      9      2     16      3      8      3      1   1508
      1      8      9      2     17      1     10      4      0   1825
      1      8      9      2     18      9      4      9      1   1076
      1      8      9      2     19     10     16     10      1   2025
      1      8      9      2     20      6     15      6      1   1274
      1      8     10      1      1      9      7      9      1   1005
      1      8     10      1      2      8      7      8      1   1009
      1      8     10      1      3      5      4      5      1   1088
      1      8     10      1      4      3      9      3      1    904
      1      8     10      1      5      1     13      1      1   1710
      1      8     10      1      6      8      3      7      0   5183
      1      8     10      1      7      4      7      1      0   2877
      1      8     10      1      8      2      6      2      1    961
      1      8     10      1      9      3      7      1      0   4362
      1      8     10      1     10      7      5      7      1   1049
      1      8     10      1     11      4      2      2      0    938
      1      8     10      1     12      5     10      5      1   1234
      1      8     10      1     13      9      9      9      1    894
      1      8     10      1     14     10      1      1      0   1861
      1      8     10      1     15     10     13     10      1   1107
      1      8     10      1     16      6     13      6      1    900
      1      8     10      1     17      1      2      1      1   2292
      1      8     10      1     18      7      1      7      1   1127
      1      8     10      1     19      2     11      2      1   1159
      1      8     10      1     20      6     16      6      1    936
      1      8     10      2      1      2      3      1      0   2996
      1      8     10      2      2     10      3     10      1   1612
      1      8     10      2      3      5     11      5      1   1895
      1      8     10      2      4      5      7      5      1   1476
      1      8     10      2      5      3     13      3      1   1291
      1      8     10      2      6      9     15      9      1   1160
      1      8     10      2      7      8      9      8      1   6762
      1      8     10      2      8      6     14      6      1    979
      1      8     10      2      9      7     16      7      1   1074
      1      8     10      2     10      8      5      8      1   1574
      1      8     10      2     11      4     14      1      0   6176
      1      8     10      2     12      1      8      2      0   3660
      1      8     10      2     13     10      7     10      1    943
      1      8     10      2     14      2      7      9      0   1324
      1      8     10      2     15      9     13      9      1    991
      1      8     10      2     16      1      6      1      1   2225
      1      8     10      2     17      6      2      6      1   1341
      1      8     10      2     18      3     12      3      1   1725
      1      8     10      2     19      7      8      7      1   1092
      1      8     10      2     20      4      8      4      1   1659
