      1     28      1      1      1      1     14      5      0   3403
      1     28      1      1      2      1      8      4      0   4052
      1     28      1      1      3      9     11      6      0   2721
      1     28      1      1      4      8     11     10      0   2572
      1     28      1      1      5      2      8      7      0   2610
      1     28      1      1      6      5     11      5      1   1404
      1     28      1      1      7     10      8      6      0   2924
      1     28      1      1      8      4     10      2      0   2325
      1     28      1      1      9      3     10      5      0   1422
      1     28      1      1     10      6     12     10      0   2420
      1     28      1      1     11      7      6      7      1   2813
      1     28      1      1     12      6      5      2      0   2239
      1     28      1      1     13      4      7      1      0   1641
      1     28      1      1     14      5      3      5      1   1067
      1     28      1      1     15      9      3      6      0   2268
      1     28      1      1     16      2     13      2      1   1359
      1     28      1      1     17      7      5      7      1   2829
      1     28      1      1     18      8     15      5      0   1168
      1     28      1      1     19      3     12      5      0   1196
      1     28      1      1     20     10      3      2      0   1772
      1     28      1      2      1      2     12      3      0   6675
      1     28      1      2      2      2     15      2      1   2390
      1     28      1      2      3      5      4      5      1   1458
      1     28      1      2      4      5      9      5      1   1492
      1     28      1      2      5      8     10      8      1   2773
      1     28      1      2      6      6     11      6      1   1974
      1     28      1      2      7      1      1      2      0   1309
      1     28      1      2      8      4      4      5      0   1259
      1     28      1      2      9      7      4      5      0   2512
      1     28      1      2     10      9      8      6      0   4575
      1     28      1      2     11      4      3     10      0   2057
      1     28      1      2     12      8     16     10      0   2392
      1     28      1      2     13      6      8      6      1   1242
      1     28      1      2     14      3      2      7      0   2207
      1     28      1      2     15     10     10      1      0   1592
      1     28      1      2     16      1      3      4      0   5408
      1     28      1      2     17      3     11      5      0   1075
      1     28      1      2     18      9      4      6      0   1462
      1     28      1      2     19      7     15      8      0   1891
      1     28      1      2     20     10      2      9      0   1626
      1     28      2      1      1      7     13      2      0   3113
      1     28      2      1      2      2     14      2      1   1297
      1     28      2      1      3      5      7      5      1   1235
      1     28      2      1      4      4     14      2      0   1085
      1     28      2      1      5      8      6      5      0   1872
      1     28      2      1      6      2     16      2      1   1158
      1     28      2      1      7      5     14      5      1   1073
      1     28      2      1      8      6      4      6      1   1120
      1     28      2      1      9      6      3      6      1   1110
      1     28      2      1     10      4      5      2      0   1173
      1     28      2      1     11      3     16      9      0   1797
      1     28      2      1     12     10     14      3      0   1994
      1     28      2      1     13      9      7      6      0   3288
      1     28      2      1     14      1      9      8      0   2601
      1     28      2      1     15      9     13      9      1   2340
      1     28      2      1     16      1     10     10      0   2013
      1     28      2      1     17      3     13      5      0   1469
      1     28      2      1     18      7     16      7      1   2029
      1     28      2      1     19     10     13      2      0   1091
      1     28      2      1     20      8      4      1      0   1544
      1     28      2      2      1      7     10      7      1   2346
      1     28      2      2      2      9      6      6      0   3975
      1     28      2      2      3      5      5      4      0   2407
      1     28      2      2      4      3     15      3      1   1726
      1     28      2      2      5      6     10      6      1   1396
      1     28      2      2      6      1     16      3      0   2008
      1     28      2      2      7      5     13     10      0   2542
      1     28      2      2      8      1     11      1      1   1363
      1     28      2      2      9      6      1      6      1   1309
      1     28      2      2     10      2      7      9      0   1795
      1     28      2      2     11      8      7      3      0   1376
      1     28      2      2     12      8     14      7      0   2142
      1     28      2      2     13      2      3      4      0   1296
      1     28      2      2     14      4      1      4      1   1290
      1     28      2      2     15      3      3      3      1   1445
      1     28      2      2     16      9      9      9      1   1173
      1     28      2      2     17     10      4      1      0   1442
      1     28      2      2     18      4     16      2      0   3426
      1     28      2      2     19     10      9     10      1   2093
      1     28      2      2     20      7     11      2      0   5340
      1     28      3      1      1      3      1      2      0   5033
      1     28      3      1      2      5      8      5      1   1033
      1     28      3      1      3      8      8      8      1   3259
      1     28      3      1      4      4      6      1      0   1621
      1     28      3      1      5      5      6      3      0   1522
      1     28      3      1      6      1      6      2      0   1505
      1     28      3      1      7      6      7      2      0   1905
      1     28      3      1      8      3      7      5      0   1780
      1     28      3      1      9      7      7      6      0   1488
      1     28      3      1     10      6     13      6      1   1216
      1     28      3      1     11      8      1      2      0   2257
      1     28      3      1     12      2     11      8      0   4335
      1     28      3      1     13     10     16      9      0   2251
      1     28      3      1     14      1      5      5      0   2158
      1     28      3      1     15     10      6      2      0   1500
      1     28      3      1     16      2      6      2      1   2842
      1     28      3      1     17      7      9      5      0   2450
      1     28      3      1     18      9     12      9      1   1199
      1     28      3      1     19      4     13      3      0   2427
      1     28      3      1     20      9     16      9      1   1772
      1     28      3      2      1      6     14      6      1   3046
      1     28      3      2      2      6     15      6      1   2892
      1     28      3      2      3      1     15      3      0   3057
      1     28      3      2      4      4      9      2      0   1542
      1     28      3      2      5      8     13      3      0   2158
      1     28      3      2      6      4      8      4      1   3775
      1     28      3      2      7      2     10      4      0   1475
      1     28      3      2      8      3      4      3      1   1825
      1     28      3      2      9     10     15     10      1   1758
      1     28      3      2     10      1     12     10      0   1791
      1     28      3      2     11      7     12      7      1   2076
      1     28      3      2     12      8     12      7      0   1476
      1     28      3      2     13      2      5      2      1   1524
      1     28      3      2     14      9      1      9      1   1560
      1     28      3      2     15      9      5      9      1   1527
      1     28      3      2     16      7      8      7      1   3293
      1     28      3      2     17      5     10      5      1   2641
      1     28      3      2     18     10      5      4      0   2143
      1     28      3      2     19      5     12      5      1   1225
      1     28      3      2     20      3      9      5      0   1108
      1     28      4      1      1      3     16      5      0   1291
      1     28      4      1      2      6      3      2      0   1439
      1     28      4      1      3      3     10      3      1   1252
      1     28      4      1      4      8     15      6      0   1552
      1     28      4      1      5      7      6      7      1   1595
      1     28      4      1      6      1     10      4      0   1895
      1     28      4      1      7      5     11      5      1   1081
      1     28      4      1      8      7     13      7      1   1368
      1     28      4      1      9      5     14      5      1   1133
      1     28      4      1     10      9      7      9      1   3063
      1     28      4      1     11     10      8      8      0   3833
      1     28      4      1     12      2     16      2      1   1691
      1     28      4      1     13      4      7      2      0   2391
      1     28      4      1     14      4      5      2      0   4470
      1     28      4      1     15     10     13     10      1   1997
      1     28      4      1     16      9     11      9      1   2182
      1     28      4      1     17      8      6      6      0   1494
      1     28      4      1     18      1      8      3      0   2801
      1     28      4      1     19      6      5      6      1   1251
      1     28      4      1     20      2     13      2      1   1132
      1     28      4      2      1      8      5      1      0   3362
      1     28      4      2      2      3     14      5      0   1242
      1     28      4      2      3      5     16      5      1   2742
      1     28      4      2      4      4     11     10      0   3975
      1     28      4      2      5      3      6      5      0   1295
      1     28      4      2      6      8      9      4      0   1476
      1     28      4      2      7      9      2      9      1   1174
      1     28      4      2      8      1      4      8      0   1592
      1     28      4      2      9      1      7      3      0   1691
      1     28      4      2     10      7      2      6      0   1441
      1     28      4      2     11      2      4      2      1   1441
      1     28      4      2     12     10     11      7      0   1774
      1     28      4      2     13      7     14      6      0   1975
      1     28      4      2     14      4     12      2      0   1008
      1     28      4      2     15      5      1      5      1   1212
      1     28      4      2     16     10      1      4      0   1493
      1     28      4      2     17      6     16      6      1   1189
      1     28      4      2     18      2      2      2      1   1260
      1     28      4      2     19      9     10      9      1   1307
      1     28      4      2     20      6      6      6      1   1208
      1     28      5      1      1      7      7      6      0   1716
      1     28      5      1      2      6     13      6      1   1055
      1     28      5      1      3      8     11      9      0   1349
      1     28      5      1      4     10      3      6      0   1173
      1     28      5      1      5      9      3      9      1   1776
      1     28      5      1      6      5      6      5      1   1217
      1     28      5      1      7      3      1      2      0   1069
      1     28      5      1      8      1      6      4      0   1490
      1     28      5      1      9      8      1      2      0   1265
      1     28      5      1     10      2     11      9      0   1842
      1     28      5      1     11      9     16      9      1   1503
      1     28      5      1     12     10      6      2      0   1301
      1     28      5      1     13      6     12      6      1   1172
      1     28      5      1     14      5      3      3      0   1717
      1     28      5      1     15      1     14      5      0   1697
      1     28      5      1     16      4      6      3      0   3327
      1     28      5      1     17      2      8      2      1   1420
      1     28      5      1     18      4     10      2      0   1417
      1     28      5      1     19      7      5      7      1   2582
      1     28      5      1     20      3     12      5      0   1047
      1     28      5      2      1      7      3      7      1   1459
      1     28      5      2      2      8      2      4      0   3259
      1     28      5      2      3     10     12     10      1   1525
      1     28      5      2      4      6      9      6      1   1193
      1     28      5      2      5      5     15      5      1   1096
      1     28      5      2      6      5      2      5      1   1358
      1     28      5      2      7      8      3      7      0   1342
      1     28      5      2      8      3      8      5      0   1242
      1     28      5      2      9      9     14      9      1   1093
      1     28      5      2     10      1     13      6      0   1792
      1     28      5      2     11      6      2      6      1    791
      1     28      5      2     12      3      5      3      1   1793
      1     28      5      2     13     10      7      1      0   2592
      1     28      5      2     14      1      2      9      0   1292
      1     28      5      2     15      7      1      2      0    992
      1     28      5      2     16      4     15      2      0    876
      1     28      5      2     17      2      9      2      1    813
      1     28      5      2     18      2      1      2      1   1079
      1     28      5      2     19      9     15      9      1   1241
      1     28      5      2     20      4      2      2      0   1058
      1     28      6      1      1     10     14      4      0   2062
      1     28      6      1      2      7     16      7      1   1125
      1     28      6      1      3      6      4      6      1   1176
      1     28      6      1      4      3     13      5      0   1289
      1     28      6      1      5      8      4      4      0   1448
      1     28      6      1      6      4     14      2      0   2077
      1     28      6      1      7      7      9      2      0   1810
      1     28      6      1      8      9     12      9      1   2294
      1     28      6      1      9      5      7      3      0   1233
      1     28      6      1     10      1      9      7      0   4656
      1     28      6      1     11      6      7      6      1   2779
      1     28      6      1     12      1      5      7      0   1459
      1     28      6      1     13      3      7      5      0   1249
      1     28      6      1     14      2      6      2      1    889
      1     28      6      1     15      4     13      3      0   1189
      1     28      6      1     16      8      8      4      0   2001
      1     28      6      1     17      2     14      2      1   8457
      1     28      6      1     18      5      8      5      1   1523
      1     28      6      1     19      9     13      9      1   1175
      1     28      6      1     20     10     16      9      0   1785
      1     28      6      2      1      6     10      6      1   1347
      1     28      6      2      2      5     13      7      0   2125
      1     28      6      2      3      7     11      7      1   1624
      1     28      6      2      4     10      4      9      0   1658
      1     28      6      2      5      3     15      3      1   3809
      1     28      6      2      6      9      5      9      1   1176
      1     28      6      2      7      7     12      7      1   1646
      1     28      6      2      8      3      4      3      1   2693
      1     28      6      2      9      6     14      6      1   1293
      1     28      6      2     10      1     15      4      0   2142
      1     28      6      2     11      4      9      6      0   2243
      1     28      6      2     12      4     16      6      0   2312
      1     28      6      2     13      2     10      2      1   1392
      1     28      6      2     14      5     12      5      1   1172
      1     28      6      2     15     10     15     10      1   1492
      1     28      6      2     16      8     13     10      0   1559
      1     28      6      2     17      2      3      2      1   2026
      1     28      6      2     18      8      7      3      0   1059
      1     28      6      2     19      1     11      3      0   1293
      1     28      6      2     20      9      6      9      1   4142
      1     28      7      1      1      5      6      5      1   1267
      1     28      7      1      2      1      8      2      0   1323
      1     28      7      1      3      1      6      1      1   2175
      1     28      7      1      4      8      1      2      0   1172
      1     28      7      1      5      6      5      6      1   1076
      1     28      7      1      6     10      8     10      1   3422
      1     28      7      1      7      2     11      7      0   4916
      1     28      7      1      8     10      6      2      0   1028
      1     28      7      1      9      9     11      9      1   2023
      1     28      7      1     10      4      6      2      0   3386
      1     28      7      1     11      3     10      4      0   2516
      1     28      7      1     12      7      7      7      1    958
      1     28      7      1     13      8     15      4      0   2272
      1     28      7      1     14      5     11      5      1   1476
      1     28      7      1     15      7      6      7      1   1458
      1     28      7      1     16      3      1      3      1   1537
      1     28      7      1     17      2     13      2      1    873
      1     28      7      1     18      9     16      9      1   1162
      1     28      7      1     19      4      7      1      0   1507
      1     28      7      1     20      6     13      6      1   1038
      1     28      7      2      1      7      3      7      1   1364
      1     28      7      2      2      2      1      2      1   1142
      1     28      7      2      3      1      2      4      0   2058
      1     28      7      2      4      6      6      6      1   1559
      1     28      7      2      5      8      3      7      0   2342
      1     28      7      2      6      9     10      9      1    929
      1     28      7      2      7      5      2      3      0   1958
      1     28      7      2      8      3      5      3      1   1224
      1     28      7      2      9     10     11      4      0   1740
      1     28      7      2     10      8      9      4      0    992
      1     28      7      2     11     10     12      8      0   1258
      1     28      7      2     12      4      2      2      0    896
      1     28      7      2     13      1      4     10      0   1292
      1     28      7      2     14      4     11      2      0    958
      1     28      7      2     15      3     14      5      0   1174
      1     28      7      2     16      2      4      2      1    959
      1     28      7      2     17      5     16      8      0   2143
      1     28      7      2     18      7      2      7      1   1575
      1     28      7      2     19      6      9      6      1   1245
      1     28      7      2     20      9     15      9      1   1391
      1     28      8      1      1      9     12      9      1   3305
      1     28      8      1      2      4     10      2      0   1495
      1     28      8      1      3      6     12      6      1   1349
      1     28      8      1      4      1      5      8      0   1365
      1     28      8      1      5     10     16     10      1   2002
      1     28      8      1      6      2      6      2      1   1058
      1     28      8      1      7     10      3      2      0   1040
      1     28      8      1      8      8      8      3      0   1771
      1     28      8      1      9      5      3      3      0   1025
      1     28      8      1     10      2      8      2      1   3542
      1     28      8      1     11      8     11      2      0   1140
      1     28      8      1     12      7      9      7      1   1795
      1     28      8      1     13      3     12      3      1   3941
      1     28      8      1     14      3      7      4      0   1358
      1     28      8      1     15      5      8      5      1   1942
      1     28      8      1     16      9      3      9      1   1024
      1     28      8      1     17      6      7      6      1   2244
      1     28      8      1     18      7      5      7      1   1094
      1     28      8      1     19      4     13      2      0   1101
      1     28      8      1     20      1     14     10      0   2078
      1     28      8      2      1      3     11      3      1   2143
      1     28      8      2      2      9      4      9      1    958
      1     28      8      2      3      2      5      2      1    910
      1     28      8      2      4      9      1      9      1    925
      1     28      8      2      5      1     12      9      0   2459
      1     28      8      2      6      8     16      2      0   1025
      1     28      8      2      7      7      4      5      0   1091
      1     28      8      2      8      8     12      3      0    859
      1     28      8      2      9     10      5      9      0   1041
      1     28      8      2     10      5      9      5      1   1075
      1     28      8      2     11      2     12      2      1    962
      1     28      8      2     12      3      9      5      0   1608
      1     28      8      2     13      1      1      2      0    875
      1     28      8      2     14      5     10      5      1   1357
      1     28      8      2     15      4      8      2      0   1292
      1     28      8      2     16      6     15      6      1   1242
      1     28      8      2     17      6     11      6      1   1059
      1     28      8      2     18      4      4      8      0   2709
      1     28      8      2     19      7      8      7      1   1125
      1     28      8      2     20     10     10      1      0   1524
      1     28      9      1      1      5     14      5      1   1348
      1     28      9      1      2      7     16      7      1    945
      1     28      9      1      3      1      9      9      0   1883
      1     28      9      1      4      1     10      1      1   1162
      1     28      9      1      5      2     14      7      0   1545
      1     28      9      1      6      4      5      7      0   1108
      1     28      9      1      7     10     13      2      0   1254
      1     28      9      1      8      2     16      4      0   1448
      1     28      9      1      9      7     13      2      0   1110
      1     28      9      1     10      4     14      2      0   1439
      1     28      9      1     11      9      7      9      1   5478
      1     28      9      1     12     10     14      8      0   2348
      1     28      9      1     13      6      4      6      1    896
      1     28      9      1     14      3     16      5      0   1453
      1     28      9      1     15      8      4      2      0    988
      1     28      9      1     16      3     13      5      0   1195
      1     28      9      1     17      5      7      5      1   1069
      1     28      9      1     18      9     13      9      1    876
      1     28      9      1     19      8      6      3      0   1671
      1     28      9      1     20      6      3      6      1   1067
      1     28      9      2      1      9     14      9      1   1095
      1     28      9      2      2      8     10      7      0   1892
      1     28      9      2      3      5     15      5      1   1057
      1     28      9      2      4     10      2      1      0   2306
      1     28      9      2      5      5      4      3      0    957
      1     28      9      2      6      4     15      8      0   1629
      1     28      9      2      7      3      8      5      0   1207
      1     28      9      2      8     10      7      2      0   2542
      1     28      9      2      9      9      8      9      1   1742
      1     28      9      2     10      1     13      6      0   1692
      1     28      9      2     11      6      2      6      1   1341
      1     28      9      2     12      6      8      6      1    825
      1     28      9      2     13      8      2      7      0   1407
      1     28      9      2     14      7      1      8      0   1275
      1     28      9      2     15      1      3      1      1   1625
      1     28      9      2     16      3      2      3      1    942
      1     28      9      2     17      4      3     10      0   2329
      1     28      9      2     18      2      9      2      1   1679
      1     28      9      2     19      2     15      2      1    891
      1     28      9      2     20      7     15      7      1   1225
      1     28     10      1      1      9     13      9      1    946
      1     28     10      1      2      5      7      3      0   1916
      1     28     10      1      3      5      6      5      1   2108
      1     28     10      1      4      8      1      2      0   2140
      1     28     10      1      5      4     14      7      0   1528
      1     28     10      1      6      7      7      7      1   1176
      1     28     10      1      7      4      6      2      0   1100
      1     28     10      1      8      1      6      2      0    888
      1     28     10      1      9     10     14      4      0    957
      1     28     10      1     10      6     13      6      1    925
      1     28     10      1     11      1      9      2      0   1036
      1     28     10      1     12     10      6      7      0   1272
      1     28     10      1     13      6      4      6      1   1333
      1     28     10      1     14      9     16      9      1   1035
      1     28     10      1     15      8      4      7      0   7474
      1     28     10      1     16      2     14      2      1   2074
      1     28     10      1     17      7     16      7      1   1442
      1     28     10      1     18      3      1      3      1   1072
      1     28     10      1     19      2     11      2      1   1043
      1     28     10      1     20      3     13      3      1    909
      1     28     10      2      1      3      6      5      0   1130
      1     28     10      2      2     10      1      1      0   1229
      1     28     10      2      3      1      7      1      1   1008
      1     28     10      2      4      4     12      2      0   1096
      1     28     10      2      5      8      5      7      0   1246
      1     28     10      2      6      9      2      9      1   1057
      1     28     10      2      7      5      1      5      1   1608
      1     28     10      2      8      8     14      7      0   2828
      1     28     10      2      9      3      3      3      1   1008
      1     28     10      2     10      6      1      6      1   1059
      1     28     10      2     11      4      1     10      0   1311
      1     28     10      2     12      6     16      6      1    991
      1     28     10      2     13      2      7      9      0    941
      1     28     10      2     14      1     16      3      0    975
      1     28     10      2     15      7     10      7      1   1075
      1     28     10      2     16     10      9     10      1   1360
      1     28     10      2     17      2      2      2      1    991
      1     28     10      2     18      7     14      6      0    993
      1     28     10      2     19      5      5      4      0   1607
      1     28     10      2     20      9      9      9      1   1041
