     44      7      5
     44      6     12
     44      2     13
     44      2      9
     44      7      6
     44      7      7
     44      8      5
     44      6      7
     44      5      9
     44      6     15
     44      1      5
     44      2      8
     44      5     14
     44      3     10
     44      6     10
     44      2      3
     44      8      3
     44      1     11
     44      5      4
     44      2     10
     44      8      4
     44      8      9
     44      1     14
     44      4      5
     44      6      9
     44      8     15
     44      7     16
     44      3     12
     44      7     13
     44      3     13
     44      1     10
     44      5      8
     44      4      9
     44      3      2
     44      1      3
     44      5     11
     44      3      6
     44      4     13
     44      8      8
     44      4     14
     44      4     12
     44      1      2
     44      7      8
     44      3      7
     44      2      5
     44      4      3
     44      5      5
     44      6      5
