     47      3      9
     47      4      5
     47      6      9
     47      8      5
     47      8      3
     47      3     13
     47      5     11
     47      5      4
     47      5     14
     47      2     13
     47      5      2
     47      4     11
     47      1      4
     47      7     10
     47      2      2
     47      1     14
     47      6     13
     47      8      6
     47      6     12
     47      5      8
     47      8      2
     47      3     12
     47      7      8
     47      1      7
     47      1      5
     47      4     10
     47      1      1
     47      4     12
     47      4      8
     47      7      2
     47      5      9
     47      6      7
     47      2      4
     47      3      7
     47      3     15
     47      4     14
     47      8     16
     47      2     10
     47      3      8
     47      7     12
     47      7      7
     47      2      1
     47      6      5
     47      1     10
     47      8     13
     47      2      3
     47      7     15
     47      6      8
