      1      1      1      1      1      9     16      4      0   4186
      1      1      1      1      2      4      2      4      1   3766
      1      1      1      1      3      7     16      7      1   2203
      1      1      1      1      4      2      6      5      0   2025
      1      1      1      1      5      5      9      1      0   1803
      1      1      1      1      6      9     15     10      0   3527
      1      1      1      1      7      2     10      6      0   2087
      1      1      1      1      8      1      4      5      0   1783
      1      1      1      1      9     10     15      7      0   4295
      1      1      1      1     10      7      9      7      1   3408
      1      1      1      1     11      6     16      6      1   5580
      1      1      1      1     12      5      4      5      1   3758
      1      1      1      1     13      3      7      2      0   1586
      1      1      1      1     14     10     13      9      0   2068
      1      1      1      1     15      4      4      9      0   2026
      1      1      1      1     16      3      9      4      0   4155
      1      1      1      1     17      1     15      5      0   1759
      1      1      1      1     18      6     14      6      1   1690
      1      1      1      1     19      8      9      8      1   2640
      1      1      1      1     20      8      3      7      0   3620
      1      1      1      2      1      2     14      9      0   5065
      1      1      1      2      2      5      8      5      1   2424
      1      1      1      2      3      7     12      1      0   2159
      1      1      1      2      4      9      7      4      0   3479
      1      1      1      2      5      1     10     10      0   1278
      1      1      1      2      6      8     10      2      0   1361
      1      1      1      2      7      7     11     10      0   6226
      1      1      1      2      8     10      2      9      0   2376
      1      1      1      2      9      3      8      5      0   1442
      1      1      1      2     10      1     11      3      0   3178
      1      1      1      2     11      8      2      9      0   2907
      1      1      1      2     12      6     12      6      1   1246
      1      1      1      2     13      4      7      2      0   5141
      1      1      1      2     14      3     13      1      0   1025
      1      1      1      2     15      9     13      9      1   1193
      1      1      1      2     16      6      8      6      1   1329
      1      1      1      2     17      2      4      4      0   2408
      1      1      1      2     18     10      6      3      0   1258
      1      1      1      2     19      4     11     10      0   3312
      1      1      1      2     20      5      5      1      0   3558
      1      1      2      1      1      3     12      5      0   2256
      1      1      2      1      2      5      1      2      0   1206
      1      1      2      1      3      7      1     10      0   1642
      1      1      2      1      4     10      8      8      0   1257
      1      1      2      1      5      9     14      4      0    999
      1      1      2      1      6      1      6     10      0   2904
      1      1      2      1      7      2     11      2      1   1481
      1      1      2      1      8      6     13      6      1   1138
      1      1      2      1      9      6      3      6      1   1120
      1      1      2      1     10      4      9      2      0   2496
      1      1      2      1     11      8      6      2      0   2205
      1      1      2      1     12      4      5      9      0   2205
      1      1      2      1     13      8     14      1      0   3101
      1      1      2      1     14      7      7      7      1   3176
      1      1      2      1     15     10     11      3      0   4889
      1      1      2      1     16      9      9      4      0   1897
      1      1      2      1     17      3     15      5      0   1591
      1      1      2      1     18      5     13      5      1   1616
      1      1      2      1     19      1     12      9      0   2092
      1      1      2      1     20      2      1     10      0   2165
      1      1      2      2      1      1     14      7      0   2096
      1      1      2      2      2      7      2      7      1   1459
      1      1      2      2      3      8      1      1      0   1958
      1      1      2      2      4      2     16     10      0   2042
      1      1      2      2      5      1      7      9      0   1407
      1      1      2      2      6     10     14      1      0   1777
      1      1      2      2      7      3     14      9      0   2579
      1      1      2      2      8      9     12      8      0   3295
      1      1      2      2      9      8      8      9      0   3774
      1      1      2      2     10      6      2      6      1   1341
      1      1      2      2     11     10      7      4      0   2493
      1      1      2      2     12      6     11      6      1    910
      1      1      2      2     13      7     10      8      0   4893
      1      1      2      2     14      4     10      2      0   2075
      1      1      2      2     15      5      2      5      1   1658
      1      1      2      2     16      2     15     10      0   1859
      1      1      2      2     17      9     11      3      0   2796
      1      1      2      2     18      3     16     10      0   5092
      1      1      2      2     19      5     16      9      0   2125
      1      1      2      2     20      4      6      4      1   3591
      1      1      3      1      1     10      9      1      0   4160
      1      1      3      1      2      8     12      9      0   1473
      1      1      3      1      3      6      7     10      0   2326
      1      1      3      1      4      3      5      4      0   1453
      1      1      3      1      5      3      2      6      0   2289
      1      1      3      1      6      1      2      7      0   3290
      1      1      3      1      7      9      1      2      0   1308
      1      1      3      1      8      7     15      7      1   1444
      1      1      3      1      9      7      4      5      0   1350
      1      1      3      1     10      4     13      4      1   1664
      1      1      3      1     11     10      5      1      0   1658
      1      1      3      1     12      4     15      1      0   3704
      1      1      3      1     13      9      4      9      1   5525
      1      1      3      1     14      1      1      2      0   2026
      1      1      3      1     15      2     12      9      0   2302
      1      1      3      1     16      8     11      3      0   1894
      1      1      3      1     17      5     11      5      1   1245
      1      1      3      1     18      2      8      2      1   4600
      1      1      3      1     19      6     15      6      1   1162
      1      1      3      1     20      5     12      5      1   1166
      1      1      3      2      1      3      6      5      0   1562
      1      1      3      2      2      7      3      7      1   2960
      1      1      3      2      3      5      3      5      1   3612
      1      1      3      2      4      1     13      2      0   2758
      1      1      3      2      5      9      5      9      1   2226
      1      1      3      2      6     10     10     10      1   4993
      1      1      3      2      7      8      7      4      0   1128
      1      1      3      2      8      6     10      6      1   1026
      1      1      3      2      9      9      8      2      0   1396
      1      1      3      2     10      1      8      2      0   1010
      1      1      3      2     11      2      5      3      0   4558
      1      1      3      2     12      4      8      1      0   3446
      1      1      3      2     13      3     10      8      0   4460
      1      1      3      2     14      6      6      6      1   1291
      1      1      3      2     15      5      6      5      1   1408
      1      1      3      2     16      4      3      4      1   3625
      1      1      3      2     17      8     16      7      0   1443
      1      1      3      2     18      7      5      7      1   1175
      1      1      3      2     19     10     12     10      1   1942
      1      1      3      2     20      2      7      9      0    996
      1      1      4      1      1      4      4      1      0  10219
      1      1      4      1      2      3      7      7      0   2303
      1      1      4      1      3      6     14      6      1   1192
      1      1      4      1      4      5      4      5      1   1463
      1      1      4      1      5      7      4     10      0   2938
      1      1      4      1      6      9     15      9      1   1637
      1      1      4      1      7     10      9     10      1   1336
      1      1      4      1      8      7     16      7      1   1259
      1      1      4      1      9      3      2      6      0   1882
      1      1      4      1     10      1      1      3      0   1949
      1      1      4      1     11      2      8      2      1   1895
      1      1      4      1     12      2      6      2      1    977
      1      1      4      1     13      4     15     10      0   2901
      1      1      4      1     14      6      7      6      1    985
      1      1      4      1     15      5     11      5      1   1209
      1      1      4      1     16      8     12      7      0   4647
      1      1      4      1     17      8      9      7      0   1586
      1      1      4      1     18      1      4      9      0   2892
      1      1      4      1     19      9      4      9      1   1587
      1      1      4      1     20     10     15      3      0   2563
      1      1      4      2      1      5      7      5      1   1312
      1      1      4      2      2      9      3     10      0   1741
      1      1      4      2      3     10      4      4      0   4625
      1      1      4      2      4     10      3      2      0   2479
      1      1      4      2      5      4      1      3      0   5476
      1      1      4      2      6      2      2      2      1   1262
      1      1      4      2      7      4     14      1      0   2675
      1      1      4      2      8      7     13      7      1   1825
      1      1      4      2      9      2      9      2      1   1093
      1      1      4      2     10      9     10      9      1   2108
      1      1      4      2     11      8      4      8      1   1692
      1      1      4      2     12      3      4      5      0   2792
      1      1      4      2     13      5     10      5      1   1360
      1      1      4      2     14      6      1      6      1   1245
      1      1      4      2     15      3      3      5      0   2228
      1      1      4      2     16      1      3      2      0   1142
      1      1      4      2     17      7      6      7      1   1675
      1      1      4      2     18      6      5      6      1   1109
      1      1      4      2     19      8     13      3      0   3257
      1      1      4      2     20      1      5      1      1   1808
      1      1      5      1      1      7      9      8      0   6618
      1      1      5      1      2      1     12      5      0   1549
      1      1      5      1      3      4      2      2      0   1155
      1      1      5      1      4      8      3      8      1   3424
      1      1      5      1      5      3      9      5      0   1140
      1      1      5      1      6      1     15      7      0   5606
      1      1      5      1      7     10      8     10      1   2305
      1      1      5      1      8     10     13      7      0   1563
      1      1      5      1      9      9     16      9      1   1216
      1      1      5      1     10      2      1      2      1   1171
      1      1      5      1     11      5      9      3      0   2664
      1      1      5      1     12      2     10      6      0   1103
      1      1      5      1     13      3     12      4      0   5094
      1      1      5      1     14      6     16      6      1    973
      1      1      5      1     15      4      5      1      0   2101
      1      1      5      1     16      8      6      7      0   1840
      1      1      5      1     17      9      9      9      1   3271
      1      1      5      1     18      5      1      1      0   2524
      1      1      5      1     19      6     13      6      1   1150
      1      1      5      1     20      7      7      7      1   1532
      1      1      5      2      1      8     15      3      0   2179
      1      1      5      2      2      8      5      1      0   2992
      1      1      5      2      3      7     14      8      0   2913
      1      1      5      2      4      3      1      4      0   1812
      1      1      5      2      5      4     12      1      0   4690
      1      1      5      2      6      9      2      9      1   1463
      1      1      5      2      7      6      4      6      1   1708
      1      1      5      2      8      3     11      4      0   4108
      1      1      5      2      9      7      8      7      1   1974
      1      1      5      2     10      5     15      5      1   1325
      1      1      5      2     11     10      1      3      0   3492
      1      1      5      2     12      4     16      2      0   1625
      1      1      5      2     13      2      3      2      1   1075
      1      1      5      2     14      5     14      4      0   3159
      1      1      5      2     15      9      6      9      1   1225
      1      1      5      2     16      6      9      6      1   1092
      1      1      5      2     17     10     16      2      0   2862
      1      1      5      2     18      1      9      2      0   1643
      1      1      5      2     19      2     13      2      1   1779
      1      1      5      2     20      1     16      4      0   4476
      1      1      6      1      1      2     11      2      1   2429
      1      1      6      1      2      8     11      4      0   3762
      1      1      6      1      3      8     14      8      1   1926
      1      1      6      1      4      2     12      9      0   1543
      1      1      6      1      5      7      1      8      0   2807
      1      1      6      1      6      4      9      3      0   2944
      1      1      6      1      7      7     15      8      0   2457
      1      1      6      1      8      6     15      6      1   1011
      1      1      6      1      9      5     12      5      1   1302
      1      1      6      1     10      5     13      5      1   1253
      1      1      6      1     11      9      1      9      1   1151
      1      1      6      1     12      3      5      1      0   1750
      1      1      6      1     13      4     13      4      1   4152
      1      1      6      1     14      1      2      1      1   3100
      1      1      6      1     15     10      5      3      0   3764
      1      1      6      1     16      6      3      6      1   1004
      1      1      6      1     17      3     15      4      0   2435
      1      1      6      1     18     10     11      2      0   1552
      1      1      6      1     19      1      6      4      0   6091
      1      1      6      1     20      9     14      9      1    965
      1      1      6      2      1      9     13      9      1   1014
      1      1      6      2      2      4     10      4      1   4909
      1      1      6      2      3      7     12      8      0   4323
      1      1      6      2      4     10     14      3      0   4409
      1      1      6      2      5      3      8      5      0  10126
      1      1      6      2      6      9     11      9      1   7460
      1      1      6      2      7      8      2      4      0   2458
      1      1      6      2      8      4     11      2      0   2891
      1      1      6      2      9      5      2      5      1   1376
      1      1      6      2     10     10      6      8      0   4042
      1      1      6      2     11      2     14     10      0   3026
      1      1      6      2     12      7     10      8      0   2309
      1      1      6      2     13      8      8      7      0   1809
      1      1      6      2     14      2     15      4      0   5593
      1      1      6      2     15      6      8      6      1   1158
      1      1      6      2     16      1     10      4      0   3543
      1      1      6      2     17      6      2      6      1   1008
      1      1      6      2     18      3     16      3      1   3026
      1      1      6      2     19      5      5      4      0   5492
      1      1      6      2     20      1      7      1      1   5428
      1      1      7      1      1      9     15      9      1   1969
      1      1      7      1      2      1      4      3      0   2761
      1      1      7      1      3      7     16      7      1   1502
      1      1      7      1      4      9     16      9      1   1199
      1      1      7      1      5      7      9      8      0   1501
      1      1      7      1      6      5      9      5      1   1765
      1      1      7      1      7      2      6      2      1   1341
      1      1      7      1      8      6     16      6      1   1082
      1      1      7      1      9      5      4      4      0   1978
      1      1      7      1     10      4      2      4      1   1521
      1      1      7      1     11      3      9      5      0   1370
      1      1      7      1     12      1     15      3      0   1253
      1      1      7      1     13      2     10      2      1   2218
      1      1      7      1     14     10     13      7      0   2238
      1      1      7      1     15      8      3      7      0   1702
      1      1      7      1     16      8      9      8      1   1316
      1      1      7      1     17      3      7      3      1   4095
      1      1      7      1     18      6     14      6      1   1006
      1      1      7      1     19     10     15      8      0   3208
      1      1      7      1     20      4      4      3      0  13463
      1      1      7      2      1      4      8      4      1   1896
      1      1      7      2      2      7      8      8      0   5375
      1      1      7      2      3      9      5      9      1   1742
      1      1      7      2      4      5      3      5      1   2175
      1      1      7      2      5      5     15      3      0   1559
      1      1      7      2      6      2      7      9      0   1575
      1      1      7      2      7      7      5      7      1   1862
      1      1      7      2      8      4     12      2      0   1374
      1      1      7      2      9      1      8      2      0    980
      1      1      7      2     10      6      6      6      1   1112
      1      1      7      2     11      8      5      4      0   4891
      1      1      7      2     12      6      9      6      1   1042
      1      1      7      2     13      3      6      5      0   1442
      1      1      7      2     14      3      1      4      0   1542
      1      1      7      2     15      1      9      2      0   1808
      1      1      7      2     16      2     13      2      1   2042
      1      1      7      2     17     10     16      4      0   5991
      1      1      7      2     18      9      6      9      1   1392
      1      1      7      2     19      8     16     10      0   1359
      1      1      7      2     20     10     12      3      0   2475
      1      1      8      1      1      1     12      3      0   2772
      1      1      8      1      2      6     13      6      1   1286
      1      1      8      1      3      8     12      3      0   2007
      1      1      8      1      4      9      9      9      1    940
      1      1      8      1      5      3     12      3      1   1422
      1      1      8      1      6      6      7      6      1   1124
      1      1      8      1      7      5      1     10      0   5349
      1      1      8      1      8      5     11      5      1   1156
      1      1      8      1      9      1      1      4      0   3223
      1      1      8      1     10      2      8      2      1    922
      1      1      8      1     11      4      5      1      0   8495
      1      1      8      1     12      7      4      5      0   1232
      1      1      8      1     13      9      4      9      1   1477
      1      1      8      1     14      3      2      3      1   2084
      1      1      8      1     15      8      6      8      1   2666
      1      1      8      1     16     10      8     10      1   1814
      1      1      8      1     17      2      1      2      1   1241
      1      1      8      1     18      4     15      4      1   2295
      1      1      8      1     19      7      7      7      1   1557
      1      1      8      1     20     10      9      3      0   1724
      1      1      8      2      1      4      3      5      0   3513
      1      1      8      2      2      3     10      1      0   3075
      1      1      8      2      3      8     13     10      0   1575
      1      1      8      2      4      1      3      2      0   2409
      1      1      8      2      5      2      2      2      1    943
      1      1      8      2      6     10     10      1      0   2541
      1      1      8      2      7      6     10      6      1   1108
      1      1      8      2      8      5      6      5      1   1758
      1      1      8      2      9      5     10      5      1   1209
      1      1      8      2     10      3      3      4      0   3008
      1      1      8      2     11      9      8      9      1   1142
      1      1      8      2     12      1     13      2      0   2342
      1      1      8      2     13     10      4      1      0   7842
      1      1      8      2     14      6      5      6      1   1042
      1      1      8      2     15      8      7      4      0   2096
      1      1      8      2     16      2      5      2      1   1792
      1      1      8      2     17      9     10      9      1   1325
      1      1      8      2     18      7      3      8      0   2642
      1      1      8      2     19      4     14      4      1   4325
      1      1      8      2     20      7      6      7      1   1842
      1      1      9      1      1      3      5      4      0   2633
      1      1      9      1      2      8     11      4      0   7746
      1      1      9      1      3      5     13      5      1   1692
      1      1      9      1      4      4     13      1      0   5457
      1      1      9      1      5      6     15      6      1    963
      1      1      9      1      6      4      9      2      0   1517
      1      1      9      1      7     10      5     10      1   2751
      1      1      9      1      8      1      2      3      0   1616
      1      1      9      1      9      6      3      6      1   1036
      1      1      9      1     10      2     11      4      0   1472
      1      1      9      1     11      8     14     10      0   2285
      1      1      9      1     12      1      6      3      0   2576
      1      1      9      1     13     10     11      2      0   1199
      1      1      9      1     14      9      1      9      1   1091
      1      1      9      1     15      5     12      5      1   1199
      1      1      9      1     16      3     15      3      1   1577
      1      1      9      1     17      9     14      9      1   1086
      1      1      9      1     18      2     12      2      1   1556
      1      1      9      1     19      7     15      8      0   1694
      1      1      9      1     20      7      1      8      0   1776
      1      1      9      2      1      3     14      3      1   2397
      1      1      9      2      2      4     16      4      1   1859
      1      1      9      2      3      2     16      4      0   1013
      1      1      9      2      4      7     14      8      0   1792
      1      1      9      2      5      6      4      6      1   1311
      1      1      9      2      6      5     16      1      0   3408
      1      1      9      2      7      4      6      2      0   1375
      1      1      9      2      8      8     15     10      0   1557
      1      1      9      2      9      3     11      3      1   2142
      1      1      9      2     10      8      1      4      0   2125
      1      1      9      2     11      7      2      7      1   3730
      1      1      9      2     12      1     16      2      0   4442
      1      1      9      2     13      9      2      9      1   1392
      1      1      9      2     14     10      1      1      0   3112
      1      1      9      2     15      6     11      6      1   1196
      1      1      9      2     16      2      3      2      1   1641
      1      1      9      2     17      1     14      7      0   1707
      1      1      9      2     18      5     14      8      0   3712
      1      1      9      2     19     10      7      4      0   3479
      1      1      9      2     20      9     12      1      0   3708
      1      1     10      1      1      3     15      3      1   4195
      1      1     10      1      2      9      4      9      1   1309
      1      1     10      1      3      6      3      6      1    999
      1      1     10      1      4      2      8      2      1   1412
      1      1     10      1      5      4      9      4      1   2365
      1      1     10      1      6     10      9     10      1   3414
      1      1     10      1      7      8     14      1      0   1330
      1      1     10      1      8      4     15      4      1   2923
      1      1     10      1      9      8     12     10      0   2073
      1      1     10      1     10      5     13      5      1   1395
      1      1     10      1     11      9     14      9      1   1115
      1      1     10      1     12      3      2      3      1   2270
      1      1     10      1     13      7      4      5      0   3381
      1      1     10      1     14      2     11      2      1   1438
      1      1     10      1     15      1      6      3      0   1418
      1      1     10      1     16      7      1      1      0   8162
      1      1     10      1     17      6      7      6      1    987
      1      1     10      1     18      1      1      1      1   3545
      1      1     10      1     19     10     11      2      0   1089
      1      1     10      1     20      5     11      5      1   1369
      1      1     10      2      1      5      8      5      1   1846
      1      1     10      2      2      9      3      9      1   1413
      1      1     10      2      3      9      7      9      1   2375
      1      1     10      2      4      3     13      8      0   3791
      1      1     10      2      5      6      1      6      1   1125
      1      1     10      2      6      8     10      8      1   2492
      1      1     10      2      7      5      7      5      1   1843
      1      1     10      2      8      8      4      7      0   3242
      1      1     10      2      9     10      3      4      0   4543
      1      1     10      2     10      2      4      4      0   1159
      1      1     10      2     11     10      2      3      0   2290
      1      1     10      2     12      7     13      7      1   2176
      1      1     10      2     13      4      1      1      0   1523
      1      1     10      2     14      6     12      6      1   1059
      1      1     10      2     15      1     11      7      0   1576
      1      1     10      2     16      2      9      2      1   1843
      1      1     10      2     17      1      5      3      0   1358
      1      1     10      2     18      3      4      3      1    926
      1      1     10      2     19      7     11      7      1   1524
      1      1     10      2     20      4      7      1      0   1976
