      1     26      1      1      1      6     13      6      1   2362   1637
      1     26      1      1      2      6      7      9      0   2394   1473
      1     26      1      1      3      6     15      6      1    918   1878
      1     26      1      1      4      3      5      4      0   1851    680
      1     26      1      1      5      8      1      5      0   1298   2356
      1     26      1      1      6      6     10      6      1    956   1728
      1     26      1      1      7     10      4     10      1   1798   1110
      1     26      1      1      8      6      5      3      0   1799   2208
      1     26      1      1      9      1     15      4      0   1641   1792
      1     26      1      1     10      3      2      6      0   2390   3988
      1     26      1      1     11      2     10      4      0   2187   1632
      1     26      1      1     12      5      6      5      1   1800   2666
      1     26      1      1     13      6      5      6      1   1089   2629
      1     26      1      1     14      3     14      2      0    958    692
      1     26      1      1     15     10     16      4      0   1602   2698
      1     26      1      1     16      3      2      6      0    761   3164
      1     26      1      1     17      9      9      9      1    995   1800
      1     26      1      1     18      4     16      3      0   1676    824
      1     26      1      1     19      1     11      1      1   1604    844
      1     26      1      1     20      9      2      4      0   2304    973
      1     26      1      2      1      5      5     10      0   4502     -1
      1     26      1      2      2      7     13      7      1   3592     -1
      1     26      1      2      3      2     11      5      0   2426     -1
      1     26      1      2      4     10     13      1      0   3491     -1
      1     26      1      2      5      2      9      5      0   2975     -1
      1     26      1      2      6      6     14      6      1   1377     -1
      1     26      1      2      7      4      2     10      0   2226     -1
      1     26      1      2      8      5      7      3      0   1708     -1
      1     26      1      2      9      9     11      9      1   1695     -1
      1     26      1      2     10      6     12      6      1   1058     -1
      1     26      1      2     11      8     11      9      0   1306     -1
      1     26      1      2     12      8     12      4      0   2609     -1
      1     26      1      2     13     10      6      3      0   2342     -1
      1     26      1      2     14      7     16      2      0   1259     -1
      1     26      1      2     15      1      4      7      0   3779     -1
      1     26      1      2     16      9     14      9      1    977     -1
      1     26      1      2     17      1     10      5      0   1626     -1
      1     26      1      2     18      3      7      1      0   1959     -1
      1     26      1      2     19      3      1      5      0   2076     -1
      1     26      1      2     20      4      4      2      0   1759     -1
      1     26      2      1      1      6      5      6      1   2005   1931
      1     26      2      1      2     10      9      8      0   1124   1710
      1     26      2      1      3      1     16      2      0   1234   4911
      1     26      2      1      4      4     12      5      0    771    910
      1     26      2      1      5      9      7      9      1   1712   1297
      1     26      2      1      6      2      5      8      0   1682   3029
      1     26      2      1      7      3     16      2      0    997   3654
      1     26      2      1      8      2      2      2      1   1021   2305
      1     26      2      1      9      2     14      9      0   1738   2009
      1     26      2      1     10      3      2      2      0   1162   6031
      1     26      2      1     11     10      3      3      0   1917   1274
      1     26      2      1     12      9     13      9      1   2065   2472
      1     26      2      1     13      5     13      6      0   1310   1920
      1     26      2      1     14      5      9      5      1    876   1020
      1     26      2      1     15      7      2      5      0    772   1582
      1     26      2      1     16      7     14      4      0   1963   1541
      1     26      2      1     17      2     10      8      0   2116   2798
      1     26      2      1     18      9      9      9      1    834   1470
      1     26      2      1     19      1      9      4      0   1240   1728
      1     26      2      1     20      8      1      1      0   1302   2879
      1     26      2      2      1      6      1      6      1   1130     -1
      1     26      2      2      2      7     15      8      0   4992     -1
      1     26      2      2      3      8      6      3      0   5042     -1
      1     26      2      2      4      4      5      5      0   1475     -1
      1     26      2      2      5      2     13      2      1   5692     -1
      1     26      2      2      6      8      7      1      0   3044     -1
      1     26      2      2      7      9      6      9      1   1508     -1
      1     26      2      2      8      6     11      6      1    975     -1
      1     26      2      2      9      3     11      3      1   2028     -1
      1     26      2      2     10      3     12      3      1   1409     -1
      1     26      2      2     11      5     15     10      0   1494     -1
      1     26      2      2     12     10      8     10      1   2943     -1
      1     26      2      2     13      1      5      5      0   2193     -1
      1     26      2      2     14      9     15      9      1   2142     -1
      1     26      2      2     15     10     14     10      1   1209     -1
      1     26      2      2     16      5     10      4      0   2310     -1
      1     26      2      2     17      1      7      1      1   1808     -1
      1     26      2      2     18      4     14      1      0   1158     -1
      1     26      2      2     19      2      6      5      0   2575     -1
      1     26      2      2     20      7     10      7      1   2275     -1
      1     26      3      1      1     10      2     10      1   1265   1098
      1     26      3      1      2     10      9      4      0   1002   1848
      1     26      3      1      3      5      9     10      0   1056   1120
      1     26      3      1      4      4     15      5      0    614   1129
      1     26      3      1      5      8      3      1      0    836   1893
      1     26      3      1      6      5      9      4      0   2591    972
      1     26      3      1      7      7      9      7      1   1798    900
      1     26      3      1      8      1     16      5      0    851   1062
      1     26      3      1      9      5     13      4      0   1415   1063
      1     26      3      1     10      1     14      9      0   2152    913
      1     26      3      1     11      4     13      4      1   1373   1237
      1     26      3      1     12      1     13      5      0   1166    834
      1     26      3      1     13      8      9      7      0   1924   1072
      1     26      3      1     14      8      9      8      1   1087   1223
      1     26      3      1     15      4      1      5      0    948   1016
      1     26      3      1     16      8      1      5      0    885   1160
      1     26      3      1     17      8      2     10      0   2209   1299
      1     26      3      1     18      1      9      5      0    939    893
      1     26      3      1     19      7      1      7      1   1838   1025
      1     26      3      1     20      1     15      5      0    754    763
      1     26      3      2      1      3     13      8      0   3811     -1
      1     26      3      2      2      5      2      3      0   2675     -1
      1     26      3      2      3      5      8      8      0   2592     -1
      1     26      3      2      4      4     11      4      1   2558     -1
      1     26      3      2      5      6      3      6      1    941     -1
      1     26      3      2      6      4      9      6      0   1662     -1
      1     26      3      2      7     10     10      1      0    912     -1
      1     26      3      2      8      9      5      9      1   1579     -1
      1     26      3      2      9      8     16      7      0   1728     -1
      1     26      3      2     10      8      4      8      1   1026     -1
      1     26      3      2     11      1      1      4      0   1759     -1
      1     26      3      2     12      1     12      1      1   2413     -1
      1     26      3      2     13      2      8      1      0   1391     -1
      1     26      3      2     14      7      6      7      1   4026     -1
      1     26      3      2     15      7      4      9      0   1993     -1
      1     26      3      2     16     10      1      3      0   1458     -1
      1     26      3      2     17      9     12      1      0   1793     -1
      1     26      3      2     18      2      3      5      0   2195     -1
      1     26      3      2     19      3      4      2      0   3146     -1
      1     26      3      2     20      6      8      6      1    993     -1
      1     26      4      1      1     10      3      5      0   1306   2021
      1     26      4      1      2      6      7      6      1    668   1240
      1     26      4      1      3      5     11      8      0   1179   1557
      1     26      4      1      4      9      9      9      1    928   1526
      1     26      4      1      5     10      4     10      1   1805   1383
      1     26      4      1      6      3      6      5      0    844   1196
      1     26      4      1      7      4     12      3      0   2135   3027
      1     26      4      1      8      6     15      6      1    873   1412
      1     26      4      1      9      3      2      1      0   1344   2019
      1     26      4      1     10      3     14      3      1   1593   1184
      1     26      4      1     11      5      6      3      0    715   1671
      1     26      4      1     12     10     12      5      0    961   2493
      1     26      4      1     13      5     13     10      0    812   2919
      1     26      4      1     14      2      2      1      0    936   1844
      1     26      4      1     15      9      7      2      0   1146   1869
      1     26      4      1     16      2      5      2      1   1000   1210
      1     26      4      1     17      7     14      5      0   1056    975
      1     26      4      1     18      3      2     10      0   1451   2003
      1     26      4      1     19      5      6      3      0    983   1390
      1     26      4      1     20      6      5      3      0   1072   1581
      1     26      4      2      1     10     15      4      0   1913     -1
      1     26      4      2      2      8     10      7      0   1876     -1
      1     26      4      2      3      7      7     10      0   5741     -1
      1     26      4      2      4     10      5     10      1   2092     -1
      1     26      4      2      5      5     12      5      1   1942     -1
      1     26      4      2      6      6      9      6      1    874     -1
      1     26      4      2      7      4      8      2      0   1625     -1
      1     26      4      2      8      6     16      6      1   1341     -1
      1     26      4      2      9      7      8      8      0   3626     -1
      1     26      4      2     10      2      7      9      0    909     -1
      1     26      4      2     11      1      2      4      0   2142     -1
      1     26      4      2     12      4      7      3      0   2092     -1
      1     26      4      2     13      3      9      3      1    692     -1
      1     26      4      2     14      9     10      9      1   1058     -1
      1     26      4      2     15      9     16      9      1    926     -1
      1     26      4      2     16      3      8      2      0   2409     -1
      1     26      4      2     17      1      6      5      0   1775     -1
      1     26      4      2     18      2      1      1      0   2391     -1
      1     26      4      2     19      8     13     10      0   1374     -1
      1     26      4      2     20      5      1      8      0   1975     -1
      1     26      5      1      1     10      2     10      1   1586   1181
      1     26      5      1      2      9     13      9      1   1528   1179
      1     26      5      1      3      7     14      7      1   4925   1399
      1     26      5      1      4      9      2      9      1   1191   2119
      1     26      5      1      5      2      2      1      0    652    833
      1     26      5      1      6      3      5      1      0    666   1242
      1     26      5      1      7      1     13      3      0   1012   3132
      1     26      5      1      8      4     15      3      0    687   1041
      1     26      5      1      9      2     14      4      0    732   1210
      1     26      5      1     10      3      3      2      0   1489   2188
      1     26      5      1     11      3      2      3      1    663   1197
      1     26      5      1     12      3      6      3      1    841   3449
      1     26      5      1     13      1     16      2      0    997   2406
      1     26      5      1     14      1     15      1      1    653   2174
      1     26      5      1     15      4     12      2      0    806    794
      1     26      5      1     16      9      7      4      0   1824   2448
      1     26      5      1     17      2      5      1      0    823   1137
      1     26      5      1     18      3      2      3      1    773    728
      1     26      5      1     19      4     12      2      0    712   1114
      1     26      5      1     20      1     13      4      0   1516   2064
      1     26      5      2      1      8     15     10      0   1114     -1
      1     26      5      2      2      5     14      3      0   3442     -1
      1     26      5      2      3      7      3     10      0   1160     -1
      1     26      5      2      4      3     10      3      1    875     -1
      1     26      5      2      5      1      8      4      0   1926     -1
      1     26      5      2      6      8      5      7      0   2108     -1
      1     26      5      2      7      2     16      4      0   1529     -1
      1     26      5      2      8     10     11      1      0   1625     -1
      1     26      5      2      9      3     15      3      1   1192     -1
      1     26      5      2     10      1      3      2      0   1009     -1
      1     26      5      2     11      6      6      6      1    913     -1
      1     26      5      2     12      5      3      5      1   3907     -1
      1     26      5      2     13      4     10      1      0   2129     -1
      1     26      5      2     14     10      7      2      0   1809     -1
      1     26      5      2     15      9      1      9      1   1643     -1
      1     26      5      2     16      4      3      4      1   2292     -1
      1     26      5      2     17      6      2      6      1   1126     -1
      1     26      5      2     18      2      4      1      0   1759     -1
      1     26      5      2     19      7     11      7      1   1658     -1
      1     26      5      2     20      9      8      9      1   1614     -1
      1     26      6      1      1      7      5      6      0   2010   1060
      1     26      6      1      2      7     12      7      1   1065   2306
      1     26      6      1      3      3      6      3      1   1520   1076
      1     26      6      1      4      7     14      4      0   2850    866
      1     26      6      1      5      8      3      8      1   2002   1158
      1     26      6      1      6      6     15      7      0   1232   1320
      1     26      6      1      7     10      4     10      1    951   1028
      1     26      6      1      8      3      2      3      1    897   1113
      1     26      6      1      9      4     12      2      0   1514    704
      1     26      6      1     10      2      2      1      0   1883    719
      1     26      6      1     11      8      1      1      0    726   2709
      1     26      6      1     12      8      8     10      0   2403   1240
      1     26      6      1     13      9     13      4      0   2444   1378
      1     26      6      1     14      5      4      3      0    743   1184
      1     26      6      1     15      7     14      7      1    880   1050
      1     26      6      1     16      7      2      7      1    690   1118
      1     26      6      1     17      3     14      2      0   1516    687
      1     26      6      1     18      4     16      4      1   2782    997
      1     26      6      1     19      9      2      9      1   1442   1655
      1     26      6      1     20     10     12      8      0   1244   2509
      1     26      6      2      1      6     12      6      1    977     -1
      1     26      6      2      2      2      9      4      0   3676     -1
      1     26      6      2      3      4      4      9      0   2277     -1
      1     26      6      2      4      9     11      2      0   2046     -1
      1     26      6      2      5     10     15      7      0   2092     -1
      1     26      6      2      6      3      8      3      1   2375     -1
      1     26      6      2      7      8     13      7      0   2292     -1
      1     26      6      2      8      3      7      3      1   1360     -1
      1     26      6      2      9      4      7      7      0   1276     -1
      1     26      6      2     10      5      1      3      0   1197     -1
      1     26      6      2     11     10      6      5      0   2275     -1
      1     26      6      2     12      7      8      7      1   1525     -1
      1     26      6      2     13      2      7      9      0   1074     -1
      1     26      6      2     14      5      5      4      0   4494     -1
      1     26      6      2     15      7     16      8      0   4675     -1
      1     26      6      2     16      1     10      2      0   1875     -1
      1     26      6      2     17      1      6      4      0   2108     -1
      1     26      6      2     18      6     16      6      1    944     -1
      1     26      6      2     19      8     12      3      0   2727     -1
      1     26      6      2     20      9     10      9      1   1075     -1
      1     26      7      1      1      6     10      6      1    691    998
      1     26      7      1      2      2      5      4      0    787    927
      1     26      7      1      3      2     10      2      1    727   2264
      1     26      7      1      4      1     13      2      0    949   1717
      1     26      7      1      5      4     12      2      0    857   1104
      1     26      7      1      6      2      5      2      1    688   4351
      1     26      7      1      7      2     10      2      1    698    801
      1     26      7      1      8      4     12      4      1   1483   3043
      1     26      7      1      9      4     16      4      1    739   1169
      1     26      7      1     10     10     16      4      0   1452   2468
      1     26      7      1     11      1     13      1      1   1158   3380
      1     26      7      1     12      9      4      9      1    854   1776
      1     26      7      1     13      7     12      7      1   1543    806
      1     26      7      1     14      8      9      8      1   1200   1422
      1     26      7      1     15      4     13      3      0   3675    923
      1     26      7      1     16      2      5      4      0    917    863
      1     26      7      1     17     10     12      4      0    588   1646
      1     26      7      1     18     10      9      3      0   1165    896
      1     26      7      1     19      4     16      2      0   1132   4063
      1     26      7      1     20      2     10      4      0    682   4275
      1     26      7      2      1      1      7      3      0   1680     -1
      1     26      7      2      2      4     14      2      0   2972     -1
      1     26      7      2      3      8     16     10      0   2524     -1
      1     26      7      2      4      3      4      5      0   1391     -1
      1     26      7      2      5      3     12      3      1   1594     -1
      1     26      7      2      6      2     13      2      1   3243     -1
      1     26      7      2      7      6      3      6      1    779     -1
      1     26      7      2      8      1     12      7      0   1408     -1
      1     26      7      2      9      9      5      9      1    958     -1
      1     26      7      2     10     10      8     10      1   1509     -1
      1     26      7      2     11      9     15      9      1    891     -1
      1     26      7      2     12      4      9      6      0   3375     -1
      1     26      7      2     13      7      6      7      1   1193     -1
      1     26      7      2     14     10      1      1      0   4142     -1
      1     26      7      2     15      5     10      7      0   1941     -1
      1     26      7      2     16      2      8      6      0   1197     -1
      1     26      7      2     17      7     15      7      1   1097     -1
      1     26      7      2     18      8      6      7      0   1664     -1
      1     26      7      2     19      6      1      6      1    947     -1
      1     26      7      2     20      5      8      5      1   2231     -1
      1     26      8      1      1      3     16      5      0    905   1357
      1     26      8      1      2      7     14      7      1   1000    996
      1     26      8      1      3      5     11      5      1   1036    568
      1     26      8      1      4      2     12      9      0   2514    622
      1     26      8      1      5      2      5      4      0   1427   2857
      1     26      8      1      6      4     12      4      1    914   1786
      1     26      8      1      7      2     10      4      0   1034   3387
      1     26      8      1      8      9      7      9      1    998   4173
      1     26      8      1      9      9     13     10      0    934   1633
      1     26      8      1     10      9      3      4      0   2554    972
      1     26      8      1     11      8      8      7      0   1095    607
      1     26      8      1     12      5     13      7      0   1418    863
      1     26      8      1     13      7      9      7      1    844   1066
      1     26      8      1     14     10      2      2      0   1020   1154
      1     26      8      1     15      7      5      6      0    713   1049
      1     26      8      1     16      3      2      3      1    784   1881
      1     26      8      1     17      8      3      8      1   1113   1492
      1     26      8      1     18      7     14      7      1    669    962
      1     26      8      1     19      2      2      4      0   1199    651
      1     26      8      1     20      1      9      2      0    721   1398
      1     26      8      2      1      1      1      8      0   3446     -1
      1     26      8      2      2     10     10      3      0   1459     -1
      1     26      8      2      3      9     12      1      0   1942     -1
      1     26      8      2      4      4      8      4      1   3025     -1
      1     26      8      2      5      3      9      3      1   1713     -1
      1     26      8      2      6      6      8      6      1    976     -1
      1     26      8      2      7      6      9      6      1   1026     -1
      1     26      8      2      8      7      7      7      1   1091     -1
      1     26      8      2      9      2      3      4      0   2959     -1
      1     26      8      2     10      2      1      4      0   2362     -1
      1     26      8      2     11      4     11      2      0    909     -1
      1     26      8      2     12      1      2      8      0   2042     -1
      1     26      8      2     13      5      2      5      1   1293     -1
      1     26      8      2     14      8     10      8      1   2692     -1
      1     26      8      2     15      5     12      5      1   1179     -1
      1     26      8      2     16     10      5      4      0   1542     -1
      1     26      8      2     17      7      4      3      0   2962     -1
      1     26      8      2     18      8      4      8      1    991     -1
      1     26      8      2     19      3     13      3      1   1408     -1
      1     26      8      2     20      9     16      9      1    892     -1
      1     26      9      1      1      7      5      7      1    898    965
      1     26      9      1      2      6     10      6      1    646    655
      1     26      9      1      3      4     12      4      1    730    768
      1     26      9      1      4      2      5      4      0    602   1107
      1     26      9      1      5      7     14      7      1    791    679
      1     26      9      1      6      2     14      4      0    739    730
      1     26      9      1      7      2     12      9      0    795   1163
      1     26      9      1      8     10      2      3      0   1163    821
      1     26      9      1      9      2      5      2      1    910    627
      1     26      9      1     10      2     14      2      1    650   1275
      1     26      9      1     11      7      2      7      1    886   1026
      1     26      9      1     12      9      4      9      1    822    876
      1     26      9      1     13      9      9      9      1    854   1630
      1     26      9      1     14      9      2      9      1    828    638
      1     26      9      1     15      9      3      9      1   1669   1090
      1     26      9      1     16     10      2      3      0    987    764
      1     26      9      1     17      5      9      7      0   1069   1040
      1     26      9      1     18      4     12      4      1    963    868
      1     26      9      1     19      9      7      2      0    695    655
      1     26      9      1     20      2     14      2      1    668    929
      1     26      9      2      1      1      4      4      0   3964     -1
      1     26      9      2      2      3      1      2      0   1646     -1
      1     26      9      2      3      9      1      9      1    958     -1
      1     26      9      2      4      2     16      2      1   1709     -1
      1     26      9      2      5      1      8      4      0   1977     -1
      1     26      9      2      6      2     11      4      0   3226     -1
      1     26      9      2      7      8     11     10      0   2576     -1
      1     26      9      2      8      4      3      4      1   1597     -1
      1     26      9      2      9      9     14      9      1   1242     -1
      1     26      9      2     10      7     13      7      1    924     -1
      1     26      9      2     11      4      2      5      0   2877     -1
      1     26      9      2     12      5      7      5      1   1425     -1
      1     26      9      2     13      8      5      1      0   3308     -1
      1     26      9      2     14     10      7      2      0   1991     -1
      1     26      9      2     15     10     13      8      0   1291     -1
      1     26      9      2     16      5     14      3      0   1228     -1
      1     26      9      2     17      7     11      7      1    944     -1
      1     26      9      2     18      6      2      6      1    892     -1
      1     26      9      2     19      3     10      3      1    808     -1
      1     26      9      2     20      6     14      6      1    774     -1
      1     26     10      1      1      8      8      7      0   1183   1213
      1     26     10      1      2      6      7      7      0    671    976
      1     26     10      1      3      5     11      5      1    698    852
      1     26     10      1      4      4     15      3      0   2910     18
      1     26     10      1      5      7     14      7      1    667    669
      1     26     10      1      6     10      4     10      1    767   1763
      1     26     10      1      7      9      4      9      1    738   1238
      1     26     10      1      8      8      2      8      1   1470    781
      1     26     10      1      9      2     15      4      0   2159    693
      1     26     10      1     10      2      5      4      0    605   1811
      1     26     10      1     11      2     15      2      1   1189    955
      1     26     10      1     12      2      2      2      1    629    854
      1     26     10      1     13      3      5      4      0    807   1104
      1     26     10      1     14      2     14      2      1   1113   1050
      1     26     10      1     15      3      6      4      0    958   1201
      1     26     10      1     16      2     10      4      0    969    532
      1     26     10      1     17      6     15      2      0   2791   1170
      1     26     10      1     18      5     11      3      0    673   1120
      1     26     10      1     19      7      2      7      1    707    724
      1     26     10      1     20      6      5      8      0   1286   1420
      1     26     10      2      1      4     10      2      0   2246     -1
      1     26     10      2      2      1      5      8      0   1779     -1
      1     26     10      2      3      7      3      7      1   1145     -1
      1     26     10      2      4     10     11      2      0   1409     -1
      1     26     10      2      5      4      5      4      1   1892     -1
      1     26     10      2      6      5     15      5      1   1208     -1
      1     26     10      2      7      1      3      8      0   2427     -1
      1     26     10      2      8      9      6      9      1    992     -1
      1     26     10      2      9      2      4      2      1   2025     -1
      1     26     10      2     10      9      8      9      1   1359     -1
      1     26     10      2     11      6      6      6      1    976     -1
      1     26     10      2     12      3     11      3      1   1025     -1
      1     26     10      2     13      3     15      3      1    676     -1
      1     26     10      2     14      5      3      8      0    958     -1
      1     26     10      2     15      6     11      6      1    841     -1
      1     26     10      2     16      2      6      4      0   1408     -1
      1     26     10      2     17     10     14     10      1   1076     -1
      1     26     10      2     18      8     15      8      1   1725     -1
      1     26     10      2     19      7     10      7      1   1242     -1
      1     26     10      2     20      8      7      8      1    775     -1
