      1     21      1      1      1      6      8      1      0   2044   4390
      1     21      1      1      2      6     11      6      1   3198   3157
      1     21      1      1      3      9     14      9      1   3075   2721
      1     21      1      1      4      5     15      8      0   2584   1222
      1     21      1      1      5      3     12      2      0   1489   1264
      1     21      1      1      6      7     13      7      1   2028   1374
      1     21      1      1      7      9     10      9      1   1386   2202
      1     21      1      1      8      6      5      3      0   1790   1101
      1     21      1      1      9      2     10     10      0   4312   1045
      1     21      1      1     10     10      5      2      0   1262   7589
      1     21      1      1     11      9     13      3      0   1232   3745
      1     21      1      1     12      1     14      5      0   3741   3836
      1     21      1      1     13      3      6      5      0   1633   3256
      1     21      1      1     14      3      3      5      0   1203   2183
      1     21      1      1     15      3      2      3      1   1509   1803
      1     21      1      1     16      8     12      4      0   2307   1426
      1     21      1      1     17     10     10     10      1   3112   1849
      1     21      1      1     18      8      4      1      0   2546   1440
      1     21      1      1     19      2     14      8      0   3452   1907
      1     21      1      1     20      2     10      2      1   1180    489
      1     21      1      2      1      1     13      3      0   5616     -1
      1     21      1      2      2      5      3      5      1   2759     -1
      1     21      1      2      3      8      7      3      0   4359     -1
      1     21      1      2      4      2      8      2      1   2092     -1
      1     21      1      2      5      9     15      9      1   2325     -1
      1     21      1      2      6      9      9      9      1   1343     -1
      1     21      1      2      7      7     10     10      0   4028     -1
      1     21      1      2      8      8      3      3      0   2860     -1
      1     21      1      2      9      1      8      1      1   5827     -1
      1     21      1      2     10      3     14      5      0   1877     -1
      1     21      1      2     11      4      7      2      0   3444     -1
      1     21      1      2     12      5     11      5      1   1326     -1
      1     21      1      2     13      6     16      6      1   1393     -1
      1     21      1      2     14      3      4      3      1   3743     -1
      1     21      1      2     15      7      4      5      0   1611     -1
      1     21      1      2     16     10      9      8      0   3227     -1
      1     21      1      2     17     10     14      4      0   5411     -1
      1     21      1      2     18      6     13      6      1   1827     -1
      1     21      1      2     19      2      7      9      0   1143     -1
      1     21      1      2     20      4     13      7      0   2012     -1
      1     21      2      1      1      7     14      3      0   1167   3270
      1     21      2      1      2      8     12      4      0   1022   3054
      1     21      2      1      3      5     12      5      1   2246   1013
      1     21      2      1      4      7      9      5      0   2229   4128
      1     21      2      1      5      8      4      3      0   1189   1644
      1     21      2      1      6      7     16      6      0   1783   1239
      1     21      2      1      7      1     15      6      0   2874   1361
      1     21      2      1      8      8      5      4      0   1169   2317
      1     21      2      1      9      9      4      9      1   1226   5389
      1     21      2      1     10      3     15      8      0   1432   2501
      1     21      2      1     11     10      3      5      0   2453  14652
      1     21      2      1     12     10      7     10      1   1500   2434
      1     21      2      1     13      1      5      7      0   1959   3016
      1     21      2      1     14      3     12      7      0    823   1036
      1     21      2      1     15      1      6      7      0   1265   1550
      1     21      2      1     16      2     13      2      1   1289   1626
      1     21      2      1     17      1      2      8      0   3647   2177
      1     21      2      1     18      3      2      3      1   1099   2108
      1     21      2      1     19      7      2      6      0   1877   3455
      1     21      2      1     20     10      5      9      0   2116   5517
      1     21      2      2      1      6      6      6      1   2063     -1
      1     21      2      2      2      9     11      9      1   2711     -1
      1     21      2      2      3      1      1      3      0   3528     -1
      1     21      2      2      4      4     11      7      0   2460     -1
      1     21      2      2      5      6     14      6      1   1509     -1
      1     21      2      2      6      3      5      5      0   1593     -1
      1     21      2      2      7      3      8      3      1   2677     -1
      1     21      2      2      8      5      4      8      0   2560     -1
      1     21      2      2      9      8      1     10      0   3627     -1
      1     21      2      2     10      9      3      9      1   2276     -1
      1     21      2      2     11      7     15      3      0   4744     -1
      1     21      2      2     12      4      9      7      0   2395     -1
      1     21      2      2     13      5      9      1      0   1993     -1
      1     21      2      2     14     10      6      8      0   2876     -1
      1     21      2      2     15      2      1      2      1   1661     -1
      1     21      2      2     16      7      5      7      1   2227     -1
      1     21      2      2     17      2     15      2      1   1926     -1
      1     21      2      2     18     10      1      1      0   1494     -1
      1     21      2      2     19      8     14     10      0   3161     -1
      1     21      2      2     20      1      3      7      0   1643     -1
      1     21      3      1      1      2     12      9      0   3193  13036
      1     21      3      1      2      7      2      2      0    867   1471
      1     21      3      1      3      1      5      1      1   1828   1897
      1     21      3      1      4     10      7     10      1    886   4937
      1     21      3      1      5      2     14      2      1    990   2033
      1     21      3      1      6      4     10      4      1   1424    805
      1     21      3      1      7      7     14      4      0   1018   1399
      1     21      3      1      8     10      3     10      1   1236   4987
      1     21      3      1      9      8      4      3      0   1315  57700
      1     21      3      1     10      3      2      1      0   2518   6982
      1     21      3      1     11      3      3      3      1   1510   2458
      1     21      3      1     12      3     16      3      1   1524   1527
      1     21      3      1     13     10     10      1      0   2122   1904
      1     21      3      1     14     10     11      2      0    743  14740
      1     21      3      1     15      9     10      9      1   1016   1731
      1     21      3      1     16      7      2      8      0   2238  17834
      1     21      3      1     17      8      4      7      0   1206   2510
      1     21      3      1     18      3     15      3      1   1120   4068
      1     21      3      1     19      6      5      6      1   1180   1519
      1     21      3      1     20      7     16      7      1   2778   2424
      1     21      3      2      1      9      5      9      1   2347     -1
      1     21      3      2      2      1     11      1      1   8943     -1
      1     21      3      2      3      8      9      8      1   3577     -1
      1     21      3      2      4      2      4      2      1   1677     -1
      1     21      3      2      5      3      7      3      1   4076     -1
      1     21      3      2      6      7      1      1      0   2761     -1
      1     21      3      2      7      4      3      3      0   3394     -1
      1     21      3      2      8      9      8      9      1   1293     -1
      1     21      3      2      9      5      8      3      0   2960     -1
      1     21      3      2     10      6      9      6      1   1411     -1
      1     21      3      2     11     10     12      3      0   3776     -1
      1     21      3      2     12      3      9      3      1   3477     -1
      1     21      3      2     13      6      4      6      1   1860     -1
      1     21      3      2     14      4     14      1      0   7244     -1
      1     21      3      2     15      1      9      4      0   7326     -1
      1     21      3      2     16      7      7      6      0   1893     -1
      1     21      3      2     17      8      6      6      0   1710     -1
      1     21      3      2     18      5      6      3      0   1526     -1
      1     21      3      2     19     10      8      2      0   1093     -1
      1     21      3      2     20      2     11      9      0   1560     -1
      1     21      4      1      1     10      7     10      1   1139  19144
      1     21      4      1      2      7      9      7      1   1818   1794
      1     21      4      1      3      5      7      3      0   1207   1150
      1     21      4      1      4      9     12      9      1   1872   2284
      1     21      4      1      5      4     16      2      0    908   2049
      1     21      4      1      6      1      2      7      0   2164   1926
      1     21      4      1      7      2     14      2      1    997   2046
      1     21      4      1      8      6     10      6      1    909  34769
      1     21      4      1      9      3      2      3      1    926   2865
      1     21      4      1     10      4      5      8      0   2317   1845
      1     21      4      1     11      8      5      1      0   1768  26673
      1     21      4      1     12      3     15      3      1   3107  23369
      1     21      4      1     13      1     10      1      1   2397    915
      1     21      4      1     14      4      1      1      0   1262   2539
      1     21      4      1     15      1      2      1      1   1585   1286
      1     21      4      1     16      9     12      9      1   1678  30896
      1     21      4      1     17     10      5      3      0    901   1335
      1     21      4      1     18     10      3     10      1   1226   1457
      1     21      4      1     19      8     12      7      0   2052   5579
      1     21      4      1     20      5     14      3      0   2026  41259
      1     21      4      2      1     10      4      2      0   1313     -1
      1     21      4      2      2      3     11      3      1   2761     -1
      1     21      4      2      3      1     12      1      1   1576     -1
      1     21      4      2      4      6      7      6      1   1194     -1
      1     21      4      2      5      8     13      7      0   1777     -1
      1     21      4      2      6     10      2      7      0   1827     -1
      1     21      4      2      7      2      9      2      1    978     -1
      1     21      4      2      8      7      8      6      0   7827     -1
      1     21      4      2      9      5      1      7      0   5210     -1
      1     21      4      2     10      3      1      3      1   3110     -1
      1     21      4      2     11      4      2      2      0   1277     -1
      1     21      4      2     12      9      6      9      1   1193     -1
      1     21      4      2     13      6     12      6      1   1228     -1
      1     21      4      2     14      8     15      4      0   4494     -1
      1     21      4      2     15      1      4      1      1   2177     -1
      1     21      4      2     16      9     16      9      1    993     -1
      1     21      4      2     17      7      6      5      0   2294     -1
      1     21      4      2     18      2     16      2      1   3510     -1
      1     21      4      2     19      5      2      5      1   2128     -1
      1     21      4      2     20      4     15      8      0   2910     -1
      1     21      5      1      1     10     15      1      0   1308 100374
      1     21      5      1      2      8      5      4      0   1916  37585
      1     21      5      1      3     10      7     10      1    697    997
      1     21      5      1      4      8     16      3      0   1976   1327
      1     21      5      1      5     10      3     10      1   1412   1032
      1     21      5      1      6      9     13      9      1   1859   1770
      1     21      5      1      7      4     16      2      0   1971   1693
      1     21      5      1      8      3      6      3      1   2186   9094
      1     21      5      1      9     10     15      1      0   3898   5169
      1     21      5      1     10      8     12      5      0    961   3408
      1     21      5      1     11      1      6      8      0   4840   1837
      1     21      5      1     12      2     14      2      1   1637   1742
      1     21      5      1     13      1      2      1      1   1727   1049
      1     21      5      1     14      7      3      1      0   1716   1878
      1     21      5      1     15      8     16      1      0   2951  50274
      1     21      5      1     16      8     10      3      0   2387   1675
      1     21      5      1     17      8      5      3      0   1539   8110
      1     21      5      1     18      4      5      2      0   1224   1018
      1     21      5      1     19      7     14      7      1   2618   1550
      1     21      5      1     20      5     14      5      1    868   1779
      1     21      5      2      1      7     11      6      0   2329     -1
      1     21      5      2      2      3     10      5      0   3427     -1
      1     21      5      2      3      4      4      8      0   8077     -1
      1     21      5      2      4      8     11      9      0   2261     -1
      1     21      5      2      5      1      7      1      1   1894     -1
      1     21      5      2      6     10     16      2      0   1229     -1
      1     21      5      2      7      8      8      4      0   2527     -1
      1     21      5      2      8      7     12      7      1   3661     -1
      1     21      5      2      9      4     12      8      0   3060     -1
      1     21      5      2     10      2      2      2      1   1609     -1
      1     21      5      2     11      1     16      8      0   3043     -1
      1     21      5      2     12      9      2      9      1   2093     -1
      1     21      5      2     13      3     13      3      1   2476     -1
      1     21      5      2     14      2      5      2      1   2378     -1
      1     21      5      2     15      5     13      1      0   2777     -1
      1     21      5      2     16      6      1      6      1   1276     -1
      1     21      5      2     17      9      1      9      1   1377     -1
      1     21      5      2     18     10     13      1      0   1511     -1
      1     21      5      2     19      5     10      3      0   1410     -1
      1     21      5      2     20      6      3      6      1    928     -1
      1     21      6      1      1     10      3     10      1   1345   6846
      1     21      6      1      2      8      4      1      0   1586   8229
      1     21      6      1      3      3      3      5      0   1552   3828
      1     21      6      1      4      3     15      3      1   1133  11278
      1     21      6      1      5      6     15      6      1   1054  15731
      1     21      6      1      6      9     10      9      1   1093   6998
      1     21      6      1      7      6      5      6      1   1027  24939
      1     21      6      1      8      1     15      3      0   1895   2127
      1     21      6      1      9      4      6      2      0    929  61201
      1     21      6      1     10      3     12      3      1    884   2382
      1     21      6      1     11      1     14      7      0   2792   1983
      1     21      6      1     12      5     14      3      0   1037   1268
      1     21      6      1     13      3      2      3      1    733   1515
      1     21      6      1     14      5     14      5      1    817   1518
      1     21      6      1     15      3     15      3      1   4300   1780
      1     21      6      1     16      8     10      3      0   1509   1557
      1     21      6      1     17      8     10      8      1   1275   1494
      1     21      6      1     18      5     12      8      0   2535   1810
      1     21      6      1     19      4      5      2      0   1339   4200
      1     21      6      1     20      7      9      5      0   2659   2213
      1     21      6      2      1      9     16      9      1   1863     -1
      1     21      6      2      2      6     12      6      1   1144     -1
      1     21      6      2      3      7      6      5      0   3210     -1
      1     21      6      2      4      3     11      3      1   1544     -1
      1     21      6      2      5      8     15      7      0   1794     -1
      1     21      6      2      6      1     11      2      0   3960     -1
      1     21      6      2      7      5      2      5      1   1780     -1
      1     21      6      2      8      3      9      5      0   1511     -1
      1     21      6      2      9     10      2      8      0   3526     -1
      1     21      6      2     10      2      4      2      1    993     -1
      1     21      6      2     11      2     16      2      1   1476     -1
      1     21      6      2     12      4      2      2      0   1728     -1
      1     21      6      2     13      9      5      9      1   1410     -1
      1     21      6      2     14     10      8      2      0   2376     -1
      1     21      6      2     15      4     14      7      0   8160     -1
      1     21      6      2     16      8      9      7      0   1577     -1
      1     21      6      2     17      1     12      1      1   1811     -1
      1     21      6      2     18      6      4      6      1   1361     -1
      1     21      6      2     19      7      1      7      1   2310     -1
      1     21      6      2     20      5      8      5      1   2099     -1
      1     21      7      1      1      1      5      1      1   1829   1621
      1     21      7      1      2      8      5      8      1   2162  29254
      1     21      7      1      3      9     10      9      1    662   5926
      1     21      7      1      4      5     14      3      0   1576   2782
      1     21      7      1      5      4     10      8      0   3608   2116
      1     21      7      1      6     10     10      3      0   2938  37995
      1     21      7      1      7      7     14      3      0   2925  17157
      1     21      7      1      8      6      5      6      1   1180  36580
      1     21      7      1      9      6     15      3      0   1033    745
      1     21      7      1     10      8      5      3      0    767   2582
      1     21      7      1     11      9     10      9      1   2899   1435
      1     21      7      1     12      3      2      3      1    997  50938
      1     21      7      1     13      8     16      3      0    990   1433
      1     21      7      1     14      1     15      2      0   1201   1419
      1     21      7      1     15      3     12      3      1   1106   2477
      1     21      7      1     16      5     15      5      1   1733  15770
      1     21      7      1     17      6      8      6      1   2053   4792
      1     21      7      1     18     10     15      1      0   2159    968
      1     21      7      1     19      1     14      1      1   1380   2735
      1     21      7      1     20     10     15      3      0    992  31382
      1     21      7      2      1      8      8      8      1   5663     -1
      1     21      7      2      2      5      6      5      1   2327     -1
      1     21      7      2      3     10     13      1      0   4908     -1
      1     21      7      2      4      2      2      2      1   1111     -1
      1     21      7      2      5      9      1      9      1   1293     -1
      1     21      7      2      6      3      7      3      1   1311     -1
      1     21      7      2      7      5     10      3      0   1126     -1
      1     21      7      2      8      2     11      9      0   1627     -1
      1     21      7      2      9      6      9      6      1   1260     -1
      1     21      7      2     10      4      3      3      0   2061     -1
      1     21      7      2     11      7      7      8      0   6311     -1
      1     21      7      2     12      7     12      7      1   1393     -1
      1     21      7      2     13      1      9      2      0   1843     -1
      1     21      7      2     14      4      4      4      1   2310     -1
      1     21      7      2     15      8      6      3      0   1859     -1
      1     21      7      2     16      1      7      1      1   1609     -1
      1     21      7      2     17      3     13      4      0   2061     -1
      1     21      7      2     18     10     12     10      1   3276     -1
      1     21      7      2     19      9      8      9      1   1176     -1
      1     21      7      2     20      6      3      6      1   1160     -1
      1     21      8      1      1     10     10      3      0   1207   4181
      1     21      8      1      2      1      5      1      1    906   1463
      1     21      8      1      3      7     14      1      0   1782   2764
      1     21      8      1      4      8      2      4      0   1995  58417
      1     21      8      1      5      6     10      6      1   1038  21998
      1     21      8      1      6      8      2      8      1   1712   2833
      1     21      8      1      7     10      3     10      1   1236   5838
      1     21      8      1      8      8      5      3      0    829   5123
      1     21      8      1      9      5     15      3      0   1643    950
      1     21      8      1     10      6      2      6      1   1071  40516
      1     21      8      1     11      8     16      3      0    888  34404
      1     21      8      1     12      2     10      2      1    881  20115
      1     21      8      1     13      3     15      3      1    791  40155
      1     21      8      1     14      2     10      2      1   1076    540
      1     21      8      1     15     10      7     10      1    760  46560
      1     21      8      1     16      2     10      2      1    822   1398
      1     21      8      1     17      5     15      3      0    899    881
      1     21      8      1     18      9      7      9      1   2045   1703
      1     21      8      1     19      3     12      3      1    705    988
      1     21      8      1     20      1     14      4      0    922   9190
      1     21      8      2      1      4     13      1      0   2863     -1
      1     21      8      2      2      7     10      4      0   9495     -1
      1     21      8      2      3      1     16      3      0  31743     -1
      1     21      8      2      4      8      7      8      1   1710     -1
      1     21      8      2      5      9     15      9      1   1210     -1
      1     21      8      2      6      8     11      9      0  10093     -1
      1     21      8      2      7      6      1      6      1   1160     -1
      1     21      8      2      8      4     12      2      0   2843     -1
      1     21      8      2      9      3     10      3      1   2176     -1
      1     21      8      2     10      5     13      8      0   2294     -1
      1     21      8      2     11      2      7      9      0   1177     -1
      1     21      8      2     12      7     11     10      0   3726     -1
      1     21      8      2     13     10     16      2      0   1777     -1
      1     21      8      2     14      5     11      5      1   2428     -1
      1     21      8      2     15     10     14      3      0   3860     -1
      1     21      8      2     16      6     13      6      1   1261     -1
      1     21      8      2     17      1     13      1      1   4027     -1
      1     21      8      2     18      9      2      9      1   1260     -1
      1     21      8      2     19      2      5      2      1   1976     -1
      1     21      8      2     20      3     14      3      1   1177     -1
      1     21      9      1      1     10     15      1      0   2150   2093
      1     21      9      1      2      9     10      9      1  32427   5429
      1     21      9      1      3      3      2      3      1    667    828
      1     21      9      1      4      3     12      3      1    663    932
      1     21      9      1      5      9      7      9      1    772   9729
      1     21      9      1      6      8      5      8      1   2206  24226
      1     21      9      1      7      8      5      8      1   2215  37453
      1     21      9      1      8      2      6      2      1   1028   1244
      1     21      9      1      9     10      3     10      1   2169    958
      1     21      9      1     10      6      5      6      1   1196   1653
      1     21      9      1     11      5     12      5      1   1190   1495
      1     21      9      1     12      9      7      9      1    979   2455
      1     21      9      1     13      8      5      3      0    918   1074
      1     21      9      1     14      6     15      6      1    836    646
      1     21      9      1     15      6      2      6      1   1143   1247
      1     21      9      1     16     10      7     10      1    980   1061
      1     21      9      1     17      6      8      6      1   1076   1311
      1     21      9      1     18     10      5      2      0   1803    859
      1     21      9      1     19      5     16      3      0   1182   3517
      1     21      9      1     20      3     12      3      1    712   1325
      1     21      9      2      1      1      8      5      0   9096     -1
      1     21      9      2      2     10      9      1      0   3676     -1
      1     21      9      2      3      9     11      9      1   1144     -1
      1     21      9      2      4      2     15      2      1   1844     -1
      1     21      9      2      5      7      5      5      0   3076     -1
      1     21      9      2      6      6     16      6      1   1293     -1
      1     21      9      2      7      4      7      1      0   1760     -1
      1     21      9      2      8      9      9      9      1   1010     -1
      1     21      9      2      9      8     14      8      1   4243     -1
      1     21      9      2     10      4     11      4      1   2860     -1
      1     21      9      2     11      5      4      3      0   2311     -1
      1     21      9      2     12      6      6      6      1    927     -1
      1     21      9      2     13      5      3      5      1   1944     -1
      1     21      9      2     14      3      8      3      1   1828     -1
      1     21      9      2     15      7      4      5      0   1643     -1
      1     21      9      2     16     10      1      7      0   5826     -1
      1     21      9      2     17      8      3      7      0   2110     -1
      1     21      9      2     18      1      3      1      1   1743     -1
      1     21      9      2     19      3      4      5      0   1543     -1
      1     21      9      2     20      2      8      2      1   1042     -1
      1     21     10      1      1      8     16      3      0   1396   1325
      1     21     10      1      2      1      2      1      1   1204   1218
      1     21     10      1      3      3     12      3      1    840    742
      1     21     10      1      4      7      9      5      0   2288    660
      1     21     10      1      5      7      9      8      0    675    674
      1     21     10      1      6     10      7     10      1   1216    681
      1     21     10      1      7      2      3      1      0   2076    721
      1     21     10      1      8      5     15      5      1   1183   1110
      1     21     10      1      9      9     10      9      1   1028    686
      1     21     10      1     10      6     10      6      1   1400   1959
      1     21     10      1     11      6     11      6      1    791   1476
      1     21     10      1     12      9     13      9      1    976   1558
      1     21     10      1     13      3     15      3      1   1024   5932
      1     21     10      1     14      4      5      2      0   1546   1078
      1     21     10      1     15      9      4      9      1   1057   1969
      1     21     10      1     16      7      9      7      1   2467   1908
      1     21     10      1     17      9     12      9      1   1225   1001
      1     21     10      1     18      3     16      3      1   1156   1037
      1     21     10      1     19      1     15      1      1    958   1280
      1     21     10      1     20      2     14      9      0   1303   1219
      1     21     10      2      1      1      4      1      1   1646     -1
      1     21     10      2      2      3      1      3      1   1797     -1
      1     21     10      2      3      8      1      2      0   1009     -1
      1     21     10      2      4      5      1      7      0   2627     -1
      1     21     10      2      5      5      9      4      0   2227     -1
      1     21     10      2      6      2      9      2      1    959     -1
      1     21     10      2      7      4      9      4      1   1893     -1
      1     21     10      2      8      1      1      3      0   2144     -1
      1     21     10      2      9      7      8      8      0   2260     -1
      1     21     10      2     10      3      5      5      0   1611     -1
      1     21     10      2     11      8     13      8      1   5747     -1
      1     21     10      2     12      7     15      5      0   1647     -1
      1     21     10      2     13      6     14      6      1    977     -1
      1     21     10      2     14      2      1      2      1   1310     -1
      1     21     10      2     15     10      6     10      1   1630     -1
      1     21     10      2     16      9      6      9      1    992     -1
      1     21     10      2     17      9      3      9      1   1026     -1
      1     21     10      2     18      4     15      3      0   1193     -1
      1     21     10      2     19      6      7      6      1   1426     -1
      1     21     10      2     20     10      4      2      0   2076     -1
