      1     17      1      1      1     10     14      7      0   4864   4436
      1     17      1      1      2      7     10      1      0   7610   4820
      1     17      1      1      3     10     14     10      1   2859   1765
      1     17      1      1      4      5     14      2      0   2699   1811
      1     17      1      1      5      2      9      6      0   2755   1146
      1     17      1      1      6      7     10      8      0   4248   2190
      1     17      1      1      7      5     14      5      1   3190   3316
      1     17      1      1      8      3     14      9      0   4310   1442
      1     17      1      1      9      4      2      2      0   2784   6937
      1     17      1      1     10      1      7      1      1   5012   1357
      1     17      1      1     11     10     12      9      0   5978   1326
      1     17      1      1     12     10      5     10      1   3381   2472
      1     17      1      1     13      5     16      9      0   6233   1289
      1     17      1      1     14      6      7      9      0   2965   1603
      1     17      1      1     15      7     13      1      0   1917   1633
      1     17      1      1     16      5      2      5      1   3480   1819
      1     17      1      1     17      9     15      2      0   1744   1438
      1     17      1      1     18      5     12      5      1   2067   3257
      1     17      1      1     19      6     12      6      1   5701   1929
      1     17      1      1     20      7     10      4      0   1120   1828
      1     17      1      2      1      8      8      4      0   7852     -1
      1     17      1      2      2      5      8      5      1   3573     -1
      1     17      1      2      3      6      3      6      1   1278     -1
      1     17      1      2      4      2     16      9      0   4058     -1
      1     17      1      2      5      1      6      3      0   2490     -1
      1     17      1      2      6      4      8      5      0   1624     -1
      1     17      1      2      7      6      8      6      1   1708     -1
      1     17      1      2      8      7      3      5      0   6476     -1
      1     17      1      2      9      9      1      2      0   3891     -1
      1     17      1      2     10      9     11      3      0   5792     -1
      1     17      1      2     11      3     15      5      0   1725     -1
      1     17      1      2     12      7     14      5      0   2660     -1
      1     17      1      2     13      2      5      2      1   1775     -1
      1     17      1      2     14     10      7      8      0   5414     -1
      1     17      1      2     15      8     14      7      0   2359     -1
      1     17      1      2     16      1      5      1      1   6442     -1
      1     17      1      2     17      4     16      2      0   7293     -1
      1     17      1      2     18     10      6      5      0   3926     -1
      1     17      1      2     19      3      3      5      0   1691     -1
      1     17      1      2     20      5     13      7      0  11612     -1
      1     17      2      1      1      6      6      6      1   1232   4153
      1     17      2      1      2      1      7      3      0   3741   1298
      1     17      2      1      3      2      1      2      1    859   1868
      1     17      2      1      4      8     13      9      0   1744   1333
      1     17      2      1      5      9     14      9      1   2575   1891
      1     17      2      1      6      6     16      6      1   1280   1637
      1     17      2      1      7      7     10      7      1   1188   1509
      1     17      2      1      8      3      6      5      0   1489   1335
      1     17      2      1      9      3      7     10      0   3215   2275
      1     17      2      1     10     10     14     10      1   1346   2179
      1     17      2      1     11     10      5     10      1   1473   1300
      1     17      2      1     12      7     16      3      0   5772   4907
      1     17      2      1     13      3     11      5      0   1388   1165
      1     17      2      1     14      5      1      5      1   1567   2225
      1     17      2      1     15      2      9      2      1    996   1656
      1     17      2      1     16      8      9     10      0   2156   1530
      1     17      2      1     17      7      2      5      0   1339   3742
      1     17      2      1     18      9      3      1      0   1588   2206
      1     17      2      1     19     10      8      9      0   1919   1338
      1     17      2      1     20      8     12      7      0   2597   3389
      1     17      2      2      1      1     10      8      0  23480     -1
      1     17      2      2      2      5      5      5      1   2242     -1
      1     17      2      2      3      8      4      9      0  17908     -1
      1     17      2      2      4      9      8      8      0   7642     -1
      1     17      2      2      5      1      3      5      0   1458     -1
      1     17      2      2      6      7      1      7      1   4558     -1
      1     17      2      2      7      5      4      9      0   7126     -1
      1     17      2      2      8      3      2      5      0   2392     -1
      1     17      2      2      9      6     11      6      1   1142     -1
      1     17      2      2     10      8     15      8      1  10443     -1
      1     17      2      2     11      2      8      2      1  14208     -1
      1     17      2      2     12      4     12      5      0   2609     -1
      1     17      2      2     13      6      1      6      1   1308     -1
      1     17      2      2     14     10     10      5      0   6762     -1
      1     17      2      2     15      7     12      7      1   2342     -1
      1     17      2      2     16      4     13      4      1   2493     -1
      1     17      2      2     17      2     10      2      1   1512     -1
      1     17      2      2     18      9      9      9      1   8211     -1
      1     17      2      2     19     10      3      6      0   5526     -1
      1     17      2      2     20      3     13      1      0   3875     -1
      1     17      3      1      1      9      3      1      0   3705   5797
      1     17      3      1      2     10      8     10      1   1070   1447
      1     17      3      1      3      3     14      3      1   2292   1923
      1     17      3      1      4      5     14      5      1   1324   2135
      1     17      3      1      5      4     11      2      0   1101   1632
      1     17      3      1      6     10     12      7      0   3441   3343
      1     17      3      1      7     10      5     10      1   1203   1205
      1     17      3      1      8      1      2      3      0   2481   2587
      1     17      3      1      9      8     13      8      1   1071   1251
      1     17      3      1     10      7     10      7      1    967   2488
      1     17      3      1     11      3      6      1      0   3267   1929
      1     17      3      1     12      9      5      1      0   1319   1189
      1     17      3      1     13      9     14      9      1   1400   2549
      1     17      3      1     14      9      6      9      1   1153   3191
      1     17      3      1     15      2      9      2      1    737   1238
      1     17      3      1     16      8     13      8      1   1172   2203
      1     17      3      1     17      4      5      5      0   3099   2947
      1     17      3      1     18      3      6      5      0   1040   1990
      1     17      3      1     19      8     16      5      0   1137   1714
      1     17      3      1     20     10      8     10      1    816   1980
      1     17      3      2      1      6     14      6      1   1612     -1
      1     17      3      2      2      3      8      4      0   8875     -1
      1     17      3      2      3      9     16      9      1   2958     -1
      1     17      3      2      4      8      1      3      0   3726     -1
      1     17      3      2      5      2      2      2      1   1258     -1
      1     17      3      2      6     10      2      5      0   1408     -1
      1     17      3      2      7      1     16      5      0   1775     -1
      1     17      3      2      8      8      3      5      0   1809     -1
      1     17      3      2      9      7      4      7      1   3774     -1
      1     17      3      2     10      3      1      3      1   2426     -1
      1     17      3      2     11      4     15      4      1   1843     -1
      1     17      3      2     12      9     13      9      1   2628     -1
      1     17      3      2     13      1      4      1      1   3158     -1
      1     17      3      2     14      5     11      5      1   3792     -1
      1     17      3      2     15      4      4      3      0   2992     -1
      1     17      3      2     16      7      8      7      1   5776     -1
      1     17      3      2     17      6      5      6      1   4474     -1
      1     17      3      2     18      2      6      2      1   1526     -1
      1     17      3      2     19     10     13     10      1   1492     -1
      1     17      3      2     20      5     10      4      0   1823     -1
      1     17      4      1      1      1      2      1      1   1286   5770
      1     17      4      1      2      3      6      3      1   1647   1029
      1     17      4      1      3      6     10      6      1   1124    924
      1     17      4      1      4      6      6      6      1    978    919
      1     17      4      1      5      9      3      9      1   1260    887
      1     17      4      1      6      2      1      2      1    996   3391
      1     17      4      1      7      8     13      8      1    742   1086
      1     17      4      1      8      7     16      4      0   1127   1083
      1     17      4      1      9      5     14      5      1    997   1376
      1     17      4      1     10      9     14      9      1   1370   1598
      1     17      4      1     11      7      7      5      0   1513   1901
      1     17      4      1     12      7     13      8      0   1310   1331
      1     17      4      1     13     10     12     10      1    955   2254
      1     17      4      1     14      2      3      2      1    939   4793
      1     17      4      1     15      6     12      6      1   1147   2097
      1     17      4      1     16      8     13      7      0    869   1434
      1     17      4      1     17      8     13      8      1   1057    626
      1     17      4      1     18      9     15      9      1   1025   4824
      1     17      4      1     19     10     14     10      1    839   1465
      1     17      4      1     20      1      7      1      1   1046   2097
      1     17      4      2      1      6      2      6      1   1196     -1
      1     17      4      2      2      3     16      4      0   1941     -1
      1     17      4      2      3      5      9      5      1   1974     -1
      1     17      4      2      4      2     13      2      1   1175     -1
      1     17      4      2      5      1      8      2      0   1308     -1
      1     17      4      2      6      9      4      9      1   1275     -1
      1     17      4      2      7      1     12      1      1   1691     -1
      1     17      4      2      8      5      7      5      1   2392     -1
      1     17      4      2      9      8      5      3      0   2825     -1
      1     17      4      2     10      8      7      7      0   6575     -1
      1     17      4      2     11      3      5      5      0   1426     -1
      1     17      4      2     12     10     15      5      0   2208     -1
      1     17      4      2     13      2      7      9      0   2309     -1
      1     17      4      2     14      6     15      6      1   1125     -1
      1     17      4      2     15      7      9      7      1   5141     -1
      1     17      4      2     16      4      1      4      1   3626     -1
      1     17      4      2     17      4     14      1      0   2860     -1
      1     17      4      2     18      9     12      9      1   2859     -1
      1     17      4      2     19     10     16      9      0   1491     -1
      1     17      4      2     20      7     11      8      0  10860     -1
      1     17      5      1      1      6     12      6      1   1050   2020
      1     17      5      1      2      7     10      7      1    903   1186
      1     17      5      1      3      4      7      1      0    968   1553
      1     17      5      1      4      8     13      8      1    953   1976
      1     17      5      1      5      6     16      6      1   1218   1206
      1     17      5      1      6      9     14      9      1   1623   1284
      1     17      5      1      7      4      7      4      1    750    766
      1     17      5      1      8      7      2      4      0   1234   1128
      1     17      5      1      9      7      2      7      1   1466    783
      1     17      5      1     10      4      2      2      0   2009   1331
      1     17      5      1     11     10     12     10      1   1357    907
      1     17      5      1     12      8     16      8      1   1862   1639
      1     17      5      1     13     10      8     10      1    820   1628
      1     17      5      1     14      5     12      5      1   1130   1149
      1     17      5      1     15      9     14      9      1   1280   1591
      1     17      5      1     16      1      1      1      1    944   3266
      1     17      5      1     17      1     15      4      0   3021    877
      1     17      5      1     18      9      6      9      1    873   2103
      1     17      5      1     19      2      3      2      1   1019   1108
      1     17      5      1     20      4      7      4      1   1709   1116
      1     17      5      2      1      6      4      6      1   1360     -1
      1     17      5      2      2      5     15      5      1   1792     -1
      1     17      5      2      3      8     11      4      0   4808     -1
      1     17      5      2      4      5      3      5      1   1362     -1
      1     17      5      2      5      3     12      5      0   1310     -1
      1     17      5      2      6      1     13      9      0   3858     -1
      1     17      5      2      7     10      4     10      1   1042     -1
      1     17      5      2      8      2      4      2      1   1557     -1
      1     17      5      2      9      9      2      9      1   1373     -1
      1     17      5      2     10      4     10      1      0   3225     -1
      1     17      5      2     11     10      9     10      1   1524     -1
      1     17      5      2     12      8      6      8      1   3274     -1
      1     17      5      2     13      9     10      3      0   4758     -1
      1     17      5      2     14      1      9      2      0   1010     -1
      1     17      5      2     15      7     15      5      0   2157     -1
      1     17      5      2     16      3     10      1      0   4659     -1
      1     17      5      2     17      7      6      1      0   3174     -1
      1     17      5      2     18      4      9      5      0   6141     -1
      1     17      5      2     19      2     15      2      1   1257     -1
      1     17      5      2     20      6      9      6      1   1108     -1
      1     17      6      1      1      5      1      4      0   1894   4705
      1     17      6      1      2      4      7      4      1    789   1872
      1     17      6      1      3      6     13      6      1    987   5910
      1     17      6      1      4      7      2      1      0    976   1068
      1     17      6      1      5      4      2      1      0   1339   1431
      1     17      6      1      6      1      7      1      1   2287    927
      1     17      6      1      7      6     12      6      1   1944   8781
      1     17      6      1      8     10      8     10      1    877   1217
      1     17      6      1      9      7     10      7      1   2441   2860
      1     17      6      1     10      8     13      8      1    808   1937
      1     17      6      1     11      5      1      5      1   1148   1161
      1     17      6      1     12      6     16      6      1   1389   1187
      1     17      6      1     13      6      7      5      0   1893   1002
      1     17      6      1     14      7      7      5      0   1119   2452
      1     17      6      1     15      8     16      8      1   1433   1227
      1     17      6      1     16      7      7      7      1   1014   1261
      1     17      6      1     17      7     10      7      1   1041   2180
      1     17      6      1     18      1     14      1      1   1144   1428
      1     17      6      1     19      4      6      3      0   1729   1785
      1     17      6      1     20      8     13      7      0   6279   3715
      1     17      6      2      1      9      1      9      1  10862     -1
      1     17      6      2      2      2     16      2      1   2145     -1
      1     17      6      2      3      4     14      4      1   2592     -1
      1     17      6      2      4     10      6      6      0   2143     -1
      1     17      6      2      5      6      3      6      1   1108     -1
      1     17      6      2      6     10     15      4      0   2841     -1
      1     17      6      2      7      1      5      1      1   2725     -1
      1     17      6      2      8      5     13      5      1   2708     -1
      1     17      6      2      9      2     13      2      1   1009     -1
      1     17      6      2     10      5      7      5      1   1909     -1
      1     17      6      2     11      6      2      6      1   1142     -1
      1     17      6      2     12      4      8      3      0   3379     -1
      1     17      6      2     13      9     12      1      0   2076     -1
      1     17      6      2     14      3     15      5      0   1358     -1
      1     17      6      2     15      3     16      5      0   1108     -1
      1     17      6      2     16      1     12     10      0   1325     -1
      1     17      6      2     17      7     11      7      1   4109     -1
      1     17      6      2     18      8     14      3      0   1858     -1
      1     17      6      2     19      7     14      8      0   1525     -1
      1     17      6      2     20      8      7      8      1  15225     -1
      1     17      7      1      1      1     14      4      0   1729   8521
      1     17      7      1      2      4      7      4      1   1199   1586
      1     17      7      1      3      8     13      8      1   1465   1501
      1     17      7      1      4      8      2      8      1   9986   1303
      1     17      7      1      5     10      8     10      1    982   1464
      1     17      7      1      6      6     16      6      1   1044   2837
      1     17      7      1      7      4      2      2      0   1712   4293
      1     17      7      1      8      5     16      5      1   1185    925
      1     17      7      1      9      6      6      6      1   1387  15267
      1     17      7      1     10     10     14     10      1   3916    930
      1     17      7      1     11      6     16      6      1   1410   1575
      1     17      7      1     12      7      7      8      0   4393   2725
      1     17      7      1     13      7      7      7      1   1080   1276
      1     17      7      1     14      9      5      9      1    794   1510
      1     17      7      1     15      8      2      8      1   1121   1287
      1     17      7      1     16     10     11      2      0   1447   2181
      1     17      7      1     17      4     11      2      0   1580   1340
      1     17      7      1     18      5      6      5      1    866   1113
      1     17      7      1     19      1      1      4      0  15525   1446
      1     17      7      1     20      7     10      7      1   1145   3571
      1     17      7      2      1      9      9      9      1   5112     -1
      1     17      7      2      2      6      5      6      1   1925     -1
      1     17      7      2      3      4     13      4      1   3892     -1
      1     17      7      2      4      2     10      2      1   1358     -1
      1     17      7      2      5      1     16      8      0   3991     -1
      1     17      7      2      6      5      5      3      0   3262     -1
      1     17      7      2      7      2      2      2      1    945     -1
      1     17      7      2      8      3      2      5      0   1309     -1
      1     17      7      2      9      7      1      7      1   4658     -1
      1     17      7      2     10      4      4      5      0   1791     -1
      1     17      7      2     11      3      1      4      0   2790     -1
      1     17      7      2     12     10     10      1      0   1892     -1
      1     17      7      2     13     10     13      1      0   1507     -1
      1     17      7      2     14      5     11      5      1   1442     -1
      1     17      7      2     15      1     10      9      0   1908     -1
      1     17      7      2     16      9     16      9      1   1340     -1
      1     17      7      2     17      6      1      6      1   1208     -1
      1     17      7      2     18      8      1      8      1   2291     -1
      1     17      7      2     19      7      8      7      1   3245     -1
      1     17      7      2     20      8     15      8      1   1264     -1
      1     17      8      1      1      7     16      9      0   2100   1921
      1     17      8      1      2      6     13      6      1   1102   2042
      1     17      8      1      3      7      2      1      0    989   6162
      1     17      8      1      4      8      2      8      1   1285    881
      1     17      8      1      5      3      7      5      0   1251   1143
      1     17      8      1      6      8      9      1      0   1083   1308
      1     17      8      1      7      6      7      6      1   5033   1604
      1     17      8      1      8      9      7      9      1   1422   2987
      1     17      8      1      9      1     11      4      0   2229   2130
      1     17      8      1     10      7      2      1      0   1089    757
      1     17      8      1     11      4      2      3      0   1942   1366
      1     17      8      1     12      8      9      1      0    935   1503
      1     17      8      1     13      8      9      8      1   1150   1258
      1     17      8      1     14      6     10      6      1    917   4480
      1     17      8      1     15      4      5      8      0   2085   1029
      1     17      8      1     16      7     10      7      1   1985   1434
      1     17      8      1     17      6     12      6      1   1127   3770
      1     17      8      1     18     10     14     10      1    666   1897
      1     17      8      1     19      8      9      4      0    995   1327
      1     17      8      1     20      8      9      8      1   1010    867
      1     17      8      2      1      9      2      9      1   1813     -1
      1     17      8      2      2      2      7      9      0   2775     -1
      1     17      8      2      3      3      5      5      0   6658     -1
      1     17      8      2      4      4     10      1      0   2959     -1
      1     17      8      2      5      1      8      2      0   1293     -1
      1     17      8      2      6      5      3      5      1   1325     -1
      1     17      8      2      7      7      6      7      1   1859     -1
      1     17      8      2      8      5      9      8      0   2125     -1
      1     17      8      2      9      8      5      8      1   5524     -1
      1     17      8      2     10      6     15      6      1   1709     -1
      1     17      8      2     11      2      4      2      1   1475     -1
      1     17      8      2     12      9      4      9      1   1057     -1
      1     17      8      2     13      3     10      3      1   9227     -1
      1     17      8      2     14      1     13      2      0   3162     -1
      1     17      8      2     15      7      9      7      1   2760     -1
      1     17      8      2     16     10      4     10      1    959     -1
      1     17      8      2     17      6      4      6      1   1174     -1
      1     17      8      2     18      4      1      8      0  28192     -1
      1     17      8      2     19      8     11      1      0   3959     -1
      1     17      8      2     20     10     16      1      0   3142     -1
      1     17      9      1      1      6     12      6      1   1077   4638
      1     17      9      1      2      9      3      9      1   1526    985
      1     17      9      1      3      7     10      7      1   1269   5548
      1     17      9      1      4      3      6      5      0   1177    823
      1     17      9      1      5      7      2      8      0   1471   1171
      1     17      9      1      6      4      2      4      1   3454    676
      1     17      9      1      7      1      7      1      1   2032   1193
      1     17      9      1      8     10     12     10      1   1245   1198
      1     17      9      1      9     10      5     10      1   1039    808
      1     17      9      1     10      7     13      3      0   1838    911
      1     17      9      1     11      5     16      7      0   1360   1462
      1     17      9      1     12      6      7      6      1   1082    850
      1     17      9      1     13      1      2      1      1   1495   1740
      1     17      9      1     14      5      2      5      1   1777   1165
      1     17      9      1     15      9     15      9      1   1848   1027
      1     17      9      1     16      7      2      7      1  18324   1186
      1     17      9      1     17      8      9      8      1   2010   2375
      1     17      9      1     18      7      2      8      0   2742   1545
      1     17      9      1     19      3      6      1      0   1718    961
      1     17      9      1     20      9      5      9      1    749   1668
      1     17      9      2      1      5      4      3      0   5196     -1
      1     17      9      2      2      6     11      6      1    978     -1
      1     17      9      2      3      6      9      6      1   1075     -1
      1     17      9      2      4      4     12      5      0   2241     -1
      1     17      9      2      5      8      4      8      1   7608     -1
      1     17      9      2      6     10      3      6      0   1309     -1
      1     17      9      2      7      2     15      9      0   1573     -1
      1     17      9      2      8      2      8      2      1   2441     -1
      1     17      9      2      9      1      3      1      1   1691     -1
      1     17      9      2     10      4      9      8      0   5642     -1
      1     17      9      2     11      3     13      3      1   2563     -1
      1     17      9      2     12      9     10      9      1   1792     -1
      1     17      9      2     13      7     15      7      1   3424     -1
      1     17      9      2     14      8      6      8      1   1292     -1
      1     17      9      2     15      3     12      3      1   2943     -1
      1     17      9      2     16      9      8      9      1   1891     -1
      1     17      9      2     17     10      9     10      1   1274     -1
      1     17      9      2     18      5     15      3      0   2792     -1
      1     17      9      2     19      7     12      7      1   4342     -1
      1     17      9      2     20      1      9      2      0    958     -1
      1     17     10      1      1      7     16      4      0   1675   1983
      1     17     10      1      2      7     16      7      1    857    941
      1     17     10      1      3      6     12      6      1   1374   1170
      1     17     10      1      4      7     10      7      1   2256   1133
      1     17     10      1      5      8     13      8      1    812    996
      1     17     10      1      6      8      2      8      1   1086   1517
      1     17     10      1      7      2      9      2      1   1600   2011
      1     17     10      1      8      7      7      7      1   7105   1331
      1     17     10      1      9      7      2      7      1   1144   1404
      1     17     10      1     10      8      9      8      1   1438    809
      1     17     10      1     11      5      1      5      1    871   1319
      1     17     10      1     12      2     12      9      0    972   1286
      1     17     10      1     13      2      3      2      1    937   1005
      1     17     10      1     14      9      3      9      1    929   5160
      1     17     10      1     15     10      8     10      1    940   1382
      1     17     10      1     16     10     11      2      0   6309   1184
      1     17     10      1     17      5     14      5      1    888   1074
      1     17     10      1     18      3      6      3      1    935    943
      1     17     10      1     19      1      7      1      1   1001   1043
      1     17     10      1     20      1     11      8      0   1077   1248
      1     17     10      2      1     10      2      1      0   8328     -1
      1     17     10      2      2      3      3      3      1   1756     -1
      1     17     10      2      3      6      8      6      1    958     -1
      1     17     10      2      4      5      8      5      1   4974     -1
      1     17     10      2      5      8      3      5      0   1375     -1
      1     17     10      2      6      5     10      8      0   6173     -1
      1     17     10      2      7      6     14      6      1    924     -1
      1     17     10      2      8      1      6      2      0   1756     -1
      1     17     10      2      9      4     16      2      0   1391     -1
      1     17     10      2     10     10      7      6      0   2174     -1
      1     17     10      2     11      9     13      9      1   1225     -1
      1     17     10      2     12      9     11      9      1   1540     -1
      1     17     10      2     13      4     15      1      0   3058     -1
      1     17     10      2     14      2      6      2      1   1041     -1
      1     17     10      2     15      3      8      3      1   1740     -1
      1     17     10      2     16      7      4      7      1   2740     -1
      1     17     10      2     17      7      3      7      1   1141     -1
      1     17     10      2     18      1      4      1      1   2108     -1
      1     17     10      2     19      8      8      8      1   1260     -1
      1     17     10      2     20      2      5      2      1    874     -1
