     42      4      9
     42      6      6
     42      4     16
     42      1      2
     42      5      5
     42      6     11
     42      2     16
     42      5     10
     42      1     11
     42      4     12
     42      5      6
     42      6      7
     42      5      9
     42      5     14
     42      6     15
     42      6     12
     42      3      9
     42      8      9
     42      4     14
     42      3      7
     42      7      2
     42      4      5
     42      7      4
     42      5      8
     42      2      6
     42      3      2
     42      2      5
     42      7      8
     42      6     16
     42      7      6
     42      8     15
     42      8      2
     42      2      9
     42      2     14
     42      3      8
     42      3     10
     42      3     13
     42      1     16
     42      8     13
     42      1      5
     42      7     15
     42      8      4
     42      2      3
     42      4      3
     42      1      7
     42      8      5
     42      1      9
     42      7      5
