     53      4     14
     53      8      8
     53      1      9
     53      6     15
     53      5     14
     53      7     10
     53      7     12
     53      2     13
     53      5     11
     53      5      4
     53      8     13
     53      3      2
     53      5     16
     53      3      8
     53      2     16
     53      5      7
     53      1     10
     53      1      1
     53      2      9
     53      6      8
     53      4     12
     53      3      9
     53      7      4
     53      6     16
     53      3     10
     53      4      8
     53      7      7
     53      4      9
     53      8      5
     53      3     12
     53      4     16
     53      8     16
     53      4      5
     53      7     13
     53      6      6
     53      2     10
     53      1      5
     53      6     13
     53      7      5
     53      8     14
     53      2      5
     53      1      2
     53      2     14
     53      1      6
     53      6     10
     53      5      6
     53      8      4
     53      3      7
