      1     16      1      1      1      1      3      1      1   6168
      1     16      1      1      2      1      4      1      1   6533
      1     16      1      1      3     10     14     10      1   8765
      1     16      1      1      4      6     10      6      1   1649
      1     16      1      1      5      2      1      4      0   3076
      1     16      1      1      6      6      3      6      1   1122
      1     16      1      1      7      5     12      5      1   1178
      1     16      1      1      8      7     12      7      1   1671
      1     16      1      1      9     10     13      3      0   3081
      1     16      1      1     10      2      8      4      0   2072
      1     16      1      1     11      4      7      7      0   1785
      1     16      1      1     12      3      7      5      0   3290
      1     16      1      1     13      9     12      9      1   1471
      1     16      1      1     14      3      6      5      0   1352
      1     16      1      1     15      7      5      7      1   1316
      1     16      1      1     16      8     16      8      1   1435
      1     16      1      1     17      4     16      4      1   2605
      1     16      1      1     18      8      6      8      1   1586
      1     16      1      1     19      9      4      9      1   1545
      1     16      1      1     20      5      1      5      1   4379
      1     16      1      2      1     10      4     10      1   4815
      1     16      1      2      2      4      3      2      0   2238
      1     16      1      2      3     10     12      1      0   1874
      1     16      1      2      4      3      1      8      0   6458
      1     16      1      2      5      8      7      8      1   1257
      1     16      1      2      6      4      9      2      0   3524
      1     16      1      2      7      2      7      9      0   1058
      1     16      1      2      8      2      3      3      0   2275
      1     16      1      2      9      7      4      5      0   1141
      1     16      1      2     10      7     10      7      1   1358
      1     16      1      2     11      1      9      4      0   1428
      1     16      1      2     12      6     16      6      1    991
      1     16      1      2     13      3     10      3      1   1791
      1     16      1      2     14      5     14      5      1   1892
      1     16      1      2     15      6      4      6      1   1174
      1     16      1      2     16      5      8      3      0   4492
      1     16      1      2     17      8     12      8      1   1158
      1     16      1      2     18      9     15      9      1   1292
      1     16      1      2     19      1     14      3      0   3875
      1     16      1      2     20      9      8      9      1   1275
      1     16      2      1      1      4      8      2      0   6983
      1     16      2      1      2      4     10      4      1   2150
      1     16      2      1      3      7      2      7      1   3420
      1     16      2      1      4      6     11      6      1   1456
      1     16      2      1      5      3     16      3      1   3812
      1     16      2      1      6      6     13      6      1   1332
      1     16      2      1      7      3     14      3      1   3586
      1     16      2      1      8      2     16      4      0   3005
      1     16      2      1      9      7     16      7      1   1127
      1     16      2      1     10      5      4      3      0   2876
      1     16      2      1     11     10     15      1      0   2088
      1     16      2      1     12      1     13      8      0   2137
      1     16      2      1     13      1      7     10      0   1761
      1     16      2      1     14      5     15      5      1   1221
      1     16      2      1     15      2      6      4      0   1702
      1     16      2      1     16      9     14      9      1    994
      1     16      2      1     17     10      9     10      1   5657
      1     16      2      1     18      8      1      4      0   2521
      1     16      2      1     19      9      9      9      1   1004
      1     16      2      1     20      8      2      8      1   1129
      1     16      2      2      1      1      5     10      0   4146
      1     16      2      2      2      6     15      6      1   1193
      1     16      2      2      3     10     16     10      1   3792
      1     16      2      2      4      5     13      5      1   1609
      1     16      2      2      5      7      6      7      1   1558
      1     16      2      2      6      4     14      2      0   2692
      1     16      2      2      7      9      6      9      1   1091
      1     16      2      2      8      8      9      8      1   1342
      1     16      2      2      9      6      5      6      1   1392
      1     16      2      2     10      2     13      4      0   1391
      1     16      2      2     11      7      1      7      1   1509
      1     16      2      2     12      2      2      2      1   1741
      1     16      2      2     13      9      2      9      1   1041
      1     16      2      2     14     10      5      1      0   2596
      1     16      2      2     15      4     11      2      0   2926
      1     16      2      2     16      1     16      3      0   4042
      1     16      2      2     17      5      5      7      0   6476
      1     16      2      2     18      3     13      5      0   1592
      1     16      2      2     19      3     15      3      1   1742
      1     16      2      2     20      8     14      8      1   2725
      1     16      3      1      1      1     12      3      0   2122
      1     16      3      1      2      2     10      4      0   1519
      1     16      3      1      3      4      4      8      0   1667
      1     16      3      1      4      5      3      5      1    998
      1     16      3      1      5      9     16      9      1   1167
      1     16      3      1      6      4      5      8      0   1610
      1     16      3      1      7      3      5      3      1   1552
      1     16      3      1      8      8      8      8      1   1129
      1     16      3      1      9     10     11     10      1   6128
      1     16      3      1     10      1      1      1      1   3085
      1     16      3      1     11     10      1     10      1   4973
      1     16      3      1     12      7      8      7      1    992
      1     16      3      1     13      6      6      6      1   1122
      1     16      3      1     14      3      4      3      1   1246
      1     16      3      1     15      5     10      5      1   1521
      1     16      3      1     16      9     10      9      1   1014
      1     16      3      1     17      6      1      6      1   1009
      1     16      3      1     18      7     11      7      1   1159
      1     16      3      1     19      8      4      8      1   1037
      1     16      3      1     20      2      4      4      0   2399
      1     16      3      2      1      1      6      1      1   5879
      1     16      3      2      2      9      3      9      1   1259
      1     16      3      2      3      7      7      7      1   1191
      1     16      3      2      4      6      7      6      1    943
      1     16      3      2      5      8     15      8      1   1276
      1     16      3      2      6      4     12      4      1   1925
      1     16      3      2      7      1     11     10      0   2360
      1     16      3      2      8     10      2      3      0   2295
      1     16      3      2      9      5      9      7      0   2041
      1     16      3      2     10      6      9      6      1   1007
      1     16      3      2     11      7     14      2      0   5025
      1     16      3      2     12      3      2      3      1   2627
      1     16      3      2     13      3      3      5      0   2458
      1     16      3      2     14      5      6      5      1   2042
      1     16      3      2     15      9      5      9      1    909
      1     16      3      2     16      8     11      8      1   1524
      1     16      3      2     17      4      2      4      1   1762
      1     16      3      2     18      2      9      2      1   1475
      1     16      3      2     19      2     11      4      0   3141
      1     16      3      2     20     10      6      7      0   2943
      1     16      4      1      1      4     10      4      1   3275
      1     16      4      1      2     10      9     10      1   3514
      1     16      4      1      3      7     11      7      1   1104
      1     16      4      1      4      3     16      3      1   1988
      1     16      4      1      5      6     11      6      1   1383
      1     16      4      1      6      2     16      2      1   1593
      1     16      4      1      7      1     12      1      1   4525
      1     16      4      1      8      1     13      8      0   2935
      1     16      4      1      9      5     10      5      1   1524
      1     16      4      1     10      8      1      2      0   1700
      1     16      4      1     11      3      4      5      0   1533
      1     16      4      1     12      9     10      9      1   1008
      1     16      4      1     13      8      4      8      1    835
      1     16      4      1     14      2      4      2      1   2091
      1     16      4      1     15      7     16      7      1   1155
      1     16      4      1     16      5      4      5      1   3299
      1     16      4      1     17      4      4      4      1   2798
      1     16      4      1     18     10      1     10      1   3536
      1     16      4      1     19      6      6      6      1    936
      1     16      4      1     20      9     14      9      1    817
      1     16      4      2      1      8      3      8      1    979
      1     16      4      2      2      7     13      7      1   1108
      1     16      4      2      3      4      1      2      0   8292
      1     16      4      2      4      1      8      2      0   1225
      1     16      4      2      5      7      9      7      1   1176
      1     16      4      2      6      2     15      4      0   1892
      1     16      4      2      7     10      7      2      0   9993
      1     16      4      2      8      8      5      8      1   1342
      1     16      4      2      9      3      9      3      1   2542
      1     16      4      2     10      9     11      9      1    909
      1     16      4      2     11      1     15      4      0   4843
      1     16      4      2     12      2     14      2      1   1292
      1     16      4      2     13     10     10     10      1   4929
      1     16      4      2     14      6      2      6      1   1324
      1     16      4      2     15      6     12      6      1    959
      1     16      4      2     16      4     15      2      0   4292
      1     16      4      2     17      9      1      9      1   1024
      1     16      4      2     18      5     16      8      0   4174
      1     16      4      2     19      3     12      3      1   2608
      1     16      4      2     20      5      7      5      1   1257
      1     16      5      1      1     10     14     10      1   2009
      1     16      5      1      2      1      3      3      0   5908
      1     16      5      1      3      4      7      7      0   2455
      1     16      5      1      4      9      4      9      1   1023
      1     16      5      1      5     10     13      1      0   3261
      1     16      5      1      6      1      4      1      1   2528
      1     16      5      1      7      3      6      5      0   1362
      1     16      5      1      8      6      3      6      1    878
      1     16      5      1      9      4     16      2      0   1918
      1     16      5      1     10      5     12      5      1   1175
      1     16      5      1     11      2      1      2      1   2288
      1     16      5      1     12      2      8      2      1   1907
      1     16      5      1     13      6     10      6      1   1071
      1     16      5      1     14      7     12      7      1    992
      1     16      5      1     15      5      1      5      1   1061
      1     16      5      1     16      7      5      7      1   2026
      1     16      5      1     17      8      6      8      1   2381
      1     16      5      1     18      3      7      3      1   4011
      1     16      5      1     19      8     16      8      1   1402
      1     16      5      1     20      9     12      9      1   1334
      1     16      5      2      1      3     11      3      1   2628
      1     16      5      2      2      1      2      1      1   3108
      1     16      5      2      3      2      5      4      0   2479
      1     16      5      2      4      7      3      7      1   3025
      1     16      5      2      5      9      7      9      1   1308
      1     16      5      2      6      9     13      9      1   1025
      1     16      5      2      7      4     13      2      0   2324
      1     16      5      2      8      6     14      6      1   1127
      1     16      5      2      9      5     11      5      1   1608
      1     16      5      2     10      1     10      1      1   4975
      1     16      5      2     11      6      8      6      1   1641
      1     16      5      2     12      2     12      2      1   1758
      1     16      5      2     13      3      8      3      1   2458
      1     16      5      2     14      8     13      8      1   2229
      1     16      5      2     15      5      2      5      1   2174
      1     16      5      2     16      4      6      4      1   3224
      1     16      5      2     17     10      3      6      0   2259
      1     16      5      2     18     10      8     10      1   1625
      1     16      5      2     19      7     15      7      1   1442
      1     16      5      2     20      8     10      8      1   1507
      1     16      6      1      1      2      6      4      0   2391
      1     16      6      1      2      5      3      5      1   1110
      1     16      6      1      3      4      8      2      0   2454
      1     16      6      1      4      5     15      5      1   1577
      1     16      6      1      5      9     16      9      1   1339
      1     16      6      1      6      1      1      1      1   3222
      1     16      6      1      7      3      5      3      1   2211
      1     16      6      1      8      9      9      9      1   1033
      1     16      6      1      9      2     10      2      1   2513
      1     16      6      1     10      7      8      7      1   1266
      1     16      6      1     11      7      2      7      1   1850
      1     16      6      1     12      8      2      8      1    853
      1     16      6      1     13      3     14      3      1   2289
      1     16      6      1     14     10     11     10      1   1387
      1     16      6      1     15      6      1      6      1    835
      1     16      6      1     16      4      5      8      0   1799
      1     16      6      1     17      8      8      8      1   1046
      1     16      6      1     18      6     13      6      1    949
      1     16      6      1     19     10     15      1      0   5864
      1     16      6      1     20      1      7      1      1   2552
      1     16      6      2      1      2     13      2      1   1994
      1     16      6      2      2      1     16      1      1   2859
      1     16      6      2      3      4     15      2      0   5158
      1     16      6      2      4     10      7      4      0   2259
      1     16      6      2      5      3     15      3      1   1174
      1     16      6      2      6      8      3      8      1   1159
      1     16      6      2      7      1     15      3      0   3659
      1     16      6      2      8      2     14      2      1   2892
      1     16      6      2      9      3     12      3      1   1159
      1     16      6      2     10      7     13      7      1   1442
      1     16      6      2     11      8      9      8      1   1175
      1     16      6      2     12      6     15      6      1   1208
      1     16      6      2     13      9      1      9      1   1275
      1     16      6      2     14      9      2      9      1   1126
      1     16      6      2     15      4     11      4      1   1523
      1     16      6      2     16      5      5      7      0   2941
      1     16      6      2     17      6      2      6      1   1358
      1     16      6      2     18     10      5     10      1   1891
      1     16      6      2     19      5     16      5      1   2008
      1     16      6      2     20      7      1      7      1   1626
      1     16      7      1      1      9     16      9      1   1036
      1     16      7      1      2      6      6      6      1   1014
      1     16      7      1      3     10      1      1      0   2826
      1     16      7      1      4      7     11      7      1   1001
      1     16      7      1      5      5     10      5      1   1835
      1     16      7      1      6      6      1      6      1    866
      1     16      7      1      7      2      4      4      0   2305
      1     16      7      1      8      7      8      7      1    916
      1     16      7      1      9      8      8      8      1    927
      1     16      7      1     10      5      3      5      1   1433
      1     16      7      1     11      3      5      3      1   1802
      1     16      7      1     12      2     10      4      0   4267
      1     16      7      1     13      9     10      9      1   1006
      1     16      7      1     14      4      5      3      0   4842
      1     16      7      1     15      1     12      1      1   2317
      1     16      7      1     16      1      1      1      1   4048
      1     16      7      1     17     10     11     10      1   1760
      1     16      7      1     18      4      4      2      0   4736
      1     16      7      1     19      8      4      8      1    932
      1     16      7      1     20      3      4      3      1   2167
      1     16      7      2      1      2      2      2      1   4779
      1     16      7      2      2      9      6      9      1   1109
      1     16      7      2      3      4     14      4      1   1923
      1     16      7      2      4      6      5      6      1   1042
      1     16      7      2      5      9      5      9      1   1775
      1     16      7      2      6      7      6      7      1   1893
      1     16      7      2      7      3      2      3      1   2675
      1     16      7      2      8      3     13      5      0   2092
      1     16      7      2      9      8     11      8      1   1743
      1     16      7      2     10      2     11      2      1   4259
      1     16      7      2     11      6      7      6      1   1178
      1     16      7      2     12      1      5      1      1   1826
      1     16      7      2     13     10      6      4      0   4426
      1     16      7      2     14      1     11     10      0   2412
      1     16      7      2     15      5      9      5      1   1409
      1     16      7      2     16      5     13      8      0   6542
      1     16      7      2     17     10     16     10      1   1492
      1     16      7      2     18      8     14      7      0   3909
      1     16      7      2     19      4      2      2      0   2176
      1     16      7      2     20      7     14      7      1   1764
      1     16      8      1      1      9     12      9      1   1131
      1     16      8      1      2      6      3      6      1   1523
      1     16      8      1      3     10     14     10      1   1573
      1     16      8      1      4      2      8      2      1   1766
      1     16      8      1      5      9      4      9      1   1077
      1     16      8      1      6      4     16      4      1   1607
      1     16      8      1      7      4      7      1      0   4859
      1     16      8      1      8      1      3      3      0   2888
      1     16      8      1      9      8      6      7      0   1496
      1     16      8      1     10      1      4     10      0   1600
      1     16      8      1     11      3      6      5      0    947
      1     16      8      1     12      2      1      2      1   1682
      1     16      8      1     13      7      5      7      1   2754
      1     16      8      1     14      7     12      7      1   1508
      1     16      8      1     15      3      7      3      1   5552
      1     16      8      1     16      5      1      5      1   1243
      1     16      8      1     17      5     12      5      1   1107
      1     16      8      1     18      8     16      8      1   1690
      1     16      8      1     19     10     13      1      0   2966
      1     16      8      1     20      6     10      6      1   1264
      1     16      8      2      1      2     15      2      1   3028
      1     16      8      2      2      9     11      9      1   1192
      1     16      8      2      3      7      4      5      0   1625
      1     16      8      2      4      7      9      7      1   1130
      1     16      8      2      5      3      1      3      1   4025
      1     16      8      2      6      2      7      4      0   1958
      1     16      8      2      7      4      9      4      1   8441
      1     16      8      2      8      8      5      8      1   4892
      1     16      8      2      9      6     16      6      1   1108
      1     16      8      2     10      1     14      1      1   2958
      1     16      8      2     11      5      7      3      0   2062
      1     16      8      2     12      4      1      4      1   2329
      1     16      8      2     13      8      7      8      1   1090
      1     16      8      2     14      3      9      3      1   2412
      1     16      8      2     15      1      8      2      0   2029
      1     16      8      2     16     10     10      1      0   3159
      1     16      8      2     17     10     12     10      1   1875
      1     16      8      2     18      9     15      9      1   1092
      1     16      8      2     19      6     12      6      1   1025
      1     16      8      2     20      5     14      5      1   1542
      1     16      9      1      1     10     15     10      1   3858
      1     16      9      1      2      4     10      4      1   2058
      1     16      9      1      3      3     14      3      1   1289
      1     16      9      1      4      5      4      3      0   2584
      1     16      9      1      5      9      9      9      1   1063
      1     16      9      1      6      6     13      6      1   1078
      1     16      9      1      7      5     15      5      1   1690
      1     16      9      1      8      3     16      3      1   1255
      1     16      9      1      9      1      7      1      1  17400
      1     16      9      1     10      1     13      8      0   2232
      1     16      9      1     11      9     14      9      1    897
      1     16      9      1     12      8      2      8      1    994
      1     16      9      1     13      8      1      4      0  13453
      1     16      9      1     14      7     16      7      1   1207
      1     16      9      1     15     10      9     10      1   1803
      1     16      9      1     16      6     11      6      1    967
      1     16      9      1     17      4      8      4      1   2344
      1     16      9      1     18      2     16      2      1   1031
      1     16      9      1     19      2      6      2      1   3868
      1     16      9      1     20      7      2      7      1   2433
      1     16      9      2      1      5     11      5      1   1279
      1     16      9      2      2      9      3      9      1   1112
      1     16      9      2      3      1      2      1      1   2095
      1     16      9      2      4      8     15      8      1   1377
      1     16      9      2      5      6      9      6      1   1092
      1     16      9      2      6      9      7      9      1   1263
      1     16      9      2      7      2      5      2      1   1327
      1     16      9      2      8      3      8      3      1   2675
      1     16      9      2      9      2      9      2      1   1646
      1     16      9      2     10     10      2     10      1   2279
      1     16      9      2     11     10      3      6      0   2143
      1     16      9      2     12      1      6      1      1   4024
      1     16      9      2     13      5      6      5      1   1307
      1     16      9      2     14      4     13      4      1   1976
      1     16      9      2     15      6     14      6      1    959
      1     16      9      2     16      4     12      4      1   1494
      1     16      9      2     17      8     13      8      1   1309
      1     16      9      2     18      3      3      3      1   1759
      1     16      9      2     19      7      7      7      1   1075
      1     16      9      2     20      7      3      7      1   1025
      1     16     10      1      1      6      3      6      1    940
      1     16     10      1      2      5     12      5      1    948
      1     16     10      1      3      6     13      6      1   1259
      1     16     10      1      4      3      7      3      1   2040
      1     16     10      1      5      1      4     10      0   1399
      1     16     10      1      6      7      5      7      1   1006
      1     16     10      1      7      9      9      9      1   1166
      1     16     10      1      8      8      2      8      1    817
      1     16     10      1      9      9     12      9      1    870
      1     16     10      1     10     10     15      1      0   2588
      1     16     10      1     11      4      8      4      1   1666
      1     16     10      1     12      4      7      1      0   2449
      1     16     10      1     13      3     14      3      1    967
      1     16     10      1     14     10     14     10      1   1491
      1     16     10      1     15      1      7      1      1   2920
      1     16     10      1     16      2      1      2      1   1405
      1     16     10      1     17      2      6      2      1   1304
      1     16     10      1     18      8     16      8      1   1383
      1     16     10      1     19      5     15      5      1   1310
      1     16     10      1     20      7      2      7      1   1755
      1     16     10      2      1      4      6      4      1   2496
      1     16     10      2      2      2      3      4      0   3041
      1     16     10      2      3      1     10      1      1   2076
      1     16     10      2      4      9      8      9      1   1208
      1     16     10      2      5     10      8     10      1   1141
      1     16     10      2      6      3     11      3      1   1925
      1     16     10      2      7      8     12      8      1   5474
      1     16     10      2      8      8     10      8      1   1092
      1     16     10      2      9     10      4     10      1   1825
      1     16     10      2     10      7     15      7      1   1210
      1     16     10      2     11      7     10      7      1   1091
      1     16     10      2     12      2     12      2      1   2193
      1     16     10      2     13      6      4      6      1   1412
      1     16     10      2     14      4      3      4      1   1408
      1     16     10      2     15      5      2      5      1   1675
      1     16     10      2     16      3     10      3      1   1125
      1     16     10      2     17      1      9      4      0   3024
      1     16     10      2     18      9     13      9      1    891
      1     16     10      2     19      6      8      6      1    978
      1     16     10      2     20      5      8      5      1   1459
