      1      2      1      1      1      6     14      6      1   3351   4085
      1      2      1      1      2      9      1      9      1   2055   6355
      1      2      1      1      3      6      7      8      0   9501   3626
      1      2      1      1      4      9     15      9      1   2061  10626
      1      2      1      1      5     10      3      2      0   2612   1212
      1      2      1      1      6      2     14      9      0   5721   1551
      1      2      1      1      7     10      3      5      0   3665   1922
      1      2      1      1      8      5      1      5      1   1034   3296
      1      2      1      1      9      6     13      6      1   3225   1199
      1      2      1      1     10     10      6     10      1   3739   2411
      1      2      1      1     11      6     15      6      1   2853   1202
      1      2      1      1     12      5     15      5      1   1708   1365
      1      2      1      1     13      2      5      3      0   6945   1095
      1      2      1      1     14      2      6      2      1    936   1636
      1      2      1      1     15      1      1      3      0   4663   5802
      1      2      1      1     16      4      9      1      0   1973   1564
      1      2      1      1     17     10      4      9      0   2682    860
      1      2      1      1     18      8      1     10      0   3629   1228
      1      2      1      1     19      8     10      2      0   2738   6358
      1      2      1      1     20      5      9      8      0   1976   2160
      1      2      1      2      1      6      2      6      1   3447     -1
      1      2      1      2      2      4      5      8      0   4331     -1
      1      2      1      2      3      3      9      5      0   1644     -1
      1      2      1      2      4      5      8      5      1   1215     -1
      1      2      1      2      5      7      1      1      0   4843     -1
      1      2      1      2      6      9      2      9      1   2161     -1
      1      2      1      2      7      5      5      7      0   4777     -1
      1      2      1      2      8      1      8      2      0   2648     -1
      1      2      1      2      9     10     13      2      0   4997     -1
      1      2      1      2     10      6      1      6      1   1710     -1
      1      2      1      2     11      8      6      8      1   2892     -1
      1      2      1      2     12      3     11      5      0   1796     -1
      1      2      1      2     13      1     16     10      0   1360     -1
      1      2      1      2     14      2     15     10      0   2614     -1
      1      2      1      2     15     10      9      8      0   3042     -1
      1      2      1      2     16      2      1      2      1   4242     -1
      1      2      1      2     17      8     11      4      0   2843     -1
      1      2      1      2     18      7     11      6      0   2825     -1
      1      2      1      2     19      9     11      9      1   2462     -1
      1      2      1      2     20      4      4      5      0   1862     -1
      1      2      2      1      1      8     14      1      0   2374   5459
      1      2      2      1      2      9      6      9      1   1359    983
      1      2      2      1      3      7     14      2      0   1749    910
      1      2      2      1      4      8     14      8      1   1996   1608
      1      2      2      1      5      7     14      7      1   1560    965
      1      2      2      1      6      4     10     10      0   3900    925
      1      2      2      1      7      9     12      9      1   1395    914
      1      2      2      1      8      4     10      4      1   2260    882
      1      2      2      1      9      9     15      9      1   2191   1050
      1      2      2      1     10      2      6      4      0   2717    909
      1      2      2      1     11      1     11      2      0   1802   1553
      1      2      2      1     12      1      7      1      1   2350    991
      1      2      2      1     13      5      6      5      1    916    959
      1      2      2      1     14      3      2      5      0   1311   1545
      1      2      2      1     15     10      4      1      0   2921    756
      1      2      2      1     16      9      1      9      1   2040    870
      1      2      2      1     17      5     12      5      1   1158    718
      1      2      2      1     18      5      1      5      1    850    992
      1      2      2      1     19     10      5      1      0   1455   1004
      1      2      2      1     20      9     12     10      0   1491   2078
      1      2      2      2      1      1      6     10      0   2559     -1
      1      2      2      2      2      5     14      5      1   1343     -1
      1      2      2      2      3      9      5      9      1   1681     -1
      1      2      2      2      4      8      9      1      0   1810     -1
      1      2      2      2      5      3      4      5      0   1210     -1
      1      2      2      2      6      9      3      9      1   1327     -1
      1      2      2      2      7      2      7      9      0   1446     -1
      1      2      2      2      8      2     11      9      0   1348     -1
      1      2      2      2      9      1      9      4      0   5127     -1
      1      2      2      2     10     10      8     10      1   1877     -1
      1      2      2      2     11      6     10      6      1   1343     -1
      1      2      2      2     12     10     12      3      0   3964     -1
      1      2      2      2     13      7     10      8      0   4093     -1
      1      2      2      2     14      5     10      5      1   2509     -1
      1      2      2      2     15      3     15      5      0   1477     -1
      1      2      2      2     16      8      2      7      0   2560     -1
      1      2      2      2     17      6     12      6      1   1243     -1
      1      2      2      2     18      4     15      7      0   5526     -1
      1      2      2      2     19      7      3      8      0   1615     -1
      1      2      2      2     20      4      8      7      0   1780     -1
      1      2      3      1      1      8     15      8      1   2549   3860
      1      2      3      1      2      4      2      1      0   1216    992
      1      2      3      1      3      6      7      7      0   5814   1077
      1      2      3      1      4      8      5      4      0   1420   1271
      1      2      3      1      5      6     15      6      1   1228   1064
      1      2      3      1      6      1      3      1      1   1132   2121
      1      2      3      1      7      3     16      5      0   1342   1132
      1      2      3      1      8      1      1      6      0   1423   1118
      1      2      3      1      9      2      2      1      0    970    773
      1      2      3      1     10      7      9      8      0   1355   1965
      1      2      3      1     11      8     15      7      0   1164   2453
      1      2      3      1     12      7      9      8      0   1174   1001
      1      2      3      1     13      8     15      7      0   1426    784
      1      2      3      1     14      8     15      8      1   1440   1085
      1      2      3      1     15      9      8      2      0   3076   1429
      1      2      3      1     16      4     12      2      0    963   1078
      1      2      3      1     17      4      6      2      0   1671   1385
      1      2      3      1     18      4     12      4      1   1444   1428
      1      2      3      1     19      9      7      9      1   2475   1199
      1      2      3      1     20     10     11      4      0   1823   1433
      1      2      3      2      1      6     11      6      1   1260     -1
      1      2      3      2      2      5     11      5      1   1114     -1
      1      2      3      2      3      4      3      5      0   2297     -1
      1      2      3      2      4      2      4     10      0   4808     -1
      1      2      3      2      5      3     10      5      0   1759     -1
      1      2      3      2      6      6     16      6      1   1308     -1
      1      2      3      2      7     10      1      2      0   5180     -1
      1      2      3      2      8      7      2      8      0   3709     -1
      1      2      3      2      9      7     16      8      0   3261     -1
      1      2      3      2     10     10      2      1      0   4061     -1
      1      2      3      2     11      3      7      5      0   3114     -1
      1      2      3      2     12      4     14      8      0   3494     -1
      1      2      3      2     13      1     10      8      0   4062     -1
      1      2      3      2     14      9     13      9      1   2192     -1
      1      2      3      2     15      8      8      8      1   3875     -1
      1      2      3      2     16      8     12      7      0   1145     -1
      1      2      3      2     17      2      9     10      0   3609     -1
      1      2      3      2     18      1     12      1      1   1648     -1
      1      2      3      2     19      5      3      5      1   3009     -1
      1      2      3      2     20      9     10      9      1   3008     -1
      1      2      4      1      1      3     13      5      0    911   6170
      1      2      4      1      2      8      3      3      0   1128    981
      1      2      4      1      3      2      3      3      0   1719   1205
      1      2      4      1      4      4     12      2      0   1519    757
      1      2      4      1      5      9      8      9      1   2177   1280
      1      2      4      1      6      2     14      9      0   2224   1498
      1      2      4      1      7      2      2     10      0   1935    906
      1      2      4      1      8      1      3      2      0    979    781
      1      2      4      1      9      2      3      2      1    786    724
      1      2      4      1     10      7      8      7      1   1548   1988
      1      2      4      1     11      6      6      6      1   1085   6028
      1      2      4      1     12      6     15      6      1   1683   2268
      1      2      4      1     13      6      3      6      1   1624   1282
      1      2      4      1     14     10      6      8      0   2402   1371
      1      2      4      1     15      4      6     10      0   2455   1402
      1      2      4      1     16      7     12      4      0   1414   2420
      1      2      4      1     17      1      1      4      0   3876   1480
      1      2      4      1     18      8     15      8      1   1476   1215
      1      2      4      1     19      7      9      7      1    677   1065
      1      2      4      1     20      7     12      7      1    808   1184
      1      2      4      2      1      8      4      7      0   7941     -1
      1      2      4      2      2      5      4      5      1   1359     -1
      1      2      4      2      3     10     14      2      0   3643     -1
      1      2      4      2      4      2     16      1      0   2831     -1
      1      2      4      2      5      9      4      9      1   1609     -1
      1      2      4      2      6      6      5      6      1   1548     -1
      1      2      4      2      7      7     15      7      1   3093     -1
      1      2      4      2      8      7      6      8      0   2843     -1
      1      2      4      2      9      2     12     10      0   6264     -1
      1      2      4      2     10      3      5      5      0   1263     -1
      1      2      4      2     11      1      4      1      1   1579     -1
      1      2      4      2     12     10     16      4      0   3260     -1
      1      2      4      2     13      1     13     10      0   2214     -1
      1      2      4      2     14      4     16      2      0   3010     -1
      1      2      4      2     15      9     16      9      1   2181     -1
      1      2      4      2     16      6      9      6      1   1143     -1
      1      2      4      2     17      4     11      2      0   3076     -1
      1      2      4      2     18      3     14      5      0   1448     -1
      1      2      4      2     19      5      7      5      1    993     -1
      1      2      4      2     20      8     13      7      0   2409     -1
      1      2      5      1      1     10      6      1      0   1545   3864
      1      2      5      1      2      2      3      7      0   1809    668
      1      2      5      1      3      7     14      8      0   1640   3622
      1      2      5      1      4      7      9      8      0    764   1160
      1      2      5      1      5      3      8      8      0   1393   1480
      1      2      5      1      6      4      7      1      0   1041   2178
      1      2      5      1      7      4      9      1      0   1373   2262
      1      2      5      1      8      2      2      4      0    864   1177
      1      2      5      1      9      1      1      1      1   1628   1212
      1      2      5      1     10      4      9      1      0    843    767
      1      2      5      1     11      8      1      1      0   1180   3300
      1      2      5      1     12     10      7      4      0   1446   1759
      1      2      5      1     13      3      1      5      0   1212   1196
      1      2      5      1     14      5      1      5      1    665    745
      1      2      5      1     15      3     13      7      0   1372   2213
      1      2      5      1     16      1     15      3      0   1136   1834
      1      2      5      1     17      8     10      3      0   1336   2728
      1      2      5      1     18      4     12      2      0   1313   2171
      1      2      5      1     19     10      3      1      0   1198   2237
      1      2      5      1     20      2     13      4      0   2209    784
      1      2      5      2      1      5     16      3      0   3608     -1
      1      2      5      2      2      1      5      1      1   1627     -1
      1      2      5      2      3     10     15      7      0   2262     -1
      1      2      5      2      4      3     12      5      0   2164     -1
      1      2      5      2      5      5     13      5      1   1346     -1
      1      2      5      2      6      9      9      9      1   1859     -1
      1      2      5      2      7     10     10      1      0   3463     -1
      1      2      5      2      8      8      7      7      0   1493     -1
      1      2      5      2      9      2      8      2      1   4992     -1
      1      2      5      2     10      2     10      2      1   1643     -1
      1      2      5      2     11      7      4      8      0   2347     -1
      1      2      5      2     12      6      4      6      1   1292     -1
      1      2      5      2     13      4      1      3      0   3810     -1
      1      2      5      2     14      6      8      6      1   1342     -1
      1      2      5      2     15      9     14      9      1   1347     -1
      1      2      5      2     16      3      3      1      0   2296     -1
      1      2      5      2     17      7      7      8      0   2142     -1
      1      2      5      2     18      1      2     10      0   4878     -1
      1      2      5      2     19      8     16      3      0   2209     -1
      1      2      5      2     20      4     13      1      0   2648     -1
      1      2      6      1      1      6      6      6      1   1293   4263
      1      2      6      1      2     10      6      1      0   1796   1510
      1      2      6      1      3     10      5      3      0   2105    639
      1      2      6      1      4     10      4      4      0  11535   5447
      1      2      6      1      5      2      6      4      0   1738   3390
      1      2      6      1      6      7     14      8      0   1225   1845
      1      2      6      1      7      6      3      6      1   4639   1383
      1      2      6      1      8      2     14     10      0   5147   1011
      1      2      6      1      9      2      6      4      0   1191    818
      1      2      6      1     10      2      2      2      1   1059    966
      1      2      6      1     11      1      3      1      1   1536   1122
      1      2      6      1     12      3      2      3      1   2436   3293
      1      2      6      1     13      5     12      3      0    918   2780
      1      2      6      1     14      5      1      3      0    409    917
      1      2      6      1     15      8      1      1      0    955   1285
      1      2      6      1     16      3     13      7      0   1781   2088
      1      2      6      1     17      8     15      8      1   1247    946
      1      2      6      1     18     10     11     10      1   4407    952
      1      2      6      1     19      1     15      1      1   2098   2055
      1      2      6      1     20      4      7      7      0   1768   1438
      1      2      6      2      1      6      2      6      1   1309     -1
      1      2      6      2      2      9     14      9      1   1514     -1
      1      2      6      2      3      7     11      8      0   2892     -1
      1      2      6      2      4      1      2      7      0   2827     -1
      1      2      6      2      5      8      6      7      0   1714     -1
      1      2      6      2      6      8      7      7      0   1479     -1
      1      2      6      2      7      9      2      9      1   1942     -1
      1      2      6      2      8     10     15      3      0   3180     -1
      1      2      6      2      9      5     13      3      0   1578     -1
      1      2      6      2     10      2     15      4      0   2526     -1
      1      2      6      2     11      1     16      1      1   2160     -1
      1      2      6      2     12     10     13      3      0   1825     -1
      1      2      6      2     13      5      5      8      0   9141     -1
      1      2      6      2     14      6      8      6      1   1226     -1
      1      2      6      2     15      4      4      5      0   1431     -1
      1      2      6      2     16      2      8      4      0   2158     -1
      1      2      6      2     17      4      1      8      0   4459     -1
      1      2      6      2     18      3      9      1      0   3593     -1
      1      2      6      2     19      3      3      3      1   1264     -1
      1      2      6      2     20      7      4      8      0   1497     -1
      1      2      7      1      1      5      1      5      1   1046   1956
      1      2      7      1      2      7     13      8      0   1720    657
      1      2      7      1      3      5      9      7      0   1271    855
      1      2      7      1      4      1     14      8      0    818    791
      1      2      7      1      5      8      3      7      0   1518   1339
      1      2      7      1      6      7     13      8      0    930    814
      1      2      7      1      7      8      1      1      0   1111   1877
      1      2      7      1      8      2      5      4      0    903   1154
      1      2      7      1      9      4      9     10      0   1558    636
      1      2      7      1     10     10      6      8      0   3377    633
      1      2      7      1     11     10      7     10      1   5526    750
      1      2      7      1     12      1     15      3      0   1025   1017
      1      2      7      1     13      8     10      7      0    986   1171
      1      2      7      1     14      3     13      3      1    844    683
      1      2      7      1     15      9      7      9      1   1509    867
      1      2      7      1     16      4      7      1      0   1840    721
      1      2      7      1     17      7     12      7      1   1876    983
      1      2      7      1     18      9      7      9      1   1700   1738
      1      2      7      1     19      4      7      4      1   2533   1373
      1      2      7      1     20      3      8      3      1   1210   3270
      1      2      7      2      1     10     12      3      0   3375     -1
      1      2      7      2      2      6     10      6      1   1115     -1
      1      2      7      2      3      5     10      3      0   3497     -1
      1      2      7      2      4      7      3      8      0   2626     -1
      1      2      7      2      5      9      5      9      1   1614     -1
      1      2      7      2      6      9      4      9      1    910     -1
      1      2      7      2      7     10     14     10      1   2464     -1
      1      2      7      2      8      1      4      4      0   3314     -1
      1      2      7      2      9      8     13      7      0   1592     -1
      1      2      7      2     10      1      9     10      0   1876     -1
      1      2      7      2     11      4      8      2      0   2681     -1
      1      2      7      2     12      3     15      3      1   2981     -1
      1      2      7      2     13      4     11      4      1   2776     -1
      1      2      7      2     14      6      5      6      1   1697     -1
      1      2      7      2     15      2     11      9      0   3709     -1
      1      2      7      2     16      8      2      8      1   2146     -1
      1      2      7      2     17      2     12      2      1   5059     -1
      1      2      7      2     18      7     15      8      0   2248     -1
      1      2      7      2     19      5      7      5      1   1631     -1
      1      2      7      2     20      3      5      5      0   1330     -1
      1      2      8      1      1     10     11     10      1   2581   3363
      1      2      8      1      2      8     10      7      0   1540   1019
      1      2      8      1      3      3     13      3      1    858    801
      1      2      8      1      4      9      7      9      1   1823   1068
      1      2      8      1      5      4      7      2      0   3618    958
      1      2      8      1      6      7     12      8      0   1432    579
      1      2      8      1      7      3      6      5      0   1015    729
      1      2      8      1      8      2     13      2      1    970   1303
      1      2      8      1      9      4      6     10      0   2714   1010
      1      2      8      1     10      2     14      2      1   2394   2506
      1      2      8      1     11      4      7      2      0    892   1795
      1      2      8      1     12      2      3      8      0   3087   1021
      1      2      8      1     13      2      6      4      0   1268   2597
      1      2      8      1     14      4     10      2      0   1332    960
      1      2      8      1     15      2      6      2      1   1057    985
      1      2      8      1     16      1     11      4      0   1250   1109
      1      2      8      1     17      4     12      4      1   1054   1171
      1      2      8      1     18      2      2      2      1   1090   2295
      1      2      8      1     19     10      3      4      0   2379   1261
      1      2      8      1     20      1      3      1      1   1178   1761
      1      2      8      2      1      8     16      8      1   5908     -1
      1      2      8      2      2     10     16      1      0   3614     -1
      1      2      8      2      3      9     16      2      0   3093     -1
      1      2      8      2      4      4     16      2      0   1660     -1
      1      2      8      2      5     10     10      1      0   2763     -1
      1      2      8      2      6      6      4      6      1   1146     -1
      1      2      8      2      7      3     12      5      0   1198     -1
      1      2      8      2      8      8      4      1      0   3094     -1
      1      2      8      2      9      5      4      3      0   1696     -1
      1      2      8      2     10      6      9      6      1    994     -1
      1      2      8      2     11      3     14      5      0   3576     -1
      1      2      8      2     12      1      5      4      0   4677     -1
      1      2      8      2     13      7      6      8      0   1444     -1
      1      2      8      2     14      2     10      2      1   2410     -1
      1      2      8      2     15      1     13      2      0   1763     -1
      1      2      8      2     16      7      7      7      1   2059     -1
      1      2      8      2     17      4     13      4      1   3696     -1
      1      2      8      2     18      5     16      2      0   3009     -1
      1      2      8      2     19      2     16      2      1   2259     -1
      1      2      8      2     20      9      9      9      1   1665     -1
      1      2      9      1      1     10      4      9      0   1996   2520
      1      2      9      1      2      8     14      1      0   1915   1689
      1      2      9      1      3      7     14      7      1   2710   1909
      1      2      9      1      4      4     10      2      0   2320   1387
      1      2      9      1      5      9     12      9      1   1650   1108
      1      2      9      1      6      9     15      9      1   1202    907
      1      2      9      1      7      2      6      2      1   1548   1507
      1      2      9      1      8      1     11      1      1    886    990
      1      2      9      1      9      1      7      3      0    900    992
      1      2      9      1     10      5      6      5      1   2002    857
      1      2      9      1     11      3      2      3      1   1170    956
      1      2      9      1     12     10      4     10      1    988    771
      1      2      9      1     13      9      1      9      1   1725   1298
      1      2      9      1     14      5     12      5      1   1092   1166
      1      2      9      1     15      5      1      5      1    765    960
      1      2      9      1     16     10      5     10      1   1371    904
      1      2      9      1     17      2      3      8      0   2355    738
      1      2      9      1     18      6     14      6      1   1059    900
      1      2      9      1     19      6      6      6      1    787    690
      1      2      9      1     20      3      1      3      1   1353    740
      1      2      9      2      1      5     14      5      1   2860     -1
      1      2      9      2      2      3      4      4      0   9475     -1
      1      2      9      2      3      6     12      6      1    993     -1
      1      2      9      2      4      3     11      3      1   1647     -1
      1      2      9      2      5      7      1      7      1   1562     -1
      1      2      9      2      6     10      9      1      0   3595     -1
      1      2      9      2      7      1      6      1      1   1842     -1
      1      2      9      2      8      8      9      8      1   2747     -1
      1      2      9      2      9      6      1      6      1   1443     -1
      1      2      9      2     10      8     11      2      0   2093     -1
      1      2      9      2     11      2      7      4      0   3226     -1
      1      2      9      2     12      5      8      5      1   1578     -1
      1      2      9      2     13      4     15      2      0   4059     -1
      1      2      9      2     14     10      8     10      1   1044     -1
      1      2      9      2     15      1      8      4      0   5642     -1
      1      2      9      2     16      4      5      2      0   2160     -1
      1      2      9      2     17      9      3      9      1   1276     -1
      1      2      9      2     18      9     11      9      1   1198     -1
      1      2      9      2     19      7     10      8      0   1611     -1
      1      2      9      2     20      2      1     10      0   2326     -1
      1      2     10      1      1     10     11      4      0   1152   4288
      1      2     10      1      2      8     10      7      0   1684    859
      1      2     10      1      3      3     13      5      0    827    883
      1      2     10      1      4      9      7      9      1   1219    675
      1      2     10      1      5      4      7      1      0   1616    645
      1      2     10      1      6      7     12      7      1   1677    567
      1      2     10      1      7      3      6      5      0   1035    643
      1      2     10      1      8      2     13      2      1   3321    805
      1      2     10      1      9      4      6      4      1   1738    789
      1      2     10      1     10      2     14      2      1   2342    702
      1      2     10      1     11      1     15      3      0   1554   2049
      1      2     10      1     12     10      7     10      1    748    861
      1      2     10      1     13     10      6     10      1    889    738
      1      2     10      1     14      4      9      2      0   1966    909
      1      2     10      1     15      2      5      2      1    752    576
      1      2     10      1     16      8      1      3      0   2154    856
      1      2     10      1     17      8      3      7      0   1154    756
      1      2     10      1     18      2      5      2      1   2261    981
      1      2     10      1     19      8      1      8      1    857    936
      1      2     10      1     20      8      3      8      1    709    453
      1      2     10      2      1      3     10      8      0   2943     -1
      1      2     10      2      2      2      4      2      1   2192     -1
      1      2     10      2      3     10      2      8      0   2259     -1
      1      2     10      2      4      2      9      4      0   1261     -1
      1      2     10      2      5      1     12      8      0   1980     -1
      1      2     10      2      6      4     14      2      0   2593     -1
      1      2     10      2      7      5      3      5      1   1880     -1
      1      2     10      2      8      1     10      8      0   1161     -1
      1      2     10      2      9      9     10      8      0   2392     -1
      1      2     10      2     10      3      7      5      0   1793     -1
      1      2     10      2     11      5     11      5      1    930     -1
      1      2     10      2     12      7     16      8      0   1211     -1
      1      2     10      2     13      6     16      6      1   1030     -1
      1      2     10      2     14      7      2      8      0   1680     -1
      1      2     10      2     15      4      3      3      0   5080     -1
      1      2     10      2     16      9     13      9      1   1525     -1
      1      2     10      2     17     10      1      8      0   3409     -1
      1      2     10      2     18      6     11      6      1   1231     -1
      1      2     10      2     19      8     12      7      0   1829     -1
      1      2     10      2     20      8      8      7      0   2159     -1
