      1     24      1      1      1     10      3      2      0   1992   7506
      1     24      1      1      2      9     11      2      0   1907   7119
      1     24      1      1      3      2      3      4      0   3730   3559
      1     24      1      1      4      5      1      8      0   4838   4582
      1     24      1      1      5      1      8      1      1   2080   5049
      1     24      1      1      6     10      2      3      0   2458   5007
      1     24      1      1      7      1     14      5      0   5841   5031
      1     24      1      1      8      4      7      7      0   2146   3455
      1     24      1      1      9      4      3      5      0   2886   1682
      1     24      1      1     10      6      8      6      1   1716   3703
      1     24      1      1     11      9      9      7      0   2497   5178
      1     24      1      1     12      3      6      2      0   2552   5242
      1     24      1      1     13      6      1      6      1   1525   2301
      1     24      1      1     14      3      2      7      0   7204   1255
      1     24      1      1     15      7      6      2      0   6303   2730
      1     24      1      1     16      3     14      5      0   4585   2452
      1     24      1      1     17      3     16      3      1   1872   3286
      1     24      1      1     18      2      7     10      0   5852   1388
      1     24      1      1     19      4      1      5      0   6568   2631
      1     24      1      1     20      5     12      5      1   2544   4563
      1     24      1      2      1      4      9      6      0   2836     -1
      1     24      1      2      2      7      5      4      0   1712     -1
      1     24      1      2      3      2     10      3      0   2844     -1
      1     24      1      2      4      9      1      2      0   2025     -1
      1     24      1      2      5      8     12      7      0   7391     -1
      1     24      1      2      6      6      7      6      1   1841     -1
      1     24      1      2      7      8     16     10      0   6897     -1
      1     24      1      2      8      2      2      1      0   3093     -1
      1     24      1      2      9     10     10      8      0   8411     -1
      1     24      1      2     10      9      2      9      1   4747     -1
      1     24      1      2     11      6      5      6      1   2410     -1
      1     24      1      2     12      1      6      3      0  15241     -1
      1     24      1      2     13     10     15      4      0   6126     -1
      1     24      1      2     14      5     11      5      1   5494     -1
      1     24      1      2     15      7     15     10      0   3912     -1
      1     24      1      2     16      1     12      4      0   2548     -1
      1     24      1      2     17      3      9      5      0   2548     -1
      1     24      1      2     18      5      8      5      1   1277     -1
      1     24      1      2     19      3      5      5      0   1929     -1
      1     24      1      2     20      4      5      7      0   1944     -1
      1     24      2      1      1      6      6      6      1   1405   2712
      1     24      2      1      2      7     10      3      0   2602    864
      1     24      2      1      3      5     12      5      1   1539   7873
      1     24      2      1      4     10      7      8      0   1113   1329
      1     24      2      1      5     10      3     10      1    831   5540
      1     24      2      1      6     10      7     10      1    771   4535
      1     24      2      1      7      7      1      2      0   4203  14165
      1     24      2      1      8      5      1      4      0   2500   7404
      1     24      2      1      9      3      6      7      0   2522   3761
      1     24      2      1     10      7     10      3      0    689   2320
      1     24      2      1     11      7      3      7      1   1800   1260
      1     24      2      1     12      7      8      7      1   2311   1101
      1     24      2      1     13      7      9      7      1   1684    865
      1     24      2      1     14      2      5      3      0   5624   3759
      1     24      2      1     15     10     16      2      0   1056   1564
      1     24      2      1     16      2     15      2      1   1952   1847
      1     24      2      1     17      5      5      4      0   1515    868
      1     24      2      1     18      2     14      2      1   1904    960
      1     24      2      1     19      8     11      4      0   3051    947
      1     24      2      1     20      6     13      6      1   1316   1751
      1     24      2      2      1      7      7      5      0   6909     -1
      1     24      2      2      2      6      2      6      1   1447     -1
      1     24      2      2      3      5     13      4      0   4327     -1
      1     24      2      2      4      3     11      5      0   3193     -1
      1     24      2      2      5     10      8      9      0   4729     -1
      1     24      2      2      6      7      2      3      0   6176     -1
      1     24      2      2      7      8      4      4      0   1848     -1
      1     24      2      2      8      3      8      7      0   3843     -1
      1     24      2      2      9      2      1      2      1   4826     -1
      1     24      2      2     10      4     14      1      0   4658     -1
      1     24      2      2     11      8      9      2      0   2246     -1
      1     24      2      2     12     10      1      2      0   3681     -1
      1     24      2      2     13      5      2      5      1   1596     -1
      1     24      2      2     14      9      3      9      1   2260     -1
      1     24      2      2     15      2      8      6      0   2974     -1
      1     24      2      2     16      6      4      6      1   1263     -1
      1     24      2      2     17      4     15      5      0   2327     -1
      1     24      2      2     18      1      4      2      0   2194     -1
      1     24      2      2     19      1      3      4      0   2027     -1
      1     24      2      2     20      9     15      9      1   1696     -1
      1     24      3      1      1      8     13      4      0   1270   6021
      1     24      3      1      2      5     16      8      0   1300    931
      1     24      3      1      3      8      1      8      1   1453   2535
      1     24      3      1      4      8      2      8      1   1812   2771
      1     24      3      1      5      7     10      8      0    668   1863
      1     24      3      1      6      8      6      7      0   1761   4886
      1     24      3      1      7      8     11      8      1    875   2398
      1     24      3      1      8      6     10      6      1   1067   2078
      1     24      3      1      9      2     15      3      0   4405   3445
      1     24      3      1     10      2      5      2      1   1056   3119
      1     24      3      1     11     10     16      2      0   1391   1924
      1     24      3      1     12      9     10      9      1   1114   1555
      1     24      3      1     13      9      9      9      1   1210   1412
      1     24      3      1     14      9      4      9      1    928   2000
      1     24      3      1     15      9     16     10      0   3246   1639
      1     24      3      1     16      9     13      9      1    967   3160
      1     24      3      1     17      1      7      4      0   3261   1838
      1     24      3      1     18      3      2      1      0    769   1239
      1     24      3      1     19      3     14      5      0   1394    643
      1     24      3      1     20      3     16      3      1    740   2238
      1     24      3      2      1      8      5      7      0   4442     -1
      1     24      3      2      2      2     11      9      0   1946     -1
      1     24      3      2      3      4     12      3      0   3876     -1
      1     24      3      2      4      4      4      7      0   1213     -1
      1     24      3      2      5      7     16      7      1   2098     -1
      1     24      3      2      6      1      2      1      1   6895     -1
      1     24      3      2      7      7     13      3      0   5760     -1
      1     24      3      2      8      8     10      7      0   1228     -1
      1     24      3      2      9      9      8      9      1   1094     -1
      1     24      3      2     10     10     13      4      0   2064     -1
      1     24      3      2     11      6     12      6      1   1277     -1
      1     24      3      2     12      1     13      8      0   3029     -1
      1     24      3      2     13      5     15      5      1   1898     -1
      1     24      3      2     14      2     13      7      0   2846     -1
      1     24      3      2     15      5     14      5      1   2631     -1
      1     24      3      2     16      3     12      3      1   4161     -1
      1     24      3      2     17      3      1      8      0   2046     -1
      1     24      3      2     18      9     12      9      1   1577     -1
      1     24      3      2     19     10     11      5      0   5210     -1
      1     24      3      2     20      6      9      6      1   1094     -1
      1     24      4      1      1      7      9      3      0   1252   9071
      1     24      4      1      2      8     13      7      0   1583   3210
      1     24      4      1      3      8     13      8      1   1094   1478
      1     24      4      1      4      2      5      8      0    692    923
      1     24      4      1      5      8     13      8      1   1783   9023
      1     24      4      1      6      7      8      7      1   2631   7918
      1     24      4      1      7      7      1      3      0   1487   3169
      1     24      4      1      8      9     13      9      1   1232   1226
      1     24      4      1      9      2      3      2      1   1268   3204
      1     24      4      1     10      2      7      9      0   1751   2484
      1     24      4      1     11      4      8      1      0    982   2063
      1     24      4      1     12     10      5      4      0   2884  13296
      1     24      4      1     13     10      3     10      1   2037   2943
      1     24      4      1     14     10      5     10      1   1513   1867
      1     24      4      1     15     10     12      5      0   1983   8273
      1     24      4      1     16      3      2      5      0   1173   6431
      1     24      4      1     17      3     14      3      1   1027   2001
      1     24      4      1     18     10      7     10      1   2158   4908
      1     24      4      1     19      5     16     10      0   3051  30388
      1     24      4      1     20      1      5      5      0   2951   1406
      1     24      4      2      1      3      3      5      0   2076     -1
      1     24      4      2      2      9      7      9      1   1665     -1
      1     24      4      2      3      2      4      7      0  10375     -1
      1     24      4      2      4      1     15      5      0   2659     -1
      1     24      4      2      5      5      4      5      1   1165     -1
      1     24      4      2      6      1      1      1      1   4410     -1
      1     24      4      2      7      7     14      8      0  12809     -1
      1     24      4      2      8      7     12      8      0   1344     -1
      1     24      4      2      9      9      5      9      1   1027     -1
      1     24      4      2     10     10      9      4      0   8225     -1
      1     24      4      2     11      2      6      7      0   3459     -1
      1     24      4      2     12      8      8      8      1   4043     -1
      1     24      4      2     13      3     15      5      0   1411     -1
      1     24      4      2     14     10     14      3      0   3127     -1
      1     24      4      2     15      6     14      6      1   1544     -1
      1     24      4      2     16      8     14      2      0   6314     -1
      1     24      4      2     17      4     13      3      0   3377     -1
      1     24      4      2     18      6      3      6      1   1511     -1
      1     24      4      2     19      4     11      1      0   4593     -1
      1     24      4      2     20      5      6      5      1   1343     -1
      1     24      5      1      1      8     13      7      0    947  12503
      1     24      5      1      2      8     13      7      0   3149   3962
      1     24      5      1      3      7      8      7      1    966   2241
      1     24      5      1      4      7      1      7      1   5212   4405
      1     24      5      1      5      8     15      8      1   3931   1048
      1     24      5      1      6     10      7     10      1   1033   3829
      1     24      5      1      7      3      6      5      0    821   1910
      1     24      5      1      8      3      6      3      1  10155    924
      1     24      5      1      9      3      2      3      1    637   1287
      1     24      5      1     10      3     14      3      1    696   1509
      1     24      5      1     11      2     12      9      0   1455   1089
      1     24      5      1     12      2      3      2      1    995   1560
      1     24      5      1     13      5      7      5      1   1094   1445
      1     24      5      1     14      9      4      9      1    772    828
      1     24      5      1     15     10     12      5      0   1149    753
      1     24      5      1     16      4     10      4      1   4325    857
      1     24      5      1     17      3      4      3      1   3814   3903
      1     24      5      1     18      8      2      8      1   3604    861
      1     24      5      1     19      1      9      2      0   5309   2431
      1     24      5      1     20      9     10      9      1    974   1958
      1     24      5      2      1      4      2      3      0   4758     -1
      1     24      5      2      2      8      3      8      1   5076     -1
      1     24      5      2      3      5     10      5      1   2660     -1
      1     24      5      2      4      1     16      1      1   4060     -1
      1     24      5      2      5      9      6      9      1   3861     -1
      1     24      5      2      6      6     16      6      1   1276     -1
      1     24      5      2      7      7     11      4      0   4780     -1
      1     24      5      2      8      3      7      3      1   5964     -1
      1     24      5      2      9      6     11      6      1   1013     -1
      1     24      5      2     10      7      4      7      1   8125     -1
      1     24      5      2     11      9     14      9      1   2327     -1
      1     24      5      2     12      2     16      3      0   8878     -1
      1     24      5      2     13      2      9      1      0   3294     -1
      1     24      5      2     14     10      6     10      1   4594     -1
      1     24      5      2     15      4     16     10      0   9009     -1
      1     24      5      2     16      5      9      7      0   4177     -1
      1     24      5      2     17      8      7      8      1   1565     -1
      1     24      5      2     18      3     10      3      1   2948     -1
      1     24      5      2     19     10      4      2      0   6881     -1
      1     24      5      2     20      1     11      1      1  10410     -1
      1     24      6      1      1     10      5     10      1   2010   4093
      1     24      6      1      2      1      9      1      1   1069   1093
      1     24      6      1      3      9     10      9      1    908    891
      1     24      6      1      4     10     16      2      0   4351   1191
      1     24      6      1      5      2      5      2      1   4131   1359
      1     24      6      1      6      2     15     10      0   2837    928
      1     24      6      1      7      5      5      4      0   1887    878
      1     24      6      1      8      2     14      9      0   2321   1516
      1     24      6      1      9      8     11     10      0   3552   1158
      1     24      6      1     10      1     10      4      0   4160   4198
      1     24      6      1     11      5     16      8      0   4851   2403
      1     24      6      1     12      5     12      5      1    995   3718
      1     24      6      1     13      4      1      4      1   6579    804
      1     24      6      1     14      2      7      9      0   2766    850
      1     24      6      1     15      3     16      5      0   1831   2806
      1     24      6      1     16      3     13      8      0   5217   1832
      1     24      6      1     17     10      5     10      1   1527   2050
      1     24      6      1     18      9     11      9      1    945   1215
      1     24      6      1     19      2      3      1      0    961   1133
      1     24      6      1     20      1      8      1      1    937   1517
      1     24      6      2      1      1      4      1      1   9526     -1
      1     24      6      2      2      1      2      1      1   1643     -1
      1     24      6      2      3      6      2      6      1   1426     -1
      1     24      6      2      4      3     12      3      1   5711     -1
      1     24      6      2      5      5     13      4      0   4180     -1
      1     24      6      2      6      2     11      2      1   1561     -1
      1     24      6      2      7      4     12      1      0   1660     -1
      1     24      6      2      8      8     10      8      1   2327     -1
      1     24      6      2      9      7     16      7      1   3630     -1
      1     24      6      2     10     10      1      3      0  10759     -1
      1     24      6      2     11      4     15      4      1   4960     -1
      1     24      6      2     12      6      9      6      1   1165     -1
      1     24      6      2     13     10     13      4      0   3343     -1
      1     24      6      2     14      8      9      2      0   3264     -1
      1     24      6      2     15      5     14      3      0   3594     -1
      1     24      6      2     16      9     15      9      1   1876     -1
      1     24      6      2     17      7      7      3      0   5809     -1
      1     24      6      2     18      2      1      1      0   7859     -1
      1     24      6      2     19      3      8      3      1   2294     -1
      1     24      6      2     20      9      8      9      1   1065     -1
      1     24      7      1      1      1      7      4      0   5275   2513
      1     24      7      1      2      4      6      2      0   5797   2766
      1     24      7      1      3      8     15      8      1   3314   2995
      1     24      7      1      4      2      7      2      1   1777   1658
      1     24      7      1      5      1      9      1      1   1006   4614
      1     24      7      1      6      1      7      1      1    977   2183
      1     24      7      1      7      4      6      4      1   3473    941
      1     24      7      1      8      7      6      7      1   2507   1088
      1     24      7      1      9      3     14      3      1   1567   1309
      1     24      7      1     10     10      2      4      0   6231    982
      1     24      7      1     11      4      7      4      1   1623   1858
      1     24      7      1     12      5      3      4      0   1806   5164
      1     24      7      1     13      3     13      3      1   3120   2631
      1     24      7      1     14      6     15      6      1   1360   7021
      1     24      7      1     15      1      7      1      1   3850   1110
      1     24      7      1     16      3      4      1      0   2636   3845
      1     24      7      1     17      8      1      8      1   3430   2620
      1     24      7      1     18      9     13      9      1    745   1215
      1     24      7      1     19      4      1      3      0   3596   1493
      1     24      7      1     20      4      6      4      1    800   1062
      1     24      7      2      1      3      1      4      0   3593     -1
      1     24      7      2      2      5      4      5      1   2443     -1
      1     24      7      2      3      2     13      8      0  11529     -1
      1     24      7      2      4      1     15      3      0   2810     -1
      1     24      7      2      5      8      8      8      1   1364     -1
      1     24      7      2      6      7     13      4      0   2981     -1
      1     24      7      2      7      5     15      5      1   2294     -1
      1     24      7      2      8      4      4      5      0   2779     -1
      1     24      7      2      9      8      5      8      1   1427     -1
      1     24      7      2     10      3      3      1      0   8047     -1
      1     24      7      2     11      9      7      9      1   1244     -1
      1     24      7      2     12     10     11     10      1  10826     -1
      1     24      7      2     13     10     14      1      0   6577     -1
      1     24      7      2     14      4     11      1      0   7293     -1
      1     24      7      2     15      9     12      9      1   1428     -1
      1     24      7      2     16      6     12      6      1   1231     -1
      1     24      7      2     17      2      6      8      0   3712     -1
      1     24      7      2     18      7     14      7      1   1760     -1
      1     24      7      2     19      6     14      6      1   1143     -1
      1     24      7      2     20      1     13      2      0   4609     -1
      1     24      8      1      1      4     10     10      0   6486  15512
      1     24      8      1      2      7      8      7      1   2589   6446
      1     24      8      1      3      2      5      8      0    889    991
      1     24      8      1      4      2     15      2      1   1613   2048
      1     24      8      1      5      1      9      2      0   1874   1153
      1     24      8      1      6     10     16      2      0    910    693
      1     24      8      1      7      9     13      9      1   1048    753
      1     24      8      1      8      4      6      4      1   1519    438
      1     24      8      1      9      1      5      3      0   3983    980
      1     24      8      1     10      5      5      4      0    986   1027
      1     24      8      1     11      7      1      8      0   1327    855
      1     24      8      1     12      4      6      4      1    627   1396
      1     24      8      1     13      9     11      9      1    903    895
      1     24      8      1     14      2      3      1      0   1007    908
      1     24      8      1     15      2      3      4      0   1177   1412
      1     24      8      1     16      5      1      4      0   1790    761
      1     24      8      1     17      6      8      6      1   1171    975
      1     24      8      1     18      4      3      1      0    992   1038
      1     24      8      1     19      4      7      4      1    857   1138
      1     24      8      1     20     10      3     10      1    871   1190
      1     24      8      2      1      6      4      6      1   1177     -1
      1     24      8      2      2      5     11      5      1   1577     -1
      1     24      8      2      3      4     14      4      1   4347     -1
      1     24      8      2      4     10     15      3      0   4395     -1
      1     24      8      2      5      8      4      3      0   1981     -1
      1     24      8      2      6      1      6      3      0   1314     -1
      1     24      8      2      7      7      2      5      0   2561     -1
      1     24      8      2      8      4      5      2      0   4163     -1
      1     24      8      2      9      1      3      2      0   1544     -1
      1     24      8      2     10      3      9      5      0   2382     -1
      1     24      8      2     11      3     11      3      1   2460     -1
      1     24      8      2     12      2      8      2      1   1608     -1
      1     24      8      2     13      9      3      9      1   1094     -1
      1     24      8      2     14      8     16      8      1   4660     -1
      1     24      8      2     15      5      2      3      0   2495     -1
      1     24      8      2     16      2      2      2      1   1062     -1
      1     24      8      2     17      6      7      6      1   2681     -1
      1     24      8      2     18     10      8      4      0   2277     -1
      1     24      8      2     19      7      5      7      1   3710     -1
      1     24      8      2     20      9      2      9      1   1348     -1
      1     24      9      1      1      6      1      6      1   1122   4054
      1     24      9      1      2     10      5     10      1   1440   1058
      1     24      9      1      3      4      8      4      1    801    635
      1     24      9      1      4      7     10      8      0   1414    983
      1     24      9      1      5      9     13      9      1    649   1227
      1     24      9      1      6      6     15      6      1   1308    661
      1     24      9      1      7      7      1      8      0   1977    675
      1     24      9      1      8      3     14      3      1    885   2798
      1     24      9      1      9      7      6      4      0   1186    782
      1     24      9      1     10      3     16      3      1    734    620
      1     24      9      1     11      2      7      2      1    701    931
      1     24      9      1     12      4      1      5      0    761    822
      1     24      9      1     13      7     10      9      0    773    532
      1     24      9      1     14      5      1      5      1    938    844
      1     24      9      1     15      1      8      1      1    845    625
      1     24      9      1     16      2      5      2      1   1067    603
      1     24      9      1     17      1      5      3      0    715    557
      1     24      9      1     18      5      5      4      0    724    695
      1     24      9      1     19     10      7     10      1    892   1300
      1     24      9      1     20      8     11      5      0   1241    760
      1     24      9      2      1      8      7      8      1   1994     -1
      1     24      9      2      2      6      3      6      1   1748     -1
      1     24      9      2      3      3     15      4      0   4864     -1
      1     24      9      2      4      5     10      4      0   1181     -1
      1     24      9      2      5     10      6     10      1   1144     -1
      1     24      9      2      6      3      7      3      1    944     -1
      1     24      9      2      7      7     12      3      0   1611     -1
      1     24      9      2      8      9      5      9      1   1127     -1
      1     24      9      2      9      4     13      4      1   2913     -1
      1     24      9      2     10      8     14     10      0   2048     -1
      1     24      9      2     11      2     16      2      1   1461     -1
      1     24      9      2     12      7      4      7      1   2094     -1
      1     24      9      2     13      1     16      3      0   3077     -1
      1     24      9      2     14      4     16      4      1   3310     -1
      1     24      9      2     15      9      6      9      1    994     -1
      1     24      9      2     16     10      9      1      0   3092     -1
      1     24      9      2     17      5      6      5      1   1643     -1
      1     24      9      2     18      2      4      2      1   1026     -1
      1     24      9      2     19      1      1      3      0   5593     -1
      1     24      9      2     20      6     11      6      1    964     -1
      1     24     10      1      1      1      8      1      1    831   5449
      1     24     10      1      2     10      5     10      1    650    751
      1     24     10      1      3      7     10      5      0    640    531
      1     24     10      1      4      3     16      5      0    830    754
      1     24     10      1      5      2      7      9      0    933    767
      1     24     10      1      6      2      5      3      0   1108   1152
      1     24     10      1      7      9     10      9      1    727   1003
      1     24     10      1      8     10      2      4      0   1006    811
      1     24     10      1      9      9     11      9      1    722   4743
      1     24     10      1     10      9      9      9      1   1074   1038
      1     24     10      1     11      3     13      5      0   2522    943
      1     24     10      1     12      7      9      7      1   1043    873
      1     24     10      1     13      1      9      1      1   1659   1562
      1     24     10      1     14      4     10      4      1   1649   1030
      1     24     10      1     15     10     12      4      0    919   1191
      1     24     10      1     16      9     10      9      1    826    743
      1     24     10      1     17      7      8      7      1    845    789
      1     24     10      1     18      6      6      6      1    795    919
      1     24     10      1     19      3      6      1      0   1387    944
      1     24     10      1     20      2      3      4      0   1330    966
      1     24     10      2      1      7     11      6      0   1893     -1
      1     24     10      2      2      5      8      5      1   1462     -1
      1     24     10      2      3      4      2      2      0   1078     -1
      1     24     10      2      4      1     11      3      0   1061     -1
      1     24     10      2      5      8     12     10      0   2581     -1
      1     24     10      2      6      1     12      3      0   1279     -1
      1     24     10      2      7      6     16      6      1   1176     -1
      1     24     10      2      8      2     10      2      1   1194     -1
      1     24     10      2      9      3     10      3      1   1477     -1
      1     24     10      2     10      5      9      7      0   2093     -1
      1     24     10      2     11      9      1      9      1   1259     -1
      1     24     10      2     12      9     14      9      1   1077     -1
      1     24     10      2     13      2      9      2      1   1081     -1
      1     24     10      2     14      6      5      6      1   1611     -1
      1     24     10      2     15      4      9      2      0   1727     -1
      1     24     10      2     16     10      4      4      0   3381     -1
      1     24     10      2     17      3      5      3      1   3243     -1
      1     24     10      2     18      7     15      7      1   1381     -1
      1     24     10      2     19     10     10      3      0   1278     -1
      1     24     10      2     20      8      3      3      0   1177     -1
