      1      7      1      1      1      8      4      2      0   2584
      1      7      1      1      2      3      1      5      0   2218
      1      7      1      1      3      5      2      9      0   2765
      1      7      1      1      4      7     12      1      0   2975
      1      7      1      1      5      2      2      4      0   3916
      1      7      1      1      6      6      6      6      1   2081
      1      7      1      1      7      3     12     10      0   3080
      1      7      1      1      8      6     11      6      1   1081
      1      7      1      1      9      7     11      6      0   1718
      1      7      1      1     10      1     16      2      0   1631
      1      7      1      1     11     10     12      7      0   3616
      1      7      1      1     12      9      6      9      1   2249
      1      7      1      1     13      8     10      2      0   2881
      1      7      1      1     14      2     11      5      0   1730
      1      7      1      1     15     10      5      1      0   2147
      1      7      1      1     16      4     16      4      1   3664
      1      7      1      1     17      4      7      7      0   2664
      1      7      1      1     18      1      2      2      0   1751
      1      7      1      1     19      5     16      3      0   2116
      1      7      1      1     20      9      2      2      0   2398
      1      7      1      2      1      7      4      4      0   4499
      1      7      1      2      2      5      4      8      0   8461
      1      7      1      2      3      6     15      6      1   1643
      1      7      1      2      4      1     15      1      1   3275
      1      7      1      2      5     10      6      2      0   1692
      1      7      1      2      6     10     10      4      0   2959
      1      7      1      2      7      9     11      5      0   1726
      1      7      1      2      8      7     16      9      0   3110
      1      7      1      2      9      4      4     10      0   2676
      1      7      1      2     10      4      9      4      1   2494
      1      7      1      2     11      3      6      7      0   3127
      1      7      1      2     12      3     13      1      0   3977
      1      7      1      2     13      2     16      5      0   4310
      1      7      1      2     14      8     13      2      0   4376
      1      7      1      2     15      6      1      6      1   2529
      1      7      1      2     16      9      1      3      0   3960
      1      7      1      2     17      5     11      8      0   3544
      1      7      1      2     18      1      3      5      0   1445
      1      7      1      2     19      2      6      5      0   2127
      1      7      1      2     20      8      5      7      0   1761
      1      7      2      1      1      8      2      4      0   2828
      1      7      2      1      2      5     12      1      0   2733
      1      7      2      1      3      3      8      9      0   2131
      1      7      2      1      4      4      3      5      0   1285
      1      7      2      1      5      4     13      2      0   2392
      1      7      2      1      6      9     15      9      1   3142
      1      7      2      1      7      6     13      6      1   1176
      1      7      2      1      8      1     12      3      0   1960
      1      7      2      1      9      3     16      5      0   2680
      1      7      2      1     10     10     13      1      0   1450
      1      7      2      1     11     10     16      1      0   2303
      1      7      2      1     12      8     14      5      0   1439
      1      7      2      1     13      6      3      6      1    914
      1      7      2      1     14      2     13      5      0   1464
      1      7      2      1     15      7     10      8      0   1831
      1      7      2      1     16      1      9      5      0   2435
      1      7      2      1     17      9     12      4      0   2388
      1      7      2      1     18      5     14      4      0   1552
      1      7      2      1     19      2      8      5      0   1838
      1      7      2      1     20      7      5     10      0   2902
      1      7      2      2      1      9      7      4      0   4163
      1      7      2      2      2      3      4      5      0   1677
      1      7      2      2      3      6      8      6      1   1477
      1      7      2      2      4      1      1      3      0   1993
      1      7      2      2      5      5      9      8      0   3511
      1      7      2      2      6      2      3      5      0   3076
      1      7      2      2      7     10      2      2      0   1860
      1      7      2      2      8      4      6      8      0   6927
      1      7      2      2      9      3     10      9      0   1643
      1      7      2      2     10      2      7      9      0   2260
      1      7      2      2     11      1     14      1      1   2010
      1      7      2      2     12      6     14      6      1   1811
      1      7      2      2     13      8      9      7      0   4560
      1      7      2      2     14      7     15     10      0   2111
      1      7      2      2     15      9     13      9      1   1010
      1      7      2      2     16      8      7      8      1   3060
      1      7      2      2     17      4      5      4      1   3195
      1      7      2      2     18      5      3      5      1   1445
      1      7      2      2     19     10      4      9      0   1844
      1      7      2      2     20      7     13      2      0   1794
      1      7      3      1      1     10     14      5      0   1297
      1      7      3      1      2     10      8      5      0   1254
      1      7      3      1      3      7      9      8      0   2647
      1      7      3      1      4      6     10      6      1   1076
      1      7      3      1      5      7      6      1      0   2659
      1      7      3      1      6      5      6      4      0   2802
      1      7      3      1      7      2     15      4      0   2308
      1      7      3      1      8      1     10     10      0   1797
      1      7      3      1      9      1      7      8      0   3380
      1      7      3      1     10      6      5      6      1   1335
      1      7      3      1     11      8      1      5      0   1182
      1      7      3      1     12      4     10      7      0   1652
      1      7      3      1     13      5      8      3      0   3947
      1      7      3      1     14      9     10      9      1   1320
      1      7      3      1     15      8      3      1      0   1841
      1      7      3      1     16      4      8      5      0   1510
      1      7      3      1     17      3      7      3      1   1457
      1      7      3      1     18      2      9      5      0   1198
      1      7      3      1     19      3     14     10      0   1380
      1      7      3      1     20      9      8      9      1   1713
      1      7      3      2      1      5      7      5      1   1763
      1      7      3      2      2      7      8      3      0   2776
      1      7      3      2      3      2      1      2      1   3210
      1      7      3      2      4      5     13      1      0   3310
      1      7      3      2      5      6      2      6      1   1177
      1      7      3      2      6     10      7      4      0   2828
      1      7      3      2      7      1      4      8      0   1911
      1      7      3      2      8     10      1      7      0   1661
      1      7      3      2      9      3      5      5      0   3311
      1      7      3      2     10      7      3      3      0   1494
      1      7      3      2     11      8     15      1      0   3027
      1      7      3      2     12      9     16      9      1    961
      1      7      3      2     13      1      5      8      0   1679
      1      7      3      2     14      9      4      9      1   1262
      1      7      3      2     15      6     16      6      1   1743
      1      7      3      2     16      3      9      5      0   2960
      1      7      3      2     17      4     12      4      1   1893
      1      7      3      2     18      2      4      5      0   3725
      1      7      3      2     19      8      6      7      0   1975
      1      7      3      2     20      4      1      8      0   1994
      1      7      4      1      1      6      5      6      1   1259
      1      7      4      1      2      8      3      2      0   2351
      1      7      4      1      3      3      1      4      0   1697
      1      7      4      1      4      7     11      1      0   1257
      1      7      4      1      5     10      5      9      0   1972
      1      7      4      1      6      7      9      7      1   1961
      1      7      4      1      7      5      8      3      0   1379
      1      7      4      1      8      4     16      4      1   3430
      1      7      4      1      9      9      2      9      1   1031
      1      7      4      1     10      1      2      8      0   2193
      1      7      4      1     11     10      8      2      0   1543
      1      7      4      1     12      8      4      2      0   1114
      1      7      4      1     13      3      7      7      0   2064
      1      7      4      1     14      1     10     10      0   1518
      1      7      4      1     15      9      8      9      1   1037
      1      7      4      1     16      2      9     10      0   1654
      1      7      4      1     17      4      8      7      0   1881
      1      7      4      1     18      5      2      3      0   1647
      1      7      4      1     19      2     11     10      0   1680
      1      7      4      1     20      6     11      6      1    906
      1      7      4      2      1      8     11      2      0   2896
      1      7      4      2      2      8     12      1      0   2043
      1      7      4      2      3      5      5      8      0   1493
      1      7      4      2      4      3      2      5      0   1594
      1      7      4      2      5      5      1      7      0   3276
      1      7      4      2      6      1      6      3      0   1477
      1      7      4      2      7      2     12      2      1   1727
      1      7      4      2      8      6      9      6      1   1210
      1      7      4      2      9      9      3      9      1   1349
      1      7      4      2     10     10      3      4      0   2865
      1      7      4      2     11     10     15      8      0   2443
      1      7      4      2     12      3      3      3      1   1777
      1      7      4      2     13      4     14      1      0   1910
      1      7      4      2     14      6      7      6      1   1260
      1      7      4      2     15      7      7      1      0   2093
      1      7      4      2     16      7      1      7      1   1293
      1      7      4      2     17      4     11     10      0   2444
      1      7      4      2     18      1     13      4      0   1411
      1      7      4      2     19      9      9      9      1   1093
      1      7      4      2     20      2      5      5      0   1910
      1      7      5      1      1     10     12      3      0   2511
      1      7      5      1      2      9     12     10      0   2033
      1      7      5      1      3      4     13      1      0   1365
      1      7      5      1      4      8     10      7      0   1303
      1      7      5      1      5      9      6      9      1    895
      1      7      5      1      6      6     13      6      1   1028
      1      7      5      1      7      8     14      8      1   1787
      1      7      5      1      8      2      8      4      0   1385
      1      7      5      1      9      7     12      1      0   1233
      1      7      5      1     10      1     12     10      0   1409
      1      7      5      1     11      1     16      2      0   1476
      1      7      5      1     12      5     12      8      0   2603
      1      7      5      1     13      4      7      7      0   1630
      1      7      5      1     14      2      2     10      0   2140
      1      7      5      1     15      6      6      6      1   1147
      1      7      5      1     16     10     13     10      1   1269
      1      7      5      1     17      7     10      7      1   2211
      1      7      5      1     18      3     12      5      0   2105
      1      7      5      1     19      3     16      3      1   1084
      1      7      5      1     20      5     16      2      0   2093
      1      7      5      2      1      6      4      6      1   1193
      1      7      5      2      2      9     14      9      1   1580
      1      7      5      2      3      3     11      3      1   1779
      1      7      5      2      4      3     15      5      0   1810
      1      7      5      2      5      7      2      1      0   3027
      1      7      5      2      6      5     10     10      0   1277
      1      7      5      2      7      8      8      2      0   1677
      1      7      5      2      8      2     10      4      0   1727
      1      7      5      2      9     10      9     10      1   1377
      1      7      5      2     10      1      8      5      0   3210
      1      7      5      2     11      8     16      7      0   1409
      1      7      5      2     12      2     14      9      0   1794
      1      7      5      2     13      6     12      6      1   1094
      1      7      5      2     14      4      2      2      0   2011
      1      7      5      2     15      4     15      3      0   1377
      1      7      5      2     16     10     11      4      0   1844
      1      7      5      2     17      1     11      7      0   1294
      1      7      5      2     18      7     14      8      0   1494
      1      7      5      2     19      5     15      3      0   1460
      1      7      5      2     20      9      5      9      1   1043
      1      7      6      1      1      4     10      2      0   2952
      1      7      6      1      2      1      7      3      0   1577
      1      7      6      1      3      8      2      8      1   4159
      1      7      6      1      4     10     16      2      0   2077
      1      7      6      1      5      6      3      6      1   1427
      1      7      6      1      6      3     14      3      1   1110
      1      7      6      1      7      7      5      1      0   1948
      1      7      6      1      8      7      6      8      0   2012
      1      7      6      1      9      4      3      3      0   1910
      1      7      6      1     10      9     15      9      1   1144
      1      7      6      1     11      6     10      6      1   1024
      1      7      6      1     12      2     13      2      1   1638
      1      7      6      1     13      2     15      2      1   1120
      1      7      6      1     14      3      8      3      1   1200
      1      7      6      1     15     10     14     10      1   1315
      1      7      6      1     16      5     14      3      0   1366
      1      7      6      1     17      5      6      5      1   1688
      1      7      6      1     18      9     10      9      1   1390
      1      7      6      1     19      1      9      4      0   2780
      1      7      6      1     20      8      1      2      0   1864
      1      7      6      2      1      3      5      5      0   1663
      1      7      6      2      2     10      1      5      0   4793
      1      7      6      2      3     10     15      8      0   2246
      1      7      6      2      4      5     13     10      0   1612
      1      7      6      2      5      6     16      6      1   1377
      1      7      6      2      6      8      6      8      1   3510
      1      7      6      2      7      4     14      2      0   1593
      1      7      6      2      8      1      6      3      0   2227
      1      7      6      2      9      7      1      8      0   1244
      1      7      6      2     10      7      3      8      0   2166
      1      7      6      2     11      8     11      1      0   2149
      1      7      6      2     12      9      9      9      1    944
      1      7      6      2     13      2      5      4      0   1544
      1      7      6      2     14      5      1     10      0   1577
      1      7      6      2     15      2      4      2      1   1245
      1      7      6      2     16      9     16      9      1   1311
      1      7      6      2     17      3      3      3      1   1298
      1      7      6      2     18      1      4      7      0   2360
      1      7      6      2     19      4      1      8      0   4094
      1      7      6      2     20      6      7      6      1   1660
      1      7      7      1      1      4     16      4      1   2530
      1      7      7      1      2      9     10      9      1    957
      1      7      7      1      3      2     15      2      1   1744
      1      7      7      1      4      5      2      3      0   1155
      1      7      7      1      5      2     11      2      1   1564
      1      7      7      1      6      3     14      3      1   1004
      1      7      7      1      7      7      6      8      0   1164
      1      7      7      1      8      6     11      6      1    927
      1      7      7      1      9      7     11     10      0   1914
      1      7      7      1     10      4     10      2      0   2004
      1      7      7      1     11      8      4      7      0   1364
      1      7      7      1     12      6     10      6      1   1114
      1      7      7      1     13      9      2      9      1   1081
      1      7      7      1     14      5      6      3      0    931
      1      7      7      1     15      3      1      1      0   2088
      1      7      7      1     16     10     14     10      1   1597
      1      7      7      1     17     10      5     10      1   1415
      1      7      7      1     18      8      1      2      0   3823
      1      7      7      1     19      1      2      3      0   1130
      1      7      7      1     20      1      7      3      0   1028
      1      7      7      2      1      1      8      4      0   2994
      1      7      7      2      2      3     15      5      0   2544
      1      7      7      2      3      4      2      2      0   1110
      1      7      7      2      4      8      8      8      1   1177
      1      7      7      2      5     10      7     10      1   2828
      1      7      7      2      6      3      9      3      1   1110
      1      7      7      2      7      2      1      4      0   2148
      1      7      7      2      8      6      4      6      1   1132
      1      7      7      2      9      4     12      4      1   1743
      1      7      7      2     10      9      4      9      1   1110
      1      7      7      2     11      9     14      9      1   1294
      1      7      7      2     12      7      8      7      1   1726
      1      7      7      2     13      6      2      6      1   1461
      1      7      7      2     14     10     11     10      1   4328
      1      7      7      2     15      8     15      8      1   2045
      1      7      7      2     16      5      7      5      1   2861
      1      7      7      2     17      1      5      1      1   1910
      1      7      7      2     18      2     10      4      0   1476
      1      7      7      2     19      7     14      8      0   1194
      1      7      7      2     20      5     10     10      0   2193
      1      7      8      1      1      9     12      9      1   1265
      1      7      8      1      2      2      9      4      0   1939
      1      7      8      1      3      8     14      8      1   1147
      1      7      8      1      4      3      7      3      1    959
      1      7      8      1      5      2      8      2      1   1210
      1      7      8      1      6      4     13      3      0   1237
      1      7      8      1      7      5     12     10      0   2421
      1      7      8      1      8      9      8      9      1    889
      1      7      8      1      9      6      5      6      1    995
      1      7      8      1     10      1     10      1      1   2481
      1      7      8      1     11      5      8      5      1   1388
      1      7      8      1     12      1     12     10      0   1860
      1      7      8      1     13      6     13      6      1   1200
      1      7      8      1     14      4      8      1      0   1847
      1      7      8      1     15      7      9      8      0   1160
      1      7      8      1     16     10     13     10      1   1027
      1      7      8      1     17      7     10      7      1   1121
      1      7      8      1     18     10      8     10      1   1260
      1      7      8      1     19      3     16      3      1   1067
      1      7      8      1     20      8      3      8      1   1266
      1      7      8      2      1      8     16      8      1   1995
      1      7      8      2      2      4     15      3      0   1327
      1      7      8      2      3      3     13      3      1   3177
      1      7      8      2      4      6     12      6      1   1028
      1      7      8      2      5     10      9     10      1   1444
      1      7      8      2      6      5     11      3      0   3543
      1      7      8      2      7     10     10      8      0   1346
      1      7      8      2      8      1     11      4      0   2296
      1      7      8      2      9      8     13      8      1   1712
      1      7      8      2     10      7     16      7      1   2113
      1      7      8      2     11      6     15      6      1   1581
      1      7      8      2     12      2      6      2      1   1799
      1      7      8      2     13      7      2     10      0   1809
      1      7      8      2     14      9      5      9      1   1477
      1      7      8      2     15      9      1      9      1   2026
      1      7      8      2     16      3     11      3      1   1627
      1      7      8      2     17      4      4      1      0   3544
      1      7      8      2     18      5     15     10      0   2045
      1      7      8      2     19      1     15      8      0   1560
      1      7      8      2     20      2     14      2      1   3210
      1      7      9      1      1      3      8      3      1   1397
      1      7      9      1      2      2      2      2      1   1088
      1      7      9      1      3      4      3      4      1   2271
      1      7      9      1      4      8      2      8      1   1228
      1      7      9      1      5      6      3      6      1    992
      1      7      9      1      6      1      9      1      1   1564
      1      7      9      1      7      5     16      7      0   1385
      1      7      9      1      8      3     12      3      1    940
      1      7      9      1      9      4      7     10      0   1759
      1      7      9      1     10      8     10      8      1    980
      1      7      9      1     11      6      6      6      1   1254
      1      7      9      1     12     10     12     10      1   1360
      1      7      9      1     13      5     14      3      0   1066
      1      7      9      1     14      1     16      1      1   1552
      1      7      9      1     15     10     16      2      0   1658
      1      7      9      1     16      2     13      2      1   1474
      1      7      9      1     17      9     15      9      1    946
      1      7      9      1     18      7      5      7      1   1645
      1      7      9      1     19      7     12      8      0   1114
      1      7      9      1     20      9      6      9      1    814
      1      7      9      2      1      5      5     10      0   1496
      1      7      9      2      2     10      6      7      0   3410
      1      7      9      2      3      4     11      2      0    961
      1      7      9      2      4      9      3      9      1    826
      1      7      9      2      5      2     16      4      0   2077
      1      7      9      2      6      7      7      7      1   1093
      1      7      9      2      7      9     11      9      1    993
      1      7      9      2      8      4      9      4      1   2009
      1      7      9      2      9      6      9      6      1    894
      1      7      9      2     10      3      2      3      1    861
      1      7      9      2     11      2     12      4      0   3411
      1      7      9      2     12      8      5      8      1   1776
      1      7      9      2     13      3      6      5      0   3110
      1      7      9      2     14      1      3      2      0   2311
      1      7      9      2     15      7      4      7      1   2343
      1      7      9      2     16      1     13      4      0   3527
      1      7      9      2     17      8     12      8      1   1426
      1      7      9      2     18      6      1      6      1   1493
      1      7      9      2     19     10      3      2      0   2675
      1      7      9      2     20      5      4      5      1   2343
      1      7     10      1      1      5     12     10      0   1347
      1      7     10      1      2      5      8      3      0   1361
      1      7     10      1      3      3      7      3      1   1177
      1      7     10      1      4      4     13      2      0   3222
      1      7     10      1      5      6      5      6      1   1108
      1      7     10      1      6      1     12     10      0   1047
      1      7     10      1      7      3     16      3      1    986
      1      7     10      1      8      9      8      9      1    838
      1      7     10      1      9      4      8      2      0   1575
      1      7     10      1     10      6     13      6      1    948
      1      7     10      1     11     10     13     10      1   1283
      1      7     10      1     12      8      3      1      0   1619
      1      7     10      1     13      9     12      9      1   1192
      1      7     10      1     14      7      9      7      1   1020
      1      7     10      1     15      7     10      7      1    924
      1      7     10      1     16      8     14      8      1    960
      1      7     10      1     17      2      8      4      0   2097
      1      7     10      1     18      1     10      1      1   1528
      1      7     10      1     19     10      8     10      1    861
      1      7     10      1     20      2      9      2      1   1752
      1      7     10      2      1      4      6      1      0   6561
      1      7     10      2      2      7     15      7      1   1395
      1      7     10      2      3      1     14      1      1   2427
      1      7     10      2      4      1      1      3      0   1728
      1      7     10      2      5      5      9     10      0   1426
      1      7     10      2      6      8      9      7      0   1293
      1      7     10      2      7      5      3     10      0   2227
      1      7     10      2      8      9      7      9      1   1176
      1      7     10      2      9      2      7      9      0   1226
      1      7     10      2     10      3      4      5      0   1977
      1      7     10      2     11      2      3      4      0   2160
      1      7     10      2     12      7     13      7      1   1261
      1      7     10      2     13      6      8      6      1    959
      1      7     10      2     14      6     14      6      1   1160
      1      7     10      2     15      4      5      8      0   1843
      1      7     10      2     16      8      7      8      1   1677
      1      7     10      2     17      3     10      3      1   1261
      1      7     10      2     18     10      2     10      1   1294
      1      7     10      2     19      9     13      9      1   1261
      1      7     10      2     20     10      4     10      1   1326
