      1     19      1      1      1      7     10      4      0   1636   2113
      1     19      1      1      2      8     13      2      0   1741   2305
      1     19      1      1      3      9      5     10      0   1271   1517
      1     19      1      1      4     10      2      3      0   1093   1692
      1     19      1      1      5     10      9      1      0   3650   1311
      1     19      1      1      6      3      2      7      0   2699   1463
      1     19      1      1      7     10      6      9      0   1699   1071
      1     19      1      1      8      6      3     10      0   2163   1448
      1     19      1      1      9      6      3      6      1   2445   1792
      1     19      1      1     10      1      1      4      0   1719   1573
      1     19      1      1     11      5     15      7      0   1036    889
      1     19      1      1     12     10     11      4      0    743   1126
      1     19      1      1     13      6      7      5      0   1524    933
      1     19      1      1     14      7      3      8      0   1218   1492
      1     19      1      1     15      4      4      6      0    868    824
      1     19      1      1     16      3      3      5      0   1186   1334
      1     19      1      1     17      8     15      3      0    749   3490
      1     19      1      1     18      4     12      5      0   1655   1798
      1     19      1      1     19      7      7      8      0   1944    849
      1     19      1      1     20      6      4      6      1   1590   1307
      1     19      1      2      1      3     15      1      0   4167     -1
      1     19      1      2      2      7      8      5      0   5818     -1
      1     19      1      2      3      8      3     10      0   4748     -1
      1     19      1      2      4      4     14      8      0   3832     -1
      1     19      1      2      5      9      4      4      0   2097     -1
      1     19      1      2      6      6     11      6      1   2099     -1
      1     19      1      2      7      2     15      9      0   2416     -1
      1     19      1      2      8      5      3      1      0   5319     -1
      1     19      1      2      9      4      1      3      0   2297     -1
      1     19      1      2     10      5      9      5      1   2033     -1
      1     19      1      2     11      7     11      9      0   4569     -1
      1     19      1      2     12     10      3      8      0   1781     -1
      1     19      1      2     13     10      4      1      0   2433     -1
      1     19      1      2     14      2      2      4      0   1599     -1
      1     19      1      2     15      9      2     10      0   1764     -1
      1     19      1      2     16      3      6      5      0   1432     -1
      1     19      1      2     17      8     11      8      1   3349     -1
      1     19      1      2     18      6      8      6      1   2248     -1
      1     19      1      2     19      1      9      2      0   1582     -1
      1     19      1      2     20      1      7      3      0   1332     -1
      1     19      2      1      1      2      8      4      0   1070   3954
      1     19      2      1      2      9      9      4      0   1081   2203
      1     19      2      1      3      2     12      9      0   1494   3125
      1     19      2      1      4      9      9      2      0   2104   1376
      1     19      2      1      5      9      5      9      1   1902   1166
      1     19      2      1      6     10      2      3      0   1079   1156
      1     19      2      1      7      8     16      8      1   1713    635
      1     19      2      1      8      7     10      8      0    732    990
      1     19      2      1      9      4      3      4      1   1243   1011
      1     19      2      1     10     10      5     10      1   2495   1418
      1     19      2      1     11      6     16      6      1   1118   1134
      1     19      2      1     12      3      1      4      0   1237   1700
      1     19      2      1     13      4      4      4      1   1431    958
      1     19      2      1     14      3      5      3      1   1369    744
      1     19      2      1     15      7      5      6      0   1539    806
      1     19      2      1     16      9     16      9      1   2138   4089
      1     19      2      1     17      8     13      8      1   1135    921
      1     19      2      1     18      3      2      3      1    790   1129
      1     19      2      1     19      4      9     10      0    929   1253
      1     19      2      1     20      7      3      8      0   1143   1256
      1     19      2      2      1      2      9      4      0   3653     -1
      1     19      2      2      2      3     16      3      1   1381     -1
      1     19      2      2      3     10     12      1      0   1848     -1
      1     19      2      2      4      8      9     10      0   3650     -1
      1     19      2      2      5      5     13      2      0   3417     -1
      1     19      2      2      6      3     13      3      1   1148     -1
      1     19      2      2      7      4     13      7      0   2049     -1
      1     19      2      2      8      9      6      4      0   1382     -1
      1     19      2      2      9      7      6      5      0   1982     -1
      1     19      2      2     10      6      2      6      1   1230     -1
      1     19      2      2     11     10      7     10      1   3549     -1
      1     19      2      2     12      1      6      3      0   2216     -1
      1     19      2      2     13      8      2      8      1   1332     -1
      1     19      2      2     14      5      7      5      1   1881     -1
      1     19      2      2     15      1     10      4      0   2833     -1
      1     19      2      2     16      4      7      1      0   1866     -1
      1     19      2      2     17      9     12      4      0   7021     -1
      1     19      2      2     18      2     16      7      0   3766     -1
      1     19      2      2     19      7      1      8      0   1198     -1
      1     19      2      2     20      6      6      6      1   1748     -1
      1     19      3      1      1      4      9      4      1   1348   1014
      1     19      3      1      2     10     11      2      0    808   1235
      1     19      3      1      3      2     10      1      0    986    775
      1     19      3      1      4      3      4      3      1    647    747
      1     19      3      1      5      5     15      5      1   1247    910
      1     19      3      1      6      5     14      5      1    852   1377
      1     19      3      1      7      2      8      2      1    867   1345
      1     19      3      1      8      1     12      9      0   1159   1712
      1     19      3      1      9      9      9      4      0   1040   1015
      1     19      3      1     10      6      4      6      1    837    741
      1     19      3      1     11      7      7      8      0   1064  10265
      1     19      3      1     12      4     12      3      0   1032    795
      1     19      3      1     13      8     15      8      1   1302    971
      1     19      3      1     14      3      3      3      1    899   1185
      1     19      3      1     15      5     12      1      0   1430    927
      1     19      3      1     16      9      1      4      0   2653   1474
      1     19      3      1     17      3      9      4      0   1062   1091
      1     19      3      1     18      6     14      6      1   1507   1064
      1     19      3      1     19     10      9      1      0   1309   1305
      1     19      3      1     20      1      1     10      0   2294    768
      1     19      3      2      1      6     13      6      1   1301     -1
      1     19      3      2      2      1      3      4      0   3184     -1
      1     19      3      2      3      9     14      1      0   5853     -1
      1     19      3      2      4      2      4     10      0   2783     -1
      1     19      3      2      5      3      7      3      1   2382     -1
      1     19      3      2      6      9      8      9      1   1766     -1
      1     19      3      2      7      5     16      2      0   3400     -1
      1     19      3      2      8     10     14     10      1   4600     -1
      1     19      3      2      9      2      1      4      0   4218     -1
      1     19      3      2     10      7     13      1      0   1981     -1
      1     19      3      2     11     10     13      2      0   2266     -1
      1     19      3      2     12      3     11      8      0   1897     -1
      1     19      3      2     13      1     13      2      0   3784     -1
      1     19      3      2     14      4      2      7      0   3817     -1
      1     19      3      2     15      4     10      4      1   2449     -1
      1     19      3      2     16      6     12      6      1   1581     -1
      1     19      3      2     17      7      9      5      0   4968     -1
      1     19      3      2     18      8      8      8      1   1564     -1
      1     19      3      2     19      5      4      3      0   1615     -1
      1     19      3      2     20      8     10      7      0   2315     -1
      1     19      4      1      1     10      9      1      0   1057   1916
      1     19      4      1      2      1      1      3      0    639    879
      1     19      4      1      3      4     15      4      1   1803   1962
      1     19      4      1      4      9     16      9      1   1246   1090
      1     19      4      1      5      3      2      3      1    930   1999
      1     19      4      1      6      1      2      4      0    798   1135
      1     19      4      1      7      4      9      2      0   1409    979
      1     19      4      1      8      8      7      8      1   1704    757
      1     19      4      1      9      7     10      7      1    700    940
      1     19      4      1     10      3      4      3      1    651   1102
      1     19      4      1     11      6      7      1      0    716   1607
      1     19      4      1     12      7     12      4      0   1756    771
      1     19      4      1     13     10      6      2      0   3357   1536
      1     19      4      1     14      4     16      1      0    652    938
      1     19      4      1     15      2      5     10      0   2046   1270
      1     19      4      1     16      5      2      3      0    998   1008
      1     19      4      1     17      9      3      9      1   1013   1138
      1     19      4      1     18      7      5      1      0   1392    997
      1     19      4      1     19     10      2      1      0   1119    709
      1     19      4      1     20      3      5      3      1   1061    830
      1     19      4      2      1      6     15      6      1   1151     -1
      1     19      4      2      2      4      6      5      0   5903     -1
      1     19      4      2      3     10     15      1      0   4302     -1
      1     19      4      2      4      5      1      3      0   2934     -1
      1     19      4      2      5     10     10      4      0   3082     -1
      1     19      4      2      6      8     12      8      1   1880     -1
      1     19      4      2      7      1      4     10      0   2183     -1
      1     19      4      2      8      8      1      1      0   5235     -1
      1     19      4      2      9      6      1      6      1   1682     -1
      1     19      4      2     10      9     10      9      1   4784     -1
      1     19      4      2     11      2     14      9      0   1648     -1
      1     19      4      2     12      3     14      3      1   1264     -1
      1     19      4      2     13      2     11      9      0   1631     -1
      1     19      4      2     14      3     12      5      0   3601     -1
      1     19      4      2     15      4      5      7      0   1649     -1
      1     19      4      2     16      7     16      5      0   4551     -1
      1     19      4      2     17      1     11      4      0   2300     -1
      1     19      4      2     18      9     15      1      0   4050     -1
      1     19      4      2     19      7      2      1      0   4852     -1
      1     19      4      2     20      5      5      5      1   3549     -1
      1     19      5      1      1      7      5      3      0   1160   2140
      1     19      5      1      2     10      2      1      0    970   1371
      1     19      5      1      3      3      5      3      1    865    698
      1     19      5      1      4      1     14      7      0   1078    686
      1     19      5      1      5      1     14      9      0   1605   1065
      1     19      5      1      6      4      3      3      0    755    982
      1     19      5      1      7      4      4      5      0   1518    971
      1     19      5      1      8      3      1      3      1    928    913
      1     19      5      1      9      8     13      8      1   1071    983
      1     19      5      1     10     10     16      2      0   1344    736
      1     19      5      1     11     10     11     10      1   1022    822
      1     19      5      1     12      8     16      7      0   1127    703
      1     19      5      1     13      2      7      9      0   1098   1040
      1     19      5      1     14      9      5      9      1    901    955
      1     19      5      1     15      5     10      1      0   1054   1083
      1     19      5      1     16      2     10      1      0   1614    830
      1     19      5      1     17      8      6      8      1    930    861
      1     19      5      1     18      6     16      6      1    940   1079
      1     19      5      1     19      1      5      4      0   1447    976
      1     19      5      1     20      5      6      3      0    748   1088
      1     19      5      2      1      6      5      6      1   1534     -1
      1     19      5      2      2      8      5      7      0   3049     -1
      1     19      5      2      3      2      6     10      0   5019     -1
      1     19      5      2      4      2      3      4      0   2232     -1
      1     19      5      2      5      6     10      6      1   1565     -1
      1     19      5      2      6      5      8      5      1   5202     -1
      1     19      5      2      7     10      8     10      1   3500     -1
      1     19      5      2      8      1     16      2      0   5119     -1
      1     19      5      2      9     10      1      5      0   2333     -1
      1     19      5      2     10      3      8      3      1   2650     -1
      1     19      5      2     11      4     11      4      1   2180     -1
      1     19      5      2     12      7      4      5      0   1830     -1
      1     19      5      2     13      8      4      1      0   1414     -1
      1     19      5      2     14      7     14      5      0   2365     -1
      1     19      5      2     15      3     10      3      1   1299     -1
      1     19      5      2     16      1     15      4      0   2783     -1
      1     19      5      2     17      9     13      9      1   1397     -1
      1     19      5      2     18      5     11      5      1   1213     -1
      1     19      5      2     19      4      8      2      0   1831     -1
      1     19      5      2     20      9      7      9      1   3251     -1
      1     19      6      1      1      1      5      2      0    748   2426
      1     19      6      1      2      5      6      5      1   1434   1145
      1     19      6      1      3      2     12      9      0   1094    780
      1     19      6      1      4      7      3      8      0   1386    579
      1     19      6      1      5      2     13      1      0   1071    903
      1     19      6      1      6      9     11      9      1    853    986
      1     19      6      1      7      8     14      1      0   1711   1337
      1     19      6      1      8      6      3      6      1    874   1584
      1     19      6      1      9      1      8      2      0    872    870
      1     19      6      1     10     10      5      9      0   1160    915
      1     19      6      1     11      5     15      5      1   1210    849
      1     19      6      1     12      5     14      5      1    820    992
      1     19      6      1     13      2      8      2      1    709    881
      1     19      6      1     14      1     12      9      0    812   1156
      1     19      6      1     15      9      9      9      1    656    935
      1     19      6      1     16      6      4      6      1    821   1048
      1     19      6      1     17      7      7      1      0    972   1048
      1     19      6      1     18      4     12      3      0   1376   1272
      1     19      6      1     19      8     15      8      1    651    725
      1     19      6      1     20      3      3      3      1    664   1266
      1     19      6      2      1      7     16      5      0   3487     -1
      1     19      6      2      2      8      2      8      1   1415     -1
      1     19      6      2      3      2     14      9      0   1666     -1
      1     19      6      2      4      9     15      9      1   1814     -1
      1     19      6      2      5      3     14      3      1   2882     -1
      1     19      6      2      6      5      5      1      0   2030     -1
      1     19      6      2      7      7      1      8      0   2415     -1
      1     19      6      2      8     10     10      8      0   1064     -1
      1     19      6      2      9      5      7      5      1   1947     -1
      1     19      6      2     10      8      1      2      0   1430     -1
      1     19      6      2     11      4      7      1      0   1213     -1
      1     19      6      2     12      6      1      6      1   1098     -1
      1     19      6      2     13      9      6      9      1    947     -1
      1     19      6      2     14      3     16      3      1   2300     -1
      1     19      6      2     15      4      6      1      0   2466     -1
      1     19      6      2     16      2     16      1      0   1782     -1
      1     19      6      2     17      1      4      2      0   4884     -1
      1     19      6      2     18      1     10      4      0   2999     -1
      1     19      6      2     19      6      6      6      1   1415     -1
      1     19      6      2     20     10     12     10      1   2165     -1
      1     19      7      1      1      5     12      5      1    771   1955
      1     19      7      1      2      9      1      9      1   1024   1203
      1     19      7      1      3      3      9      3      1    765   1185
      1     19      7      1      4      6     14      6      1    798    893
      1     19      7      1      5     10      9      1      0    660   1059
      1     19      7      1      6      1      1      7      0   4792    951
      1     19      7      1      7      6      9      6      1    564   2600
      1     19      7      1      8      7     15      5      0   2164   1040
      1     19      7      1      9      4     15      9      0   3806   1896
      1     19      7      1     10      9     16      9      1    721   1015
      1     19      7      1     11      3      2      3      1   1048    973
      1     19      7      1     12      1      2      9      0   2419   1053
      1     19      7      1     13      7     10      8      0   1069  10339
      1     19      7      1     14      8     13      8      1   1154    937
      1     19      7      1     15      8      6      7      0    757    981
      1     19      7      1     16      7      3      7      1   1196   1090
      1     19      7      1     17      1      5      1      1    795   1447
      1     19      7      1     18      8      7      8      1   1488    544
      1     19      7      1     19      7     12      5      0   1265    519
      1     19      7      1     20      1     14     10      0   3301    778
      1     19      7      2      1      8      5      8      1   2970     -1
      1     19      7      2      2      3      8      5      0   3350     -1
      1     19      7      2      3      3     12      8      0   1715     -1
      1     19      7      2      4      5      1      1      0   2634     -1
      1     19      7      2      5      8     12      8      1   1798     -1
      1     19      7      2      6      2     11      9      0   1132     -1
      1     19      7      2      7      2      6     10      0   1332     -1
      1     19      7      2      8     10     15      7      0   4752     -1
      1     19      7      2      9      7     14      1      0   3283     -1
      1     19      7      2     10      1     11      2      0   3350     -1
      1     19      7      2     11      7      2      5      0   3935     -1
      1     19      7      2     12      6     15      6      1   1081     -1
      1     19      7      2     13     10      1      4      0   2564     -1
      1     19      7      2     14      4     11     10      0   3891     -1
      1     19      7      2     15      5     11      5      1   1132     -1
      1     19      7      2     16      1     16      1      1   3984     -1
      1     19      7      2     17      9     10      9      1   1215     -1
      1     19      7      2     18      6      5      6      1   1364     -1
      1     19      7      2     19      4      5      8      0   3733     -1
      1     19      7      2     20      9     13      9      1   2383     -1
      1     19      8      1      1      3      5      1      0   1196    505
      1     19      8      1      2      2     10     10      0   2554    800
      1     19      8      1      3      7      3      8      0   1031   1154
      1     19      8      1      4      1      5      1      1    791    865
      1     19      8      1      5      3      2      3      1    899    811
      1     19      8      1      6      8      6      7      0   1965    503
      1     19      8      1      7      6      3      6      1   1052   1247
      1     19      8      1      8      6      7      6      1    811    620
      1     19      8      1      9      3      4      1      0   1163   1366
      1     19      8      1     10      5      2      5      1   1645    993
      1     19      8      1     11      8      7      8      1   1137    904
      1     19      8      1     12      9      5      9      1    976    767
      1     19      8      1     13      2     12      9      0   4671   1035
      1     19      8      1     14      9      3      9      1   2171    768
      1     19      8      1     15      6      4      6      1    646   1073
      1     19      8      1     16      5     12      5      1   3681    814
      1     19      8      1     17      4     16      1      0   2241   1161
      1     19      8      1     18      3      5      3      1    654    562
      1     19      8      1     19      7      5      5      0   1436   1051
      1     19      8      1     20      9      5      9      1    707    657
      1     19      8      2      1      5      8      3      0   2269     -1
      1     19      8      2      2      3      7      5      0   3232     -1
      1     19      8      2      3      5      4      3      0   1549     -1
      1     19      8      2      4      3     10      8      0   1514     -1
      1     19      8      2      5      4     10      2      0   2248     -1
      1     19      8      2      6      4      8      8      0   1347     -1
      1     19      8      2      7      9      7      4      0   2617     -1
      1     19      8      2      8      9     14      9      1   1349     -1
      1     19      8      2      9      2      3      8      0   1665     -1
      1     19      8      2     10      1      3     10      0   3968     -1
      1     19      8      2     11      8     10      8      1   1281     -1
      1     19      8      2     12      7      4      5      0   1714     -1
      1     19      8      2     13      1     15      2      0   5402     -1
      1     19      8      2     14      7      9      8      0   1332     -1
      1     19      8      2     15     10      8      1      0   2517     -1
      1     19      8      2     16     10     13      1      0   3833     -1
      1     19      8      2     17      6     12      6      1   1130     -1
      1     19      8      2     18      8      4      1      0   6334     -1
      1     19      8      2     19      2      1      2      1   5252     -1
      1     19      8      2     20      6     10      6      1   1047     -1
      1     19      9      1      1      5     15      5      1    615   1764
      1     19      9      1      2      5     14      5      1   1002   1107
      1     19      9      1      3      2      8     10      0   2018    729
      1     19      9      1      4      1     12      9      0    568   1068
      1     19      9      1      5      9      9      9      1   1083   1139
      1     19      9      1      6      6      4      6      1    533    973
      1     19      9      1      7      7      7      7      1   1535    890
      1     19      9      1      8      4     12      3      0   1746    618
      1     19      9      1      9      2      8      4      0    608    965
      1     19      9      1     10      8     15      8      1    806   1616
      1     19      9      1     11      3      3      3      1    838   1000
      1     19      9      1     12      9     16      9      1    797   1040
      1     19      9      1     13      4     15      1      0   1082   1088
      1     19      9      1     14      7     15      7      1    896   1139
      1     19      9      1     15      1      1      1      1    885   1896
      1     19      9      1     16     10      9      2      0   1497    682
      1     19      9      1     17      6     14      6      1    748    942
      1     19      9      1     18      3      9      3      1    794    571
      1     19      9      1     19      3      9      3      1    779  10423
      1     19      9      1     20      9      1      9      1   1062   1205
      1     19      9      2      1      9     12      1      0   4371     -1
      1     19      9      2      2      1      9      2      0   5285     -1
      1     19      9      2      3      5      9      7      0   5635     -1
      1     19      9      2      4     10      7      4      0   2748     -1
      1     19      9      2      5      5     13      1      0   3434     -1
      1     19      9      2      6     10      3     10      1   8822     -1
      1     19      9      2      7      4     14      1      0   2866     -1
      1     19      9      2      8      9      4      9      1   1198     -1
      1     19      9      2      9      2      9     10      0   1899     -1
      1     19      9      2     10      7      8      7      1   2398     -1
      1     19      9      2     11      8     11      8      1   6187     -1
      1     19      9      2     12      3     15      3      1    965     -1
      1     19      9      2     13      3     13      5      0   2213     -1
      1     19      9      2     14      8      9      2      0   4035     -1
      1     19      9      2     15      4     13      1      0   4786     -1
      1     19      9      2     16      6      2      6      1   1163     -1
      1     19      9      2     17      6     11      6      1   1231     -1
      1     19      9      2     18      2      2     10      0   1933     -1
      1     19      9      2     19      7      6      5      0   3184     -1
      1     19      9      2     20      1      6      3      0   5085     -1
      1     19     10      1      1      7      5      3      0    655    929
      1     19     10      1      2      3      5      2      0    587    444
      1     19     10      1      3     10     11      2      0    620   1017
      1     19     10      1      4      2     10      8      0   1060    962
      1     19     10      1      5      2     12      2      1    838    609
      1     19     10      1      6      4      3      3      0    629   1171
      1     19     10      1      7      1      5      1      1    839    852
      1     19     10      1      8      2      5     10      0    744   1107
      1     19     10      1      9      2      8     10      0    581   1363
      1     19     10      1     10      1      8     10      0   1565   2454
      1     19     10      1     11      3      5      3      1   1077    427
      1     19     10      1     12      3      5      3      1    684    694
      1     19     10      1     13      7      3      7      1   2383   4562
      1     19     10      1     14      2     12      9      0    930   1757
      1     19     10      1     15      8     13      8      1   1455   1001
      1     19     10      1     16      6      7      6      1    526    736
      1     19     10      1     17      9     16      9      1    856   1080
      1     19     10      1     18      4     12      3      0    698   1412
      1     19     10      1     19      2      5      2      1    605   1081
      1     19     10      1     20      8     15      7      0    760   1271
      1     19     10      2      1      6      8      6      1   1268     -1
      1     19     10      2      2      3      6      4      0  10923     -1
      1     19     10      2      3      6     13      6      1   1147     -1
      1     19     10      2      4      7     11      7      1   2333     -1
      1     19     10      2      5      8      8      8      1   1499     -1
      1     19     10      2      6      4      2      1      0   1615     -1
      1     19     10      2      7      8      3      8      1   6954     -1
      1     19     10      2      8      2      4     10      0   5620     -1
      1     19     10      2      9      5     16      1      0   1615     -1
      1     19     10      2     10      2     15      9      0   1432     -1
      1     19     10      2     11     10     14      4      0   3000     -1
      1     19     10      2     12     10      4      1      0   4518     -1
      1     19     10      2     13      3     11      3      1   3983     -1
      1     19     10      2     14      9      2      9      1   1365     -1
      1     19     10      2     15      5      3      1      0   6571     -1
      1     19     10      2     16      7     13      2      0   2399     -1
      1     19     10      2     17      1     13     10      0   1882     -1
      1     19     10      2     18      9      8      3      0    914     -1
      1     19     10      2     19      1      7      4      0   6020     -1
      1     19     10      2     20      4      1      7      0   6020     -1
