      1     22      1      1      1     10      4      2      0   4710   2277
      1     22      1      1      2      3     14      3      1   1911   4457
      1     22      1      1      3      6      2      5      0   1741   4755
      1     22      1      1      4      5      8      5      1   2127   2082
      1     22      1      1      5      6     10      4      0   2434   4235
      1     22      1      1      6      6     12      6      1   2629   1259
      1     22      1      1      7      9      6      9      1   2963   4372
      1     22      1      1      8     10      4     10      1   2179    768
      1     22      1      1      9      8      8      9      0   2056   3117
      1     22      1      1     10      8      3      1      0   5255   1250
      1     22      1      1     11     10      8      8      0   3410    867
      1     22      1      1     12      1      1     10      0   2416   1666
      1     22      1      1     13      8      4      5      0   1949   4939
      1     22      1      1     14      8     11      8      1   2475   1753
      1     22      1      1     15      1      2      8      0   2075   1212
      1     22      1      1     16      3     15      8      0   2008   1540
      1     22      1      1     17      5      1      3      0   1301   1043
      1     22      1      1     18      9     16      8      0   1655    938
      1     22      1      1     19      1      5      5      0   4957    887
      1     22      1      1     20      2      7      5      0   1764   1648
      1     22      1      2      1      5      5      2      0   6469     -1
      1     22      1      2      2      3     16      5      0   2194     -1
      1     22      1      2      3      7      9      1      0   5710     -1
      1     22      1      2      4      2      4      9      0   2210     -1
      1     22      1      2      5      6     13      6      1   1310     -1
      1     22      1      2      6      2      2     10      0   3159     -1
      1     22      1      2      7      5     12      5      1   1827     -1
      1     22      1      2      8      9      5      8      0   2327     -1
      1     22      1      2      9      7     11      6      0   4260     -1
      1     22      1      2     10      8      7      3      0   4461     -1
      1     22      1      2     11      9      9      7      0   4811     -1
      1     22      1      2     12      3     13      5      0   1577     -1
      1     22      1      2     13     10      5      1      0   3128     -1
      1     22      1      2     14      6     14      6      1   1511     -1
      1     22      1      2     15      1     12      8      0   7195     -1
      1     22      1      2     16      4      8      2      0   1577     -1
      1     22      1      2     17      1      6      4      0  10042     -1
      1     22      1      2     18     10      9      5      0   4543     -1
      1     22      1      2     19      8      5      4      0   1711     -1
      1     22      1      2     20      4      2      2      0   1593     -1
      1     22      2      1      1      8      8      2      0   2184   3483
      1     22      2      1      2      6     10      6      1    973    889
      1     22      2      1      3      3     14      5      0   1875    788
      1     22      2      1      4      9      6      7      0   3555    710
      1     22      2      1      5      1      4      4      0   2010    688
      1     22      2      1      6      8      8      3      0   1822   1152
      1     22      2      1      7      3     14      9      0   3442   1622
      1     22      2      1      8      9      6      9      1   1182   1519
      1     22      2      1      9      1      7     10      0   7149   3896
      1     22      2      1     10      7     12      3      0   2403   1727
      1     22      2      1     11      7     16      5      0   5132    782
      1     22      2      1     12      1      8      2      0   1968   4533
      1     22      2      1     13      2      5      1      0   1444   1148
      1     22      2      1     14      9      8      2      0    985   4041
      1     22      2      1     15      2      7      9      0   2112   1553
      1     22      2      1     16      9      3      9      1   2238   1299
      1     22      2      1     17      4     11      2      0   1205   1249
      1     22      2      1     18      2     13      4      0   1944   1507
      1     22      2      1     19      5      8      1      0   1903   1694
      1     22      2      1     20     10      8      9      0   2553   1186
      1     22      2      2      1      6      3      6      1   3597     -1
      1     22      2      2      2      2      9      2      1   5794     -1
      1     22      2      2      3     10     14      3      0   8926     -1
      1     22      2      2      4      6      1      6      1   1527     -1
      1     22      2      2      5      8     15      3      0   6077     -1
      1     22      2      2      6      1      9      5      0   2359     -1
      1     22      2      2      7      9     14      7      0   3827     -1
      1     22      2      2      8      5      6      5      1   2627     -1
      1     22      2      2      9      7      6      5      0   2976     -1
      1     22      2      2     10      7     13     10      0   2010     -1
      1     22      2      2     11      4     14      2      0   5127     -1
      1     22      2      2     12     10     13      1      0   1793     -1
      1     22      2      2     13      8     10     10      0   2827     -1
      1     22      2      2     14      3      7      5      0   4910     -1
      1     22      2      2     15      3      4      8      0   5860     -1
      1     22      2      2     16      9     13      7      0   2942     -1
      1     22      2      2     17      1     11      1      1   1594     -1
      1     22      2      2     18      4     10      9      0   1461     -1
      1     22      2      2     19      5      9      6      0   3261     -1
      1     22      2      2     20      2      1      2      1   1577     -1
      1     22      3      1      1      7      5     10      0   3134  12411
      1     22      3      1      2      7      2      2      0   2050    944
      1     22      3      1      3      7      1      7      1   1164   9519
      1     22      3      1      4      6      7      6      1   1096   3473
      1     22      3      1      5      6      5      6      1   1063   1373
      1     22      3      1      6      6     12      6      1   1051   1040
      1     22      3      1      7      2     13      2      1   1498   7008
      1     22      3      1      8      4     11      2      0   1360    853
      1     22      3      1      9      2     12      2      1    921   2184
      1     22      3      1     10      4     15      2      0    912    753
      1     22      3      1     11      2     14      2      1   1991   1706
      1     22      3      1     12      1      1      4      0   1340    954
      1     22      3      1     13      3     14      5      0   1628   4619
      1     22      3      1     14      3      8      3      1   1136    843
      1     22      3      1     15     10      3      6      0   2612   1079
      1     22      3      1     16      4      1     10      0   1733   2287
      1     22      3      1     17      8     14     10      0   2131   1747
      1     22      3      1     18      7     16      3      0   3532   2844
      1     22      3      1     19      3      8      7      0   1616   1569
      1     22      3      1     20      5      7      3      0   2421    973
      1     22      3      2      1      1     10      2      0   6930     -1
      1     22      3      2      2      5      4      5      1   1978     -1
      1     22      3      2      3      7      3      6      0   3244     -1
      1     22      3      2      4      1     16      4      0  13609     -1
      1     22      3      2      5     10     16      9      0  16943     -1
      1     22      3      2      6      4      3      2      0   2995     -1
      1     22      3      2      7      2     10     10      0   6460     -1
      1     22      3      2      8      8      2      5      0   1626     -1
      1     22      3      2      9      6      4      6      1   1160     -1
      1     22      3      2     10      9     11      9      1   1426     -1
      1     22      3      2     11      7      8      6      0   1477     -1
      1     22      3      2     12      8     12      6      0   1243     -1
      1     22      3      2     13      3      2      5      0   2527     -1
      1     22      3      2     14      9      7      9      1   2844     -1
      1     22      3      2     15     10      2      1      0  12044     -1
      1     22      3      2     16      3      1      5      0   7993     -1
      1     22      3      2     17      2      8      2      1   3277     -1
      1     22      3      2     18      6      6      6      1   1044     -1
      1     22      3      2     19      4     12     10      0   2928     -1
      1     22      3      2     20      5     10     10      0   1877     -1
      1     22      4      1      1      7     16      3      0   1387  50476
      1     22      4      1      2      7      5      7      1   3084   1237
      1     22      4      1      3      5      1      7      0    854   8542
      1     22      4      1      4      9     16      9      1   1908   1182
      1     22      4      1      5      4      7      3      0   3559    918
      1     22      4      1      6      3     15      4      0   3434   1648
      1     22      4      1      7      1      2      3      0   4087   2609
      1     22      4      1      8      3     10      5      0   1433   1976
      1     22      4      1      9     10     15      3      0    902   4795
      1     22      4      1     10      8     14      3      0   1085   2024
      1     22      4      1     11      2      6      2      1   1365   5585
      1     22      4      1     12      7      2      7      1   2301   1500
      1     22      4      1     13      7      1      7      1   1221   5088
      1     22      4      1     14     10      3      3      0    875   4885
      1     22      4      1     15      4      1     10      0   1830   4440
      1     22      4      1     16      3     11     10      0   2469   4711
      1     22      4      1     17      5      1      5      1   1233   1059
      1     22      4      1     18      9      1      9      1   1070    907
      1     22      4      1     19      1      8      5      0   1058   6064
      1     22      4      1     20      1      4      1      1   1379    948
      1     22      4      2      1      4      9      2      0   2264     -1
      1     22      4      2      2      9     12      9      1   1459     -1
      1     22      4      2      3      8      6     10      0   4478     -1
      1     22      4      2      4      7     10      6      0   3494     -1
      1     22      4      2      5     10     10      5      0   1946     -1
      1     22      4      2      6      3      5      1      0   5927     -1
      1     22      4      2      7      1     15      1      1   1028     -1
      1     22      4      2      8      6      8      6      1   1093     -1
      1     22      4      2      9      6      9      6      1   1277     -1
      1     22      4      2     10      2     11      9      0   1343     -1
      1     22      4      2     11      3      9      1      0   2493     -1
      1     22      4      2     12      9     15      9      1   1777     -1
      1     22      4      2     13      1     13      4      0   2260     -1
      1     22      4      2     14      4      4      7      0   1494     -1
      1     22      4      2     15      8     13     10      0   1792     -1
      1     22      4      2     16      2      3      3      0   2061     -1
      1     22      4      2     17      7     14      6      0   2876     -1
      1     22      4      2     18      5     15      5      1   1160     -1
      1     22      4      2     19      5     13      3      0   3944     -1
      1     22      4      2     20     10      6     10      1   4977     -1
      1     22      5      1      1     10      4      3      0   1616  16554
      1     22      5      1      2      9      1     10      0   1576   1115
      1     22      5      1      3      8      4     10      0   1191   1052
      1     22      5      1      4      8     11      8      1   2103   2614
      1     22      5      1      5      1      2      8      0   1254   1382
      1     22      5      1      6      5     16      8      0   1989   1758
      1     22      5      1      7      1      7     10      0   7498   3845
      1     22      5      1      8      9      3      8      0   2588  32168
      1     22      5      1      9      8     11      9      0    964   1176
      1     22      5      1     10      8      8      8      1   2685   1335
      1     22      5      1     11      4      1      8      0   1698   2619
      1     22      5      1     12      2      6      2      1   1325   1705
      1     22      5      1     13      2     13      2      1   2108   1100
      1     22      5      1     14      5      7      5      1   1146   1160
      1     22      5      1     15      3     14      4      0   1284   1664
      1     22      5      1     16      7      1      8      0   3418    910
      1     22      5      1     17      2     12      9      0   1094   1669
      1     22      5      1     18     10      1      8      0   2195   5059
      1     22      5      1     19      3      8     10      0   1503   2218
      1     22      5      1     20      3      8      3      1   1567   1057
      1     22      5      2      1      9      4      9      1   4580     -1
      1     22      5      2      2     10      7      4      0   3077     -1
      1     22      5      2      3      6     11      6      1   1144     -1
      1     22      5      2      4     10     11      3      0   2560     -1
      1     22      5      2      5      8      9      8      1   3076     -1
      1     22      5      2      6      3     12      5      0   1626     -1
      1     22      5      2      7      7     15      6      0   1360     -1
      1     22      5      2      8      2     16      1      0   4478     -1
      1     22      5      2      9      9     10      9      1   1396     -1
      1     22      5      2     10      7      7      8      0   2210     -1
      1     22      5      2     11      8      1      6      0   1444     -1
      1     22      5      2     12      4     16      2      0   2093     -1
      1     22      5      2     13      4     13     10      0   1744     -1
      1     22      5      2     14      5     11      5      1    994     -1
      1     22      5      2     15      1      3      3      0   3327     -1
      1     22      5      2     16      5     14      5      1    911     -1
      1     22      5      2     17      1     14      1      1   2527     -1
      1     22      5      2     18      6     16      6      1   1227     -1
      1     22      5      2     19      3      3      3      1   2927     -1
      1     22      5      2     20      2     15      2      1   2159     -1
      1     22      6      1      1      6      7      6      1   2638   5945
      1     22      6      1      2      6      5      6      1   1442   1049
      1     22      6      1      3      8     14     10      0   1389    937
      1     22      6      1      4      6      2      6      1   1201   1024
      1     22      6      1      5      7      5     10      0   3101    796
      1     22      6      1      6      6     15      7      0   1469    925
      1     22      6      1      7     10      1      7      0   1856    905
      1     22      6      1      8      6     12      6      1    792    951
      1     22      6      1      9      5      2      5      1   1055    757
      1     22      6      1     10      2      5      2      1    853   1610
      1     22      6      1     11      1      1      3      0   1604    892
      1     22      6      1     12      7      2      7      1   1577    868
      1     22      6      1     13      7      5      7      1   1358   1214
      1     22      6      1     14     10      1     10      1    917   2797
      1     22      6      1     15      1      1      1      1   1491   1051
      1     22      6      1     16      2      6      2      1    851   1794
      1     22      6      1     17      2     14      2      1   3065    732
      1     22      6      1     18      1      8      3      0   2977   1049
      1     22      6      1     19      8      3      4      0   1552   1580
      1     22      6      1     20      8     11      9      0   3500   1010
      1     22      6      2      1      4      8      8      0   3430     -1
      1     22      6      2      2      7      7     10      0   5577     -1
      1     22      6      2      3      7     11     10      0   1343     -1
      1     22      6      2      4      4     13      2      0   2060     -1
      1     22      6      2      5      8      5      4      0   3443     -1
      1     22      6      2      6      8      9      3      0   1510     -1
      1     22      6      2      7     10     11      1      0   5394     -1
      1     22      6      2      8      6     11      6      1   1043     -1
      1     22      6      2      9      6     13      6      1    909     -1
      1     22      6      2     10     10      5      7      0   2876     -1
      1     22      6      2     11      9      4      9      1   1310     -1
      1     22      6      2     12      9      5      9      1   1010     -1
      1     22      6      2     13      3     16      5      0   1094     -1
      1     22      6      2     14      2     16      2      1   1410     -1
      1     22      6      2     15      5     12      5      1   1059     -1
      1     22      6      2     16      3      3      1      0   4009     -1
      1     22      6      2     17      1      6      8      0   1393     -1
      1     22      6      2     18      2      4      2      1   1360     -1
      1     22      6      2     19      5     14      1      0   2997     -1
      1     22      6      2     20      1     14      8      0   2310     -1
      1     22      7      1      1      2      6      2      1   1319   8859
      1     22      7      1      2      2     14      2      1   1146    817
      1     22      7      1      3      1      8      1      1   1796    751
      1     22      7      1      4      8      3      8      1   2408    789
      1     22      7      1      5      8     11      1      0   1637    906
      1     22      7      1      6      3     11      3      1   1559   1082
      1     22      7      1      7      2      7      9      0   1381   1012
      1     22      7      1      8     10     12      9      0   1576    657
      1     22      7      1      9      3      6     10      0   1536    956
      1     22      7      1     10      7     16      7      1   1305   1741
      1     22      7      1     11      4     15      2      0   1411    655
      1     22      7      1     12      8     16      4      0   2489    840
      1     22      7      1     13      1      8     10      0    901   1991
      1     22      7      1     14      8      3      4      0   1508    920
      1     22      7      1     15      3     11     10      0   2511    819
      1     22      7      1     16      2      7      2      1   1731    603
      1     22      7      1     17     10     12      1      0   2249   1353
      1     22      7      1     18      3      6     10      0   2602    942
      1     22      7      1     19      4     15      2      0   1430   1765
      1     22      7      1     20      2     12      2      1   2919    369
      1     22      7      2      1      5     13     10      0   4347     -1
      1     22      7      2      2      4      9      5      0   1742     -1
      1     22      7      2      3      2     10      7      0   1994     -1
      1     22      7      2      4      6      9      6      1   1127     -1
      1     22      7      2      5      4      3      5      0   1359     -1
      1     22      7      2      6      8      6      9      0   1609     -1
      1     22      7      2      7      9     11      9      1   1226     -1
      1     22      7      2      8      1     16      5      0   1093     -1
      1     22      7      2      9      5      4      5      1   1176     -1
      1     22      7      2     10      1     15      4      0   1310     -1
      1     22      7      2     11      8      2      3      0   1293     -1
      1     22      7      2     12      7     10     10      0   1827     -1
      1     22      7      2     13     10     16      8      0   1328     -1
      1     22      7      2     14      9     12      9      1   1061     -1
      1     22      7      2     15      2      3      2      1   2060     -1
      1     22      7      2     16      7      3      6      0   1477     -1
      1     22      7      2     17      6      4      6      1    944     -1
      1     22      7      2     18     10     10     10      1   1946     -1
      1     22      7      2     19      3      5      5      0   1743     -1
      1     22      7      2     20      3      1      4      0   1461     -1
      1     22      8      1      1      4      7      9      0  12685   3627
      1     22      8      1      2      3     10      5      0   1154    806
      1     22      8      1      3      5      7      5      1   1973   1085
      1     22      8      1      4      8      8      3      0   1678    670
      1     22      8      1      5      8      8      8      1   1896    669
      1     22      8      1      6      5     16      8      0   1824    723
      1     22      8      1      7      4     11      2      0   1014   1226
      1     22      8      1      8      4      7      3      0   2493    820
      1     22      8      1      9      4     11      4      1   3505    988
      1     22      8      1     10      3     10      8      0   3900    878
      1     22      8      1     11      8      8      8      1   1362    866
      1     22      8      1     12      5     16      3      0   2220    774
      1     22      8      1     13      5      3      3      0   2743   1115
      1     22      8      1     14      1      2     10      0   1781   1047
      1     22      8      1     15      7      1      1      0   2070   2792
      1     22      8      1     16      4      1      7      0    886   1498
      1     22      8      1     17      7     12      7      1    809   1557
      1     22      8      1     18      1      7      7      0   1207    987
      1     22      8      1     19      8      4      7      0    713   2848
      1     22      8      1     20      3      8      7      0   1368   3957
      1     22      8      2      1      7      9      6      0   2164     -1
      1     22      8      2      2      9      9      9      1   1327     -1
      1     22      8      2      3      5      5      5      1   2527     -1
      1     22      8      2      4      4      2      2      0    894     -1
      1     22      8      2      5     10     14     10      1   3260     -1
      1     22      8      2      6      2      1      2      1   1293     -1
      1     22      8      2      7      3      4      5      0   1193     -1
      1     22      8      2      8      3     13      5      0    893     -1
      1     22      8      2      9      8      7      1      0   2493     -1
      1     22      8      2     10      7      6      4      0   2295     -1
      1     22      8      2     11     10      9      5      0   1677     -1
      1     22      8      2     12      6     14      6      1   2543     -1
      1     22      8      2     13      5      6      5      1   3393     -1
      1     22      8      2     14      6      3      6      1    945     -1
      1     22      8      2     15      4     14      6      0   1976     -1
      1     22      8      2     16      8     10      3      0   2044     -1
      1     22      8      2     17      1     12      8      0   3943     -1
      1     22      8      2     18      9     13      9      1   1278     -1
      1     22      8      2     19      2      2      2      1   1660     -1
      1     22      8      2     20      1     11     10      0   2010     -1
      1     22      9      1      1      5      7      3      0   1344   9117
      1     22      9      1      2      5      3      3      0    974   1265
      1     22      9      1      3      3      8      5      0    774    708
      1     22      9      1      4      9      1      9      1    937    598
      1     22      9      1      5     10      3      8      0   1854    973
      1     22      9      1      6     10      4     10      1   1050    879
      1     22      9      1      7      3      6      5      0   1654    774
      1     22      9      1      8      5      7      3      0   2441   1034
      1     22      9      1      9      5      3      5      1    948   1012
      1     22      9      1     10      3      8      3      1   2386    793
      1     22      9      1     11     10      4     10      1    745   2375
      1     22      9      1     12      3      6      8      0   2157   1148
      1     22      9      1     13      8      3      4      0   1322    711
      1     22      9      1     14      5      2      5      1   1066   1256
      1     22      9      1     15      8     14      5      0   1230    848
      1     22      9      1     16      6      2      6      1    747   2761
      1     22      9      1     17      2      5      2      1    862   1111
      1     22      9      1     18      1      8      5      0   2487    990
      1     22      9      1     19      7     16      7      1    679   1719
      1     22      9      1     20      7     12      7      1    621    987
      1     22      9      2      1      2      8      2      1   1896     -1
      1     22      9      2      2      3      2      8      0   4127     -1
      1     22      9      2      3     10      2      8      0   1727     -1
      1     22      9      2      4      1     13     10      0   1896     -1
      1     22      9      2      5      7      8      6      0   1327     -1
      1     22      9      2      6      8     13      4      0   2526     -1
      1     22      9      2      7      6      6      6      1   1476     -1
      1     22      9      2      8      5     10      4      0   1060     -1
      1     22      9      2      9      3      9      5      0   1226     -1
      1     22      9      2     10      8     12      4      0   1144     -1
      1     22      9      2     11      9      7      9      1   1162     -1
      1     22      9      2     12      6      8      6      1   1243     -1
      1     22      9      2     13      7     14      6      0   1227     -1
      1     22      9      2     14      2     11      2      1   1761     -1
      1     22      9      2     15     10      6     10      1   1427     -1
      1     22      9      2     16      4     12      1      0   3976     -1
      1     22      9      2     17      4      4      8      0   2294     -1
      1     22      9      2     18      9     15      9      1   1228     -1
      1     22      9      2     19      5     15      5      1   1109     -1
      1     22      9      2     20      1     10      2      0   2295     -1
      1     22     10      1      1      4      7      3      0   1949  11011
      1     22     10      1      2      3     15      3      1   3345   1162
      1     22     10      1      3      5      1      3      0   1270   1498
      1     22     10      1      4      9     16      9      1   1318   1207
      1     22     10      1      5      1      5     10      0    992    854
      1     22     10      1      6      9      8      9      1    793   1066
      1     22     10      1      7      2      7      2      1   1428   1195
      1     22     10      1      8      3     11      5      0   2528   2014
      1     22     10      1      9      6      7      6      1   1085   1205
      1     22     10      1     10      3     10      3      1   1684   1207
      1     22     10      1     11      1      2     10      0   3066   1533
      1     22     10      1     12      9      3      9      1   1857   1282
      1     22     10      1     13      9      2      9      1    858   2800
      1     22     10      1     14      7      4      8      0   5014    897
      1     22     10      1     15      8      4      8      1   1113    833
      1     22     10      1     16     10     12      8      0    763    767
      1     22     10      1     17      8     11      2      0    828    998
      1     22     10      1     18      6     12      6      1   1093   1097
      1     22     10      1     19      6      5      6      1    902    943
      1     22     10      1     20      5      7      3      0   2813   1209
      1     22     10      2      1      8     15      4      0   1497     -1
      1     22     10      2      2      8      1      2      0   2227     -1
      1     22     10      2      3      4     16      2      0   1845     -1
      1     22     10      2      4      7     15      6      0   2409     -1
      1     22     10      2      5      3      7      5      0   1060     -1
      1     22     10      2      6      9     10      9      1   1393     -1
      1     22     10      2      7      2      9      2      1   1029     -1
      1     22     10      2      8      4     10      2      0   2094     -1
      1     22     10      2      9      1      3     10      0   1243     -1
      1     22     10      2     10      6      1      6      1   1163     -1
      1     22     10      2     11      9     14      9      1    911     -1
      1     22     10      2     12     10      7     10      1   1994     -1
      1     22     10      2     13      2     15      2      1   1426     -1
      1     22     10      2     14      7     13     10      0   1827     -1
      1     22     10      2     15      5     11      5      1   1343     -1
      1     22     10      2     16      5      9      5      1   1327     -1
      1     22     10      2     17      6     16      6      1   1009     -1
      1     22     10      2     18      3     12      5      0    960     -1
      1     22     10      2     19     10     13      1      0   1344     -1
      1     22     10      2     20      1      9      1      1   1344     -1
