      1     23      1      1      1      4     15      2      0   1236   1307
      1     23      1      1      2      3      2      8      0   1121   1094
      1     23      1      1      3      1     12      1      1   1064   1044
      1     23      1      1      4      2      8      6      0   1017   3225
      1     23      1      1      5      3      2      8      0    421    527
      1     23      1      1      6      2      2      3      0    617    570
      1     23      1      1      7     10      9     10      1    695    688
      1     23      1      1      8      8     15      1      0   1144   1889
      1     23      1      1      9      8      5      8      1    858    986
      1     23      1      1     10      2      3      2      1    903    913
      1     23      1      1     11      7     11      4      0   2255    894
      1     23      1      1     12      2     10      2      1   1113   1214
      1     23      1      1     13      1      8      2      0   2110   1134
      1     23      1      1     14      9      3      3      0    841   1200
      1     23      1      1     15      8     13      2      0   1357   2039
      1     23      1      1     16      5     16      3      0    664    853
      1     23      1      1     17      9      6      8      0   1179   1166
      1     23      1      1     18      8      9      9      0    344    773
      1     23      1      1     19      7      8      3      0   1200    685
      1     23      1      1     20      8      6      3      0    472    698
      1     23      1      2      1      8      7      1      0   1328     -1
      1     23      1      2      2      3      5      8      0   1239     -1
      1     23      1      2      3      1      2      2      0    728     -1
      1     23      1      2      4      1     16      4      0    490     -1
      1     23      1      2      5      7      2      3      0    775     -1
      1     23      1      2      6      4      9      9      0    641     -1
      1     23      1      2      7      6     14      2      0    591     -1
      1     23      1      2      8      9      2      8      0    774     -1
      1     23      1      2      9     10     15      4      0    775     -1
      1     23      1      2     10      7      3      1      0    642     -1
      1     23      1      2     11      9      9      5      0    707     -1
      1     23      1      2     12      6      9      2      0    774     -1
      1     23      1      2     13      2     11      2      1   1358     -1
      1     23      1      2     14      5     11      8      0   2625     -1
      1     23      1      2     15      4     13      7      0   1041     -1
      1     23      1      2     16      3      4      2      0   1061     -1
      1     23      1      2     17      2     13      2      1    874     -1
      1     23      1      2     18     10     16      3      0   1008     -1
      1     23      1      2     19      5     14      9      0   1043     -1
      1     23      1      2     20      8     11      1      0    876     -1
      1     23      2      1      1      2      2      3      0    560   1109
      1     23      2      1      2      4     16      4      1   1108    773
      1     23      2      1      3     10      4      2      0    783   1604
      1     23      2      1      4      5      1      2      0   1186   2990
      1     23      2      1      5      4     10      3      0   1022    907
      1     23      2      1      6      3      2      3      1    667    767
      1     23      2      1      7      1      5      4      0    415    884
      1     23      2      1      8      5     16      4      0    534    963
      1     23      2      1      9      5      8      5      1   1107    728
      1     23      2      1     10     10      9      3      0   1109    988
      1     23      2      1     11      4     15      3      0    826    725
      1     23      2      1     12      6     10      2      0    756    941
      1     23      2      1     13      3      2      3      1    857    761
      1     23      2      1     14     10      1      2      0    913    902
      1     23      2      1     15      1     11      7      0    477    955
      1     23      2      1     16      6     12      7      0    963    968
      1     23      2      1     17     10      2      3      0    659   1135
      1     23      2      1     18      3     16      3      1    767   1062
      1     23      2      1     19      5      4      3      0    726    611
      1     23      2      1     20      6     13      6      1   2286   1076
      1     23      2      2      1     10     13      7      0   3079     -1
      1     23      2      2      2      9      7      2      0   1160     -1
      1     23      2      2      3      3     15      5      0   2708     -1
      1     23      2      2      4      6     11      6      1    959     -1
      1     23      2      2      5      4      1      2      0   1343     -1
      1     23      2      2      6      1      1      8      0   1462     -1
      1     23      2      2      7      2      4      2      1   1174     -1
      1     23      2      2      8      7     13      3      0    779     -1
      1     23      2      2      9      1     14      6      0   1393     -1
      1     23      2      2     10      3     10      5      0   1592     -1
      1     23      2      2     11      5      9      8      0   1609     -1
      1     23      2      2     12      2      7      1      0   1125     -1
      1     23      2      2     13      6      1      6      1   1840     -1
      1     23      2      2     14      9      5     10      0   1440     -1
      1     23      2      2     15      4     12      2      0   1959     -1
      1     23      2      2     16      8      4      3      0    591     -1
      1     23      2      2     17      8     12      7      0    608     -1
      1     23      2      2     18      5     12      9      0    842     -1
      1     23      2      2     19     10     10      2      0    458     -1
      1     23      2      2     20      7      9      3      0    509     -1
      1     23      3      1      1      6     12      6      1   1522   1471
      1     23      3      1      2     10      4      1      0   1040   1073
      1     23      3      1      3      3     13      5      0    721   1073
      1     23      3      1      4      6     16      6      1   1061    887
      1     23      3      1      5      3      6      4      0    773   2416
      1     23      3      1      6      3     11      2      0    680    837
      1     23      3      1      7      7     10      7      1    523   1335
      1     23      3      1      8      1     12      2      0    567   1521
      1     23      3      1      9     10      6      4      0    785    996
      1     23      3      1     10     10      2      3      0    897   1130
      1     23      3      1     11      3      9      7      0   1131    984
      1     23      3      1     12      5      5      2      0    713    996
      1     23      3      1     13      4     16      2      0    992    511
      1     23      3      1     14      4     14      4      1    791    892
      1     23      3      1     15      6     13      6      1   1273    958
      1     23      3      1     16      9     11      1      0   3746   1083
      1     23      3      1     17      4     11      8      0   1109   1807
      1     23      3      1     18      4     10      1      0   1895   1297
      1     23      3      1     19      6      8      6      1    939   1647
      1     23      3      1     20      2      8      2      1   1134   1357
      1     23      3      2      1      2      5      2      1   1879     -1
      1     23      3      2      2      7      6      9      0   2796     -1
      1     23      3      2      3      8     16      1      0   1774     -1
      1     23      3      2      4      9     14      3      0    909     -1
      1     23      3      2      5      2     15      3      0   1190     -1
      1     23      3      2      6      4      4      9      0   1825     -1
      1     23      3      2      7     10     12      9      0   1492     -1
      1     23      3      2      8      7     12      2      0   1891     -1
      1     23      3      2      9      5      3      8      0   1359     -1
      1     23      3      2     10      6      4      6      1   1008     -1
      1     23      3      2     11      1      4      4      0   1209     -1
      1     23      3      2     12      1      3      2      0    742     -1
      1     23      3      2     13      3      8      3      1    425     -1
      1     23      3      2     14     10      3      4      0    591     -1
      1     23      3      2     15      5      6      7      0    562     -1
      1     23      3      2     16      9     15      9      1   1074     -1
      1     23      3      2     17      4      6      5      0    859     -1
      1     23      3      2     18      8      3     10      0   1941     -1
      1     23      3      2     19      3      7      5      0   2008     -1
      1     23      3      2     20      6     15      6      1    908     -1
      1     23      4      1      1      2      8      2      1    946    960
      1     23      4      1      2      2     16      9      0   1414   1032
      1     23      4      1      3      4     14      3      0    948    508
      1     23      4      1      4      8     10      2      0    748   1404
      1     23      4      1      5      6     10      6      1    769    815
      1     23      4      1      6      3      6      2      0    612    887
      1     23      4      1      7      2      3      9      0    994    917
      1     23      4      1      8      2      2      4      0    363    755
      1     23      4      1      9      6     16      3      0    615    508
      1     23      4      1     10      5      4      5      1    471    845
      1     23      4      1     11      3      6      7      0   1253    486
      1     23      4      1     12      2      2      4      0    734    750
      1     23      4      1     13      3     13      3      1    593    905
      1     23      4      1     14      8      6      9      0   1126    625
      1     23      4      1     15      8      6      3      0    424    580
      1     23      4      1     16     10      9      3      0    731   1129
      1     23      4      1     17      2     16      5      0   1050    964
      1     23      4      1     18      5     10      3      0   2197   1442
      1     23      4      1     19      6     10      6      1    977    774
      1     23      4      1     20      4     16      3      0    429    886
      1     23      4      2      1      3      1      2      0   1929     -1
      1     23      4      2      2      7      4      5      0   1392     -1
      1     23      4      2      3      6      3      6      1   1007     -1
      1     23      4      2      4      6      5      6      1   1958     -1
      1     23      4      2      5      5     15      5      1   2609     -1
      1     23      4      2      6      2      6      2      1   1542     -1
      1     23      4      2      7      4      2      2      0   1026     -1
      1     23      4      2      8      9     12      4      0   1026     -1
      1     23      4      2      9      4      7      9      0   1075     -1
      1     23      4      2     10      2     14      3      0    574     -1
      1     23      4      2     11      5     13      6      0    775     -1
      1     23      4      2     12      1     10      3      0    741     -1
      1     23      4      2     13     10     14      2      0    678     -1
      1     23      4      2     14      8     14      4      0    707     -1
      1     23      4      2     15      3      3      3      1   2007     -1
      1     23      4      2     16     10      5      7      0   1009     -1
      1     23      4      2     17      9      8      3      0    458     -1
      1     23      4      2     18      1      7      9      0    629     -1
      1     23      4      2     19      8      8      2      0    924     -1
      1     23      4      2     20      7      1      5      0    608     -1
      1     23      5      1      1     10      9      4      0    601   2878
      1     23      5      1      2      2      2      4      0    460    415
      1     23      5      1      3      4     15      3      0    418    536
      1     23      5      1      4      8      6      8      1    453   1042
      1     23      5      1      5      6     10      6      1    666    932
      1     23      5      1      6      3      2      3      1    683    849
      1     23      5      1      7     10      1      4      0    790    843
      1     23      5      1      8      1     11      8      0    421    975
      1     23      5      1      9      6     12      6      1   1100    669
      1     23      5      1     10     10      4      9      0    628    757
      1     23      5      1     11      3     13      3      1    452    668
      1     23      5      1     12      6     16      6      1    755    893
      1     23      5      1     13      3      6      3      1    544    920
      1     23      5      1     14      1      5      3      0    440    546
      1     23      5      1     15      5      4      4      0    711    674
      1     23      5      1     16      7     10      3      0    706    713
      1     23      5      1     17     10      2      2      0    742    694
      1     23      5      1     18      4     16      3      0    639    795
      1     23      5      1     19      3      9      3      1    676   1104
      1     23      5      1     20      3     13      3      1    676   1134
      1     23      5      2      1      4      5      2      0   2178     -1
      1     23      5      2      2      2      9      2      1   1075     -1
      1     23      5      2      3      4      8      3      0    858     -1
      1     23      5      2      4      5      2      9      0    789     -1
      1     23      5      2      5      1     15      2      0   2058     -1
      1     23      5      2      6     10      8      2      0    209     -1
      1     23      5      2      7      3     14      5      0    491     -1
      1     23      5      2      8      7     15      7      1    958     -1
      1     23      5      2      9      3     12      3      1    627     -1
      1     23      5      2     10     10      7      3      0    476     -1
      1     23      5      2     11      9     13      2      0    391     -1
      1     23      5      2     12      2      1      3      0    307     -1
      1     23      5      2     13      1      9      2      0   2175     -1
      1     23      5      2     14      8      1      1      0    492     -1
      1     23      5      2     15      6      2      2      0    724     -1
      1     23      5      2     16      7     14      3      0    327     -1
      1     23      5      2     17      6      6      7      0   2624     -1
      1     23      5      2     18      8      2      3      0    708     -1
      1     23      5      2     19      5      7      5      1   1243     -1
      1     23      5      2     20      9      4      4      0    724     -1
      1     23      6      1      1     10      9      4      0    674   1256
      1     23      6      1      2      8      6      3      0    759    595
      1     23      6      1      3      7      8      8      0    453    991
      1     23      6      1      4      3      6      3      1    492    414
      1     23      6      1      5      3      6      2      0    524    805
      1     23      6      1      6      6     10      6      1    417    849
      1     23      6      1      7      3     13      4      0    470    469
      1     23      6      1      8     10      9      9      0    673    563
      1     23      6      1      9      5     10      7      0    739   1466
      1     23      6      1     10      1      5      5      0    704    616
      1     23      6      1     11      6     16      1      0    926    541
      1     23      6      1     12      6     16      6      1    722    516
      1     23      6      1     13      6     10      2      0    587   1041
      1     23      6      1     14      3      6      3      1    417    748
      1     23      6      1     15      7     10      2      0    928   1117
      1     23      6      1     16     10      9      5      0    984    552
      1     23      6      1     17      3      9      3      1    713   1031
      1     23      6      1     18      5      4      2      0    655   1776
      1     23      6      1     19      2      2      3      0    727    790
      1     23      6      1     20      6     16      2      0    573    695
      1     23      6      2      1      4     13      2      0   1096     -1
      1     23      6      2      2      8     11      4      0    857     -1
      1     23      6      2      3      1     16      3      0    742     -1
      1     23      6      2      4      4      9      7      0    641     -1
      1     23      6      2      5      9      9      9      1    475     -1
      1     23      6      2      6      6      9      2      0    741     -1
      1     23      6      2      7     10     15      4      0    991     -1
      1     23      6      2      8      5     11      2      0    608     -1
      1     23      6      2      9      3      5      3      1    625     -1
      1     23      6      2     10     10     16      3      0    159     -1
      1     23      6      2     11      3      4      9      0    427     -1
      1     23      6      2     12      7      3      3      0    675     -1
      1     23      6      2     13      7      2      7      1    858     -1
      1     23      6      2     14      2     11      9      0    530     -1
      1     23      6      2     15      8      7      3      0    641     -1
      1     23      6      2     16      9      2      1      0    424     -1
      1     23      6      2     17      5     14      3      0    407     -1
      1     23      6      2     18      6     14      2      0    256     -1
      1     23      6      2     19      1      2      3      0    791     -1
      1     23      6      2     20      2     13      4      0   1157     -1
      1     23      7      1      1      6     12      9      0    466   2067
      1     23      7      1      2      1      5      9      0    566    654
      1     23      7      1      3      5      4      3      0    405    452
      1     23      7      1      4      6     10      6      1    722   1024
      1     23      7      1      5      6     16      6      1    741   1463
      1     23      7      1      6      9     16      8      0    448    917
      1     23      7      1      7     10      4      4      0    350    584
      1     23      7      1      8     10      9      5      0    879   1068
      1     23      7      1      9      3      6      3      1    413   5893
      1     23      7      1     10      4     15      3      0    848    786
      1     23      7      1     11      6     10      6      1    878    492
      1     23      7      1     12      3      2      3      1    648    966
      1     23      7      1     13      3      6      3      1    438    778
      1     23      7      1     14      6     13      3      0    541   2481
      1     23      7      1     15     10      4      5      0    729    461
      1     23      7      1     16      1      5      3      0    550   2403
      1     23      7      1     17      6     10      6      1    691    839
      1     23      7      1     18      6     12      6      1    850    915
      1     23      7      1     19      4     15      2      0    698    802
      1     23      7      1     20      3      6      3      1    552    748
      1     23      7      2      1      4      6      7      0   4679     -1
      1     23      7      2      2      3      8      3      1    426     -1
      1     23      7      2      3      6     15     10      0    792     -1
      1     23      7      2      4     10      5      8      0   1379     -1
      1     23      7      2      5     10     12      4      0    641     -1
      1     23      7      2      6      8     16      2      0    479     -1
      1     23      7      2      7      9      8      3      0    640     -1
      1     23      7      2      8      8     14      2      0    826     -1
      1     23      7      2      9      2      6      4      0   1325     -1
      1     23      7      2     10      3      3      2      0    525     -1
      1     23      7      2     11      9     15      8      0   2742     -1
      1     23      7      2     12      4      7      3      0   1276     -1
      1     23      7      2     13      7      4      3      0    708     -1
      1     23      7      2     14      2     15      2      1    741     -1
      1     23      7      2     15      5      3      8      0   1329     -1
      1     23      7      2     16      7      6      4      0    992     -1
      1     23      7      2     17      5     15      9      0   1309     -1
      1     23      7      2     18      6      3      5      0    843     -1
      1     23      7      2     19      1     10      2      0    709     -1
      1     23      7      2     20      1      4      3      0    512     -1
      1     23      8      1      1      6     12      6      1   1143   2434
      1     23      8      1      2      6     16      6      1   1360   1233
      1     23      8      1      3      6     13      6      1    758   1397
      1     23      8      1      4      6     16      6      1    656    631
      1     23      8      1      5      6     13      6      1    982    801
      1     23      8      1      6      6     16      6      1   1137   1272
      1     23      8      1      7      6     12      6      1   1002   1404
      1     23      8      1      8      6     10      6      1    665    818
      1     23      8      1      9      6     16      6      1    713    508
      1     23      8      1     10      4     16      3      0   1080    394
      1     23      8      1     11      6     13      1      0    585    750
      1     23      8      1     12      8     13      6      0   1026   1446
      1     23      8      1     13      8      6      3      0    576    840
      1     23      8      1     14      9     10      9      1   1442   1742
      1     23      8      1     15      3     16      6      0   1268   1043
      1     23      8      1     16      3     13      4      0    965    918
      1     23      8      1     17      6     16      6      1    922   1008
      1     23      8      1     18      4     16      1      0    720   1257
      1     23      8      1     19      7     10      4      0   1225   1136
      1     23      8      1     20      3     16     10      0   1083   1095
      1     23      8      2      1      1      1      6      0   1329     -1
      1     23      8      2      2      7      9      9      0   1809     -1
      1     23      8      2      3     10     10     10      1   1841     -1
      1     23      8      2      4      5      2      4      0    991     -1
      1     23      8      2      5      2      4      2      1   1208     -1
      1     23      8      2      6      2      9      3      0    575     -1
      1     23      8      2      7      8     12      3      0    894     -1
      1     23      8      2      8      3     12      2      0    674     -1
      1     23      8      2      9      8      1      2      0    675     -1
      1     23      8      2     10      1     15      5      0   1941     -1
      1     23      8      2     11      3     15      5      0   1525     -1
      1     23      8      2     12     10      7      3      0    727     -1
      1     23      8      2     13      4      1      4      1    325     -1
      1     23      8      2     14      4      8      7      0    809     -1
      1     23      8      2     15      6     11      3      0   3225     -1
      1     23      8      2     16      7     15      2      0    559     -1
      1     23      8      2     17      9      7      9      1    560     -1
      1     23      8      2     18      5     12      7      0    994     -1
      1     23      8      2     19      9     13      3      0    780     -1
      1     23      8      2     20      6      6      2      0    509     -1
      1     23      9      1      1     10      2      2      0    785  11147
      1     23      9      1      2      2      2      3      0    650   1030
      1     23      9      1      3      6     13      6      1    915   1113
      1     23      9      1      4      1      5      3      0    605    174
      1     23      9      1      5      3      2      3      1    853    797
      1     23      9      1      6     10      4      4      0    611   1265
      1     23      9      1      7      9     10     10      0    765   1244
      1     23      9      1      8      8      6      3      0    745    640
      1     23      9      1      9      2      2      4      0    624   1037
      1     23      9      1     10      6     16      5      0    894   1000
      1     23      9      1     11      1     13      6      0    763   1509
      1     23      9      1     12     10      4      5      0    691   1039
      1     23      9      1     13      5      8      3      0    600   1144
      1     23      9      1     14      9     16      8      0    855   1022
      1     23      9      1     15      3     16      5      0   1034    881
      1     23      9      1     16      7     10      8      0   1158    940
      1     23      9      1     17      6     16      1      0    691    710
      1     23      9      1     18      2      2      2      1    630   1180
      1     23      9      1     19      3      6      2      0    802    569
      1     23      9      1     20      1      5      2      0    636    881
      1     23      9      2      1     10     14      2      0    713     -1
      1     23      9      2      2      4      4      2      0    759     -1
      1     23      9      2      3      6      5      3      0    425     -1
      1     23      9      2      4      2      5      4      0   1158     -1
      1     23      9      2      5      4      2      5      0   1709     -1
      1     23      9      2      6      2     14      7      0    813     -1
      1     23      9      2      7      7     12      8      0    408     -1
      1     23      9      2      8      6      4      8      0    375     -1
      1     23      9      2      9      9     12      2      0    875     -1
      1     23      9      2     10      3      7      7      0    359     -1
      1     23      9      2     11      9     14      2      0    892     -1
      1     23      9      2     12      8      3      6      0   1025     -1
      1     23      9      2     13     10      3      4      0    376     -1
      1     23      9      2     14      3      1      3      1    274     -1
      1     23      9      2     15      1      7      2      0   1156     -1
      1     23      9      2     16      1      3      1      1   2574     -1
      1     23      9      2     17      8      8      6      0    542     -1
      1     23      9      2     18      7      1      7      1    809     -1
      1     23      9      2     19      5     13      8      0    774     -1
      1     23      9      2     20      5      6      3      0    459     -1
      1     23     10      1      1      3      6      3      1    462   2337
      1     23     10      1      2      8      6      3      0    395    445
      1     23     10      1      3      9     16      9      1    795    606
      1     23     10      1      4      7     16      8      0    909    791
      1     23     10      1      5      1      5      3      0    443    889
      1     23     10      1      6      4     16      2      0    961   1003
      1     23     10      1      7      8     10      4      0   1056    742
      1     23     10      1      8      2      2      2      1    834   1095
      1     23     10      1      9     10      4      3      0    851   1127
      1     23     10      1     10      9      1      3      0    890   1335
      1     23     10      1     11      1     11      8      0    931   1163
      1     23     10      1     12     10      6      5      0   1114    901
      1     23     10      1     13      5      5      3      0    740   1203
      1     23     10      1     14      7     11      2      0   2158   1251
      1     23     10      1     15      1      5      4      0    409   1135
      1     23     10      1     16      3      2      8      0    364    624
      1     23     10      1     17      7     10      8      0   1197    903
      1     23     10      1     18      3     16      3      1   1102    881
      1     23     10      1     19      6     16      6      1    891   1086
      1     23     10      1     20     10      9     10      1   1023    990
      1     23     10      2      1      4     12      3      0   1163     -1
      1     23     10      2      2      6      1      6      1    824     -1
      1     23     10      2      3      3     14      8      0   1624     -1
      1     23     10      2      4      7     13      4      0   1325     -1
      1     23     10      2      5     10     13      3      0    857     -1
      1     23     10      2      6      5      9     10      0    991     -1
      1     23     10      2      7      1      9      2      0   1043     -1
      1     23     10      2      8      2      1      4      0   1560     -1
      1     23     10      2      9      4      5      4      1   1643     -1
      1     23     10      2     10      1     14      3      0    759     -1
      1     23     10      2     11      9      5     10      0   1162     -1
      1     23     10      2     12      6      2      1      0    909     -1
      1     23     10      2     13      7     14      2      0   1231     -1
      1     23     10      2     14      8      2      3      0    608     -1
      1     23     10      2     15      3     10      7      0   1391     -1
      1     23     10      2     16     10      8      2      0    697     -1
      1     23     10      2     17      2      7      3      0    291     -1
      1     23     10      2     18      5      7      3      0    226     -1
      1     23     10      2     19      9      4      2      0    493     -1
      1     23     10      2     20      8      4      2      0    293     -1
