      1     14      1      1      1     10     12      5      0   2974
      1     14      1      1      2      1      7      3      0   2418
      1     14      1      1      3      3     16      3      1   2530
      1     14      1      1      4      4      8      8      0   4686
      1     14      1      1      5      8     12     10      0   5136
      1     14      1      1      6      5     12      5      1   2209
      1     14      1      1      7      9     12      9      1   2016
      1     14      1      1      8      8     16      7      0   3993
      1     14      1      1      9      1     15      1      1   5355
      1     14      1      1     10      6     16      6      1   2309
      1     14      1      1     11      7     14     10      0   5696
      1     14      1      1     12      2      6      2      1   5859
      1     14      1      1     13      5      2      5      1   3871
      1     14      1      1     14      6      2      6      1   1219
      1     14      1      1     15      2     10      2      1   4014
      1     14      1      1     16      4     14      7      0   3765
      1     14      1      1     17     10      4      9      0   2221
      1     14      1      1     18      9      9      9      1   1355
      1     14      1      1     19      7      7      8      0   2274
      1     14      1      1     20      3      4      1      0   2761
      1     14      1      2      1      5     15      5      1   3062
      1     14      1      2      2      3     11      3      1   4324
      1     14      1      2      3      1      2     10      0   4624
      1     14      1      2      4      6      3      6      1   1142
      1     14      1      2      5     10     10      8      0   5423
      1     14      1      2      6      4     11      2      0   2225
      1     14      1      2      7      6     12      6      1   1361
      1     14      1      2      8      8     13      8      1   1425
      1     14      1      2      9      3      6      5      0   3492
      1     14      1      2     10      4     15      4      1   2026
      1     14      1      2     11      8     11      8      1   1526
      1     14      1      2     12      2      4      2      1   1526
      1     14      1      2     13      9      7      9      1   1394
      1     14      1      2     14     10      1      4      0   3126
      1     14      1      2     15      1     11      7      0   2796
      1     14      1      2     16      9     11      9      1   1642
      1     14      1      2     17      7      1      8      0   1709
      1     14      1      2     18      2     14      2      1   1225
      1     14      1      2     19      5      3     10      0   1392
      1     14      1      2     20      7     13      4      0   7359
      1     14      2      1      1      6     10      6      1   1449
      1     14      2      1      2      9     16      9      1   1566
      1     14      2      1      3      2      9      2      1   2521
      1     14      2      1      4      3     14      3      1   1773
      1     14      2      1      5      2      3      8      0   1952
      1     14      2      1      6      1     13      2      0   1424
      1     14      2      1      7     10     15      3      0   1825
      1     14      2      1      8      8     14      8      1   1516
      1     14      2      1      9     10     14     10      1   1059
      1     14      2      1     10      7      3      8      0   2128
      1     14      2      1     11      8      7      8      1   2790
      1     14      2      1     12      6     13      6      1   1145
      1     14      2      1     13      7     12      7      1   1733
      1     14      2      1     14      1      5      7      0   3479
      1     14      2      1     15      5     13     10      0   2295
      1     14      2      1     16      9      4      9      1   1283
      1     14      2      1     17      4      4      4      1   1940
      1     14      2      1     18      4     13      7      0   2442
      1     14      2      1     19      3      3      3      1   3544
      1     14      2      1     20      5     14      5      1   2138
      1     14      2      2      1      5      5     10      0   1697
      1     14      2      2      2      4      6      7      0   2026
      1     14      2      2      3      2     15      2      1   1559
      1     14      2      2      4      6      8      6      1   1679
      1     14      2      2      5      3      2      1      0   4609
      1     14      2      2      6      1      6      4      0   4093
      1     14      2      2      7      8      8      8      1   1391
      1     14      2      2      8      8      6      8      1   1211
      1     14      2      2      9      5     10      5      1   2059
      1     14      2      2     10      7     16      7      1   1692
      1     14      2      2     11      7      2      5      0   4225
      1     14      2      2     12     10      7      2      0   1526
      1     14      2      2     13      6      6      6      1   2192
      1     14      2      2     14      3     13      5      0   4413
      1     14      2      2     15      4     16      2      0   1408
      1     14      2      2     16     10     16      9      0   1643
      1     14      2      2     17      9     14      9      1   1392
      1     14      2      2     18      9      8      9      1   1628
      1     14      2      2     19      2      5      2      1   1126
      1     14      2      2     20      1      3      4      0   4409
      1     14      3      1      1     10      9     10      1   1113
      1     14      3      1      2      6      4      6      1   1803
      1     14      3      1      3      9     13      9      1   1263
      1     14      3      1      4      7      6      7      1   1444
      1     14      3      1      5      1      4      3      0   1890
      1     14      3      1      6      2      7      9      0   1034
      1     14      3      1      7      3      9      3      1   3033
      1     14      3      1      8      6      9      6      1   1127
      1     14      3      1      9      1     10      4      0   3277
      1     14      3      1     10      4      1      3      0   3297
      1     14      3      1     11     10      6      2      0   1915
      1     14      3      1     12      8      1      4      0   2865
      1     14      3      1     13      3      5      5      0   1456
      1     14      3      1     14      5     16      5      1   2435
      1     14      3      1     15      7     10      8      0   1473
      1     14      3      1     16      5      9      5      1   1196
      1     14      3      1     17      8      3      7      0   1657
      1     14      3      1     18      9      1      9      1   1198
      1     14      3      1     19      2     12      2      1   1667
      1     14      3      1     20      4     12      4      1   2674
      1     14      3      2      1     10      3      2      0   2230
      1     14      3      2      2      4      2      2      0   2092
      1     14      3      2      3      5      7      5      1   1108
      1     14      3      2      4      2     13      2      1   3377
      1     14      3      2      5      2      8      2      1   1725
      1     14      3      2      6      1      1      3      0   2261
      1     14      3      2      7      6     11      6      1   1558
      1     14      3      2      8      1      8      4      0   2809
      1     14      3      2      9      8     10      8      1   1359
      1     14      3      2     10      4      3      4      1   2491
      1     14      3      2     11      6      1      6      1   1262
      1     14      3      2     12     10      5     10      1   2412
      1     14      3      2     13      7      9      7      1   2059
      1     14      3      2     14      8      5      8      1   1158
      1     14      3      2     15      9     15      9      1   1257
      1     14      3      2     16      9      6      9      1   1160
      1     14      3      2     17      3     10      1      0   1809
      1     14      3      2     18      3     15      5      0   1609
      1     14      3      2     19      5     11      5      1   1258
      1     14      3      2     20      7      8      7      1   1408
      1     14      4      1      1      8      7      8      1   1648
      1     14      4      1      2      9     16      9      1   1053
      1     14      4      1      3      7     14      7      1   1364
      1     14      4      1      4     10     15      1      0   2349
      1     14      4      1      5      6     10      6      1   1082
      1     14      4      1      6     10     12      3      0   2238
      1     14      4      1      7      2      3      4      0   1797
      1     14      4      1      8      7      3      7      1   1541
      1     14      4      1      9      4     13      4      1   2133
      1     14      4      1     10      1     15      3      0   1570
      1     14      4      1     11      1      5      7      0   2377
      1     14      4      1     12      3     16      3      1   1305
      1     14      4      1     13      5     12      5      1   1020
      1     14      4      1     14      3     14      3      1   2273
      1     14      4      1     15      4      8      4      1   1639
      1     14      4      1     16      5     13     10      0   3419
      1     14      4      1     17      2     10      2      1   1274
      1     14      4      1     18      6      2      6      1   1138
      1     14      4      1     19      9     12      9      1   1176
      1     14      4      1     20      8     12      8      1   1356
      1     14      4      2      1      6      5      6      1   2194
      1     14      4      2      2      9      3      9      1   1225
      1     14      4      2      3     10      2      1      0   4775
      1     14      4      2      4      3      1      4      0   3542
      1     14      4      2      5     10     13     10      1   2158
      1     14      4      2      6      9      5      9      1   1492
      1     14      4      2      7      2     16      2      1   2859
      1     14      4      2      8      2      1      2      1   1908
      1     14      4      2      9      3      7      3      1   2725
      1     14      4      2     10      5      8      5      1   1379
      1     14      4      2     11      5      4      1      0   2591
      1     14      4      2     12      6     14      6      1   1229
      1     14      4      2     13      4      9      2      0   2475
      1     14      4      2     14      1     16      1      1   3276
      1     14      4      2     15      7      5      7      1   1825
      1     14      4      2     16      4      5      4      1   2828
      1     14      4      2     17      8     15      8      1   1225
      1     14      4      2     18      7     15      7      1   1197
      1     14      4      2     19      8      2      8      1   1542
      1     14      4      2     20      1     12     10      0   2792
      1     14      5      1      1      6     16      6      1   1428
      1     14      5      1      2      7      7      7      1   1366
      1     14      5      1      3      1     13      2      0   3495
      1     14      5      1      4      6     13      6      1   1145
      1     14      5      1      5      9      9      9      1    974
      1     14      5      1      6      2      6      2      1   1126
      1     14      5      1      7     10     14      1      0   1731
      1     14      5      1      8      7     12      7      1   1169
      1     14      5      1      9      8     16      8      1   1174
      1     14      5      1     10      4      4      4      1   2776
      1     14      5      1     11      8     14      8      1   1454
      1     14      5      1     12      9      4      9      1    950
      1     14      5      1     13      3      4      3      1   2750
      1     14      5      1     14      2      9      2      1    853
      1     14      5      1     15      3      3      3      1   1025
      1     14      5      1     16      1      7      1      1   1178
      1     14      5      1     17      4     14      4      1   1814
      1     14      5      1     18     10      4      9      0   1902
      1     14      5      1     19      5      2      5      1   1675
      1     14      5      1     20      5     14      5      1    983
      1     14      5      2      1      6     15      6      1   1261
      1     14      5      2      2      8      9      1      0   2859
      1     14      5      2      3      6      7      6      1   1792
      1     14      5      2      4      7      4      5      0   1659
      1     14      5      2      5      2      2      2      1   1425
      1     14      5      2      6      1     14      7      0   2880
      1     14      5      2      7      9      2      9      1   1059
      1     14      5      2      8      3      8      3      1   2109
      1     14      5      2      9      5      6      5      1   1776
      1     14      5      2     10     10      8     10      1   1612
      1     14      5      2     11      5      1      3      0   6008
      1     14      5      2     12      9     10      9      1   1161
      1     14      5      2     13      7     11      7      1   1225
      1     14      5      2     14     10     11      2      0   2075
      1     14      5      2     15      3     12      3      1   1709
      1     14      5      2     16      1      9      1      1   1842
      1     14      5      2     17      2     11      2      1   1442
      1     14      5      2     18      4      7      7      0   1809
      1     14      5      2     19      8      4      1      0   1809
      1     14      5      2     20      4     10      2      0   1742
      1     14      6      1      1      5     16      5      1   7711
      1     14      6      1      2      1     10      2      0   2002
      1     14      6      1      3      5      9      5      1   5429
      1     14      6      1      4      7     10      7      1    933
      1     14      6      1      5      7      6      7      1   1354
      1     14      6      1      6     10      6     10      1   2645
      1     14      6      1      7      9      1      9      1    899
      1     14      6      1      8      4      1      4      1   2558
      1     14      6      1      9      8      1      2      0   1695
      1     14      6      1     10      1      4      1      1   1255
      1     14      6      1     11      6      9      6      1   1055
      1     14      6      1     12      8      3      1      0   1325
      1     14      6      1     13     10      9     10      1   1133
      1     14      6      1     14      3      9      3      1   1241
      1     14      6      1     15      2      7      2      1   2152
      1     14      6      1     16      6      4      6      1    909
      1     14      6      1     17      9     13      9      1   1587
      1     14      6      1     18      2     12      2      1    967
      1     14      6      1     19      3      5      3      1   2885
      1     14      6      1     20      4     12      2      0   1307
      1     14      6      2      1      5      7      3      0   2331
      1     14      6      2      2      6      1      6      1   1028
      1     14      6      2      3      8     15      8      1   1526
      1     14      6      2      4      3     10      3      1   3759
      1     14      6      2      5     10      2     10      1   2413
      1     14      6      2      6      4      5      8      0   3113
      1     14      6      2      7      9      6      9      1   1343
      1     14      6      2      8      1     16      1      1   1477
      1     14      6      2      9      7      8      7      1   1228
      1     14      6      2     10      7      5      7      1   1410
      1     14      6      2     11      3      7      3      1   1592
      1     14      6      2     12     10      5     10      1   1791
      1     14      6      2     13      9      5      9      1   1575
      1     14      6      2     14      8     10      8      1   1241
      1     14      6      2     15      6     14      6      1   1292
      1     14      6      2     16      2     13      2      1   1208
      1     14      6      2     17      5      8      5      1   2196
      1     14      6      2     18      2     16      2      1   1511
      1     14      6      2     19      1      1      3      0   3775
      1     14      6      2     20      4      3      4      1   1727
      1     14      7      1      1      8      1      2      0   2150
      1     14      7      1      2      5     16      5      1   1333
      1     14      7      1      3     10      4     10      1   1393
      1     14      7      1      4      9     13      9      1   1009
      1     14      7      1      5      3      9      3      1   1019
      1     14      7      1      6      9      9      9      1   1193
      1     14      7      1      7      7      7      7      1   1012
      1     14      7      1      8      4     12      4      1   1440
      1     14      7      1      9      2      6      2      1   1728
      1     14      7      1     10      1      7      1      1   1314
      1     14      7      1     11      4     14      4      1   2933
      1     14      7      1     12      3      4      8      0   1612
      1     14      7      1     13      2      7      2      1   1650
      1     14      7      1     14      7     10      7      1    984
      1     14      7      1     15      6     16      6      1    993
      1     14      7      1     16      6      4      6      1   1255
      1     14      7      1     17      5      2      3      0   1209
      1     14      7      1     18     10      9     10      1   1834
      1     14      7      1     19      8     16      8      1    989
      1     14      7      1     20      1      4      1      1   1333
      1     14      7      2      1      4      7      7      0   5513
      1     14      7      2      2      8     11      8      1   1408
      1     14      7      2      3      1     14      7      0   2875
      1     14      7      2      4      5      1      5      1   3292
      1     14      7      2      5      3     12      3      1   1546
      1     14      7      2      6      5      3     10      0   2559
      1     14      7      2      7      6      7      6      1   1142
      1     14      7      2      8      3     11      3      1   1043
      1     14      7      2      9      7     13      7      1   1208
      1     14      7      2     10      9      7      9      1   1260
      1     14      7      2     11      2      2      2      1   1126
      1     14      7      2     12      2      4      2      1   1259
      1     14      7      2     13      6      3      6      1   1458
      1     14      7      2     14      1     11      7      0   1325
      1     14      7      2     15     10     10      8      0   2075
      1     14      7      2     16      4     11      4      1   2075
      1     14      7      2     17     10      8     10      1   1592
      1     14      7      2     18      8      4      1      0   3462
      1     14      7      2     19      9      2      9      1   1458
      1     14      7      2     20      7     11      7      1   1441
      1     14      8      1      1     10     12      1      0   2703
      1     14      8      1      2      1     15      3      0   1656
      1     14      8      1      3      9     12      9      1   1060
      1     14      8      1      4      3     14      3      1   1355
      1     14      8      1      5      9     16      9      1   1008
      1     14      8      1      6      6     10      6      1   1088
      1     14      8      1      7      6      2      6      1   1190
      1     14      8      1      8      8     12      8      1   1096
      1     14      8      1      9      8      7      8      1   1547
      1     14      8      1     10      7      3      7      1   1150
      1     14      8      1     11      3     16      3      1   1245
      1     14      8      1     12      2      3      2      1   1835
      1     14      8      1     13      2     10      2      1   1082
      1     14      8      1     14      4     13      3      0   2480
      1     14      8      1     15      5     13      5      1   1225
      1     14      8      1     16      1      5      7      0   1647
      1     14      8      1     17      4      8      4      1   1138
      1     14      8      1     18      5     12      5      1   1681
      1     14      8      1     19      7     14      7      1   1481
      1     14      8      1     20     10     15      1      0   1338
      1     14      8      2      1      7     15      7      1   1861
      1     14      8      2      2     10     11     10      1   4241
      1     14      8      2      3      2      1      2      1   1226
      1     14      8      2      4      6      5      6      1   2426
      1     14      8      2      5      5      6      3      0   1476
      1     14      8      2      6      3      8      3      1   1659
      1     14      8      2      7      7      4      5      0   1141
      1     14      8      2      8      4     10      2      0   1275
      1     14      8      2      9      8      9      1      0   1742
      1     14      8      2     10      5      4      3      0    978
      1     14      8      2     11      9      3      9      1   1279
      1     14      8      2     12      8      2      8      1   1163
      1     14      8      2     13     10     13     10      1   1495
      1     14      8      2     14      1      9      4      0   3209
      1     14      8      2     15      2     11      2      1   1142
      1     14      8      2     16      3      1      3      1   1274
      1     14      8      2     17      4      9      2      0   1475
      1     14      8      2     18      1     12      7      0   2362
      1     14      8      2     19      6     15      6      1   1192
      1     14      8      2     20      9     10      9      1   1042
      1     14      9      1      1      3      3      3      1   1269
      1     14      9      1      2      6     13      6      1    985
      1     14      9      1      3      5      9      5      1   1369
      1     14      9      1      4      5     14      3      0   1039
      1     14      9      1      5      2     12      2      1    890
      1     14      9      1      6      4      1      8      0   2068
      1     14      9      1      7      7     12      7      1   1166
      1     14      9      1      8      4      4      4      1   1694
      1     14      9      1      9      8     14      8      1   1492
      1     14      9      1     10     10      6     10      1   2574
      1     14      9      1     11      6      9      6      1   1207
      1     14      9      1     12      8      3      1      0   1130
      1     14      9      1     13      2      9      2      1    956
      1     14      9      1     14      1     10      4      0   2941
      1     14      9      1     15      7      6      7      1    989
      1     14      9      1     16      3      5      3      1   1118
      1     14      9      1     17     10     14     10      1   1529
      1     14      9      1     18      9      4      9      1   1111
      1     14      9      1     19      9      1      9      1    936
      1     14      9      1     20      1     13      1      1   1834
      1     14      9      2      1     10      1      4      0   5313
      1     14      9      2      2      2     14      2      1   1126
      1     14      9      2      3      6      8      6      1   1177
      1     14      9      2      4      7      1      7      1   1775
      1     14      9      2      5      5     15      5      1   3141
      1     14      9      2      6      6     12      6      1   1212
      1     14      9      2      7      2     15      2      1   1313
      1     14      9      2      8     10      7     10      1   1445
      1     14      9      2      9      8     13      8      1   1209
      1     14      9      2     10      3      6      3      1   1891
      1     14      9      2     11      3      2      3      1   1292
      1     14      9      2     12      1      2      1      1   1407
      1     14      9      2     13      4     16      2      0   1341
      1     14      9      2     14      9     14      9      1   1223
      1     14      9      2     15      1      3      1      1   1758
      1     14      9      2     16      4     15      3      0   1610
      1     14      9      2     17      9     11      9      1   1043
      1     14      9      2     18      5     10      5      1   1692
      1     14      9      2     19      7      2      5      0   1158
      1     14      9      2     20      8      8      8      1    908
      1     14     10      1      1      4      1      4      1   1650
      1     14     10      1      2     10     15      1      0   1266
      1     14     10      1      3     10      6     10      1   1035
      1     14     10      1      4      3      5      3      1   1065
      1     14     10      1      5      2      3      2      1   2805
      1     14     10      1      6      6      9      6      1   1410
      1     14     10      1      7      9     16      9      1   1284
      1     14     10      1      8      1      5      1      1   1588
      1     14     10      1      9      7      3      7      1   1038
      1     14     10      1     10      4     13      4      1   2310
      1     14     10      1     11      7      6      7      1    949
      1     14     10      1     12      2     12      2      1   1126
      1     14     10      1     13      6     10      6      1   1185
      1     14     10      1     14      5      9      5      1   1046
      1     14     10      1     15      3     14      3      1   1150
      1     14     10      1     16      8      3      8      1   1576
      1     14     10      1     17      1     10      1      1   1173
      1     14     10      1     18      9      1      9      1   1444
      1     14     10      1     19      5     13      5      1   2410
      1     14     10      1     20      8      7      8      1   1142
      1     14     10      2      1      4      6      7      0   3846
      1     14     10      2      2      5     11      5      1   1979
      1     14     10      2      3      4      2      2      0   1192
      1     14     10      2      4      2      8      2      1   1345
      1     14     10      2      5      8      6      8      1   1241
      1     14     10      2      6     10     16      1      0   8776
      1     14     10      2      7      6      6      6      1   1092
      1     14     10      2      8      7      9      7      1    913
      1     14     10      2      9      3     15      3      1   1225
      1     14     10      2     10      9     15      9      1   1059
      1     14     10      2     11      7     16      7      1   1225
      1     14     10      2     12      6     11      6      1   1242
      1     14     10      2     13      9      8      9      1   1026
      1     14     10      2     14      2      5      2      1   1341
      1     14     10      2     15      8      5      8      1   1124
      1     14     10      2     16      5      5     10      0   7157
      1     14     10      2     17      1      6      1      1   1192
      1     14     10      2     18     10      3     10      1   1626
      1     14     10      2     19      3     13      3      1   1391
      1     14     10      2     20      1      8      4      0   1740
