     61      5     12
     61      7     15
     61      1      6
     61      3     10
     61      3      2
     61      4     13
     61      6     15
     61      7     16
     61      2     14
     61      3     11
     61      4     12
     61      7      2
     61      5     11
     61      1     14
     61      1      5
     61      7      5
     61      6     10
     61      8      6
     61      8     14
     61      5     10
     61      8      2
     61      5      2
     61      2      5
     61      8     13
     61      4      9
     61      7      8
     61      8      5
     61      2      8
     61      6      3
     61      1      9
     61      2      4
     61      2      2
     61      6     16
     61      6      6
     61      3     15
     61      7     10
     61      6      5
     61      4     11
     61      3      8
     61      4      8
     61      5      8
     61      8     15
     61      5      7
     61      1      4
     61      1      2
     61      4     14
     61      2     10
     61      3     13
