      1     27      1      1      1      6      6      1      0   4809   2248
      1     27      1      1      2      1     14      5      0   1146   7753
      1     27      1      1      3      5     16      9      0   2956    958
      1     27      1      1      4      6      6      6      1   1602   2142
      1     27      1      1      5      3      1      2      0   1573   1629
      1     27      1      1      6      5     13      7      0   1323   1074
      1     27      1      1      7      6      8      6      1   4203    878
      1     27      1      1      8      5      5      5      1   1087    960
      1     27      1      1      9      8      4      1      0   1634    963
      1     27      1      1     10      3      3      5      0    992   1087
      1     27      1      1     11      6      1      2      0   1204    993
      1     27      1      1     12      4     11      3      0   3138    861
      1     27      1      1     13      4      4      5      0   1124   1138
      1     27      1      1     14      3      7      8      0   1857   1531
      1     27      1      1     15      2      3      6      0   1339   1400
      1     27      1      1     16     10     12      1      0   1150    719
      1     27      1      1     17      6     11      6      1   1632    769
      1     27      1      1     18      3     12      4      0   1828    773
      1     27      1      1     19      2     14      2      1   1142    826
      1     27      1      1     20      6      6      6      1   1125    759
      1     27      1      2      1      3     14      3      1   7316     -1
      1     27      1      2      2      4      5      4      1   2081     -1
      1     27      1      2      3      1      6      2      0   2414     -1
      1     27      1      2      4      9     11      3      0   3794     -1
      1     27      1      2      5      3     16      4      0   2396     -1
      1     27      1      2      6      7     14      5      0  10409     -1
      1     27      1      2      7      7     11      1      0   2009     -1
      1     27      1      2      8      8     16      2      0   1860     -1
      1     27      1      2      9      6      7      6      1   1294     -1
      1     27      1      2     10     10     16      4      0   1844     -1
      1     27      1      2     11      8      5      7      0   1398     -1
      1     27      1      2     12      9     14      3      0   1627     -1
      1     27      1      2     13      5      4      5      1   3944     -1
      1     27      1      2     14      5     14      5      1   2981     -1
      1     27      1      2     15      2     15      3      0   1476     -1
      1     27      1      2     16      4     12      5      0   2559     -1
      1     27      1      2     17      1     13      9      0   2176     -1
      1     27      1      2     18      2      1      2      1   2159     -1
      1     27      1      2     19      6     15      6      1   1160     -1
      1     27      1      2     20     10     14      3      0   1478     -1
      1     27      2      1      1     10      4      8      0   1827   1675
      1     27      2      1      2      6      1      6      1   1039   1483
      1     27      2      1      3      8     11      3      0   1336   1042
      1     27      2      1      4      3     10      5      0    927   1903
      1     27      2      1      5      3      7      3      1   2791    810
      1     27      2      1      6      9     15      4      0    978   1248
      1     27      2      1      7      9      3      9      1   1097    820
      1     27      2      1      8      9      6      9      1   2258   1251
      1     27      2      1      9      9      3      9      1   2389   2675
      1     27      2      1     10      9     16      9      1   1206    860
      1     27      2      1     11      7      4     10      0   1577   2526
      1     27      2      1     12      2     14      9      0   2958   1021
      1     27      2      1     13      7      8     10      0   1190    907
      1     27      2      1     14      1      8      3      0    814   1180
      1     27      2      1     15      8      8     10      0   2280   1738
      1     27      2      1     16      2      2      8      0   1851   1061
      1     27      2      1     17     10      1      7      0   1797    918
      1     27      2      1     18      6      1      6      1   1103    781
      1     27      2      1     19      3      7      9      0   1012   1231
      1     27      2      1     20     10      7      4      0   1534    833
      1     27      2      2      1      4     14      9      0   2426     -1
      1     27      2      2      2      8     12      7      0   4327     -1
      1     27      2      2      3      6      9      6      1   1278     -1
      1     27      2      2      4      6      2      6      1   1748     -1
      1     27      2      2      5      9      1      9      1   1830     -1
      1     27      2      2      6      7      5      3      0   2830     -1
      1     27      2      2      7      3     13      7      0   2113     -1
      1     27      2      2      8      2      6      2      1   1314     -1
      1     27      2      2      9      1      2      2      0   3629     -1
      1     27      2      2     10      3      5      5      0   1748     -1
      1     27      2      2     11      8      1      3      0   5680     -1
      1     27      2      2     12     10      2      5      0   2043     -1
      1     27      2      2     13      9      8      9      1   1060     -1
      1     27      2      2     14      5      8     10      0   3612     -1
      1     27      2      2     15      2      8      3      0   1714     -1
      1     27      2      2     16      4     16      8      0   2547     -1
      1     27      2      2     17     10      9      7      0   2079     -1
      1     27      2      2     18      7     13      5      0   1330     -1
      1     27      2      2     19      1     16      8      0   1977     -1
      1     27      2      2     20      5     10      8      0   4214     -1
      1     27      3      1      1      2     14      9      0   1078   1875
      1     27      3      1      2      5     16      8      0   2687    681
      1     27      3      1      3      8      8      8      1   1342    759
      1     27      3      1      4      1      8      2      0   1100   1032
      1     27      3      1      5      1      4      3      0   3259   1167
      1     27      3      1      6      8      8      7      0   1222    763
      1     27      3      1      7      7      4      5      0   1672    664
      1     27      3      1      8      5      5      7      0   1527   1167
      1     27      3      1      9      3      1      2      0   1005    992
      1     27      3      1     10      4     11      2      0   1114   2132
      1     27      3      1     11     10      7     10      1   1725    678
      1     27      3      1     12      9     13      9      1   1041   1282
      1     27      3      1     13      1     11      8      0   2630   1082
      1     27      3      1     14      1      4      7      0   3393    842
      1     27      3      1     15      5     16      1      0   1473    894
      1     27      3      1     16      7      8      6      0   1844   1412
      1     27      3      1     17      8      6      8      1   1334   1110
      1     27      3      1     18      3     10      2      0   1571    976
      1     27      3      1     19      5      6      5      1   1095    854
      1     27      3      1     20      9     16      9      1    915    933
      1     27      3      2      1      6     16      6      1   1492     -1
      1     27      3      2      2      8      7      8      1   1898     -1
      1     27      3      2      3      5      1      5      1   1895     -1
      1     27      3      2      4      6     14      6      1   1576     -1
      1     27      3      2      5      5     15      5      1   2411     -1
      1     27      3      2      6      8     10      8      1   1578     -1
      1     27      3      2      7      4      7      1      0   2644     -1
      1     27      3      2      8      2     12      9      0   1311     -1
      1     27      3      2      9      4      3      3      0   2193     -1
      1     27      3      2     10      2      9      2      1   1393     -1
      1     27      3      2     11      9     10      9      1   1264     -1
      1     27      3      2     12      3     15      5      0   4010     -1
      1     27      3      2     13      1      1      1      1   1677     -1
      1     27      3      2     14     10     10      1      0   1426     -1
      1     27      3      2     15      9     12      7      0   3081     -1
      1     27      3      2     16     10      6      6      0   2761     -1
      1     27      3      2     17      7      2      5      0   1410     -1
      1     27      3      2     18      1     15      3      0   2276     -1
      1     27      3      2     19      3      2      3      1   1527     -1
      1     27      3      2     20      7     15     10      0   2111     -1
      1     27      4      1      1     10     15      2      0   1054   1500
      1     27      4      1      2      3      1      4      0   1017   1882
      1     27      4      1      3      5     13      5      1   1520    667
      1     27      4      1      4      5      5      5      1    998   1688
      1     27      4      1      5      8      4      8      1   1090   3073
      1     27      4      1      6      3      3      2      0    937    814
      1     27      4      1      7      6      1      6      1   1132   2101
      1     27      4      1      8      4     11      1      0   1714   1375
      1     27      4      1      9      3      7     10      0   2062    968
      1     27      4      1     10      2      3      3      0   1910   1003
      1     27      4      1     11     10     12      7      0   1504   1091
      1     27      4      1     12      3     12     10      0   1521   1896
      1     27      4      1     13      2     14      9      0    823    876
      1     27      4      1     14      5     16      5      1   1380    885
      1     27      4      1     15      8      8      8      1   1169    912
      1     27      4      1     16      5      7      5      1   1117   1864
      1     27      4      1     17      7      8      7      1   2547    950
      1     27      4      1     18      9     16      9      1   1050   1438
      1     27      4      1     19      2      2      2      1   2762    543
      1     27      4      1     20     10      4      1      0   2961    920
      1     27      4      2      1      6      4      6      1   1010     -1
      1     27      4      2      2      4      1      3      0   2995     -1
      1     27      4      2      3      3      9      8      0   7277     -1
      1     27      4      2      4      3      6      5      0   1447     -1
      1     27      4      2      5      2     13      1      0   1679     -1
      1     27      4      2      6      7     16      7      1   2381     -1
      1     27      4      2      7      2      7      9      0   1927     -1
      1     27      4      2      8      7     12      7      1   2327     -1
      1     27      4      2      9      8      9      3      0   2560     -1
      1     27      4      2     10      9      4      9      1   1060     -1
      1     27      4      2     11      5     12      5      1   1460     -1
      1     27      4      2     12      1      5     10      0   2278     -1
      1     27      4      2     13      1      3      2      0   1498     -1
      1     27      4      2     14      6     10      6      1   1281     -1
      1     27      4      2     15     10      5      7      0   3176     -1
      1     27      4      2     16      9      9      9      1   1027     -1
      1     27      4      2     17      4      9      8      0   3226     -1
      1     27      4      2     18     10      8     10      1   3248     -1
      1     27      4      2     19      5      2      5      1   1393     -1
      1     27      4      2     20      8     15      8      1   1560     -1
      1     27      5      1      1      4      8      8      0   2976   2561
      1     27      5      1      2      2     10      4      0   1509    775
      1     27      5      1      3      7      6     10      0   1550    784
      1     27      5      1      4      4      8      4      1   1116   1735
      1     27      5      1      5      2     10      2      1   1620   1042
      1     27      5      1      6      7      6      7      1   1964   2052
      1     27      5      1      7      8     11      8      1   2613    983
      1     27      5      1      8      1     14      7      0   2161   1084
      1     27      5      1      9      2     11      1      0   1200   1078
      1     27      5      1     10      9      6      9      1   1130    999
      1     27      5      1     11      3      4      5      0    954   1599
      1     27      5      1     12      8      2      8      1   1189    876
      1     27      5      1     13      1      7     10      0   1972   1335
      1     27      5      1     14      1     11      2      0   1648   1327
      1     27      5      1     15      9     13      9      1   1483    915
      1     27      5      1     16      5      3      5      1   1084    784
      1     27      5      1     17      1      8      2      0    847   1786
      1     27      5      1     18      1      9      2      0   1775    989
      1     27      5      1     19      4      6      1      0   1216    915
      1     27      5      1     20     10      1      8      0   1631    770
      1     27      5      2      1      9      2      9      1   1043     -1
      1     27      5      2      2      2      5      1      0   1442     -1
      1     27      5      2      3      7     10      8      0   1278     -1
      1     27      5      2      4     10      3      7      0   3493     -1
      1     27      5      2      5      5      9      8      0   1810     -1
      1     27      5      2      6      3      8      5      0   1478     -1
      1     27      5      2      7      6      5      6      1   1577     -1
      1     27      5      2      8     10     11      2      0   1462     -1
      1     27      5      2      9      4     15      8      0   3743     -1
      1     27      5      2     10      9      7      9      1   1515     -1
      1     27      5      2     11      1     12      8      0   1961     -1
      1     27      5      2     12      3     11     10      0   1264     -1
      1     27      5      2     13      8     13      8      1   1926     -1
      1     27      5      2     14      7      9      7      1   3197     -1
      1     27      5      2     15      2      4      4      0   3559     -1
      1     27      5      2     16      1     10      1      1   3762     -1
      1     27      5      2     17      8     14      5      0   1394     -1
      1     27      5      2     18      4      2      2      0   1214     -1
      1     27      5      2     19      6     12      6      1   1264     -1
      1     27      5      2     20      5     11      5      1   1211     -1
      1     27      6      1      1     10     15      8      0   1200   3324
      1     27      6      1      2     10      4     10      1   1221    746
      1     27      6      1      3      3      7      8      0   2094    904
      1     27      6      1      4      1      4      3      0   3129    821
      1     27      6      1      5      6     13      6      1    975    596
      1     27      6      1      6      3     12      5      0    838   1418
      1     27      6      1      7      4     11      4      1   1205    796
      1     27      6      1      8      3      1      2      0    967    817
      1     27      6      1      9      4      8      2      0   1039    943
      1     27      6      1     10      4      8      4      1   1880    756
      1     27      6      1     11      9      3      9      1   1020    895
      1     27      6      1     12      3     10      3      1   2500   1096
      1     27      6      1     13      2     16      3      0   1473    581
      1     27      6      1     14      7      3      7      1    692    775
      1     27      6      1     15      1      9      2      0   1189    697
      1     27      6      1     16      3      7      3      1   1336    683
      1     27      6      1     17      5      5      5      1   1016    687
      1     27      6      1     18      7      4      7      1   1912    575
      1     27      6      1     19      9     15      9      1    955    664
      1     27      6      1     20     10      1      7      0   4143    724
      1     27      6      2      1      8      1      1      0   1861     -1
      1     27      6      2      2      9      8      9      1   1210     -1
      1     27      6      2      3      9      2      9      1   1893     -1
      1     27      6      2      4      7     13      7      1   1412     -1
      1     27      6      2      5      6      2      6      1   1628     -1
      1     27      6      2      6      4      2      2      0   1612     -1
      1     27      6      2      7      7      9      7      1    895     -1
      1     27      6      2      8      5     11      5      1    994     -1
      1     27      6      2      9      1     16      3      0   1644     -1
      1     27      6      2     10      1     12      1      1   1660     -1
      1     27      6      2     11      8     13      8      1   1176     -1
      1     27      6      2     12      3      8      5      0   1213     -1
      1     27      6      2     13      6      5      6      1   1331     -1
      1     27      6      2     14     10      3      8      0   1960     -1
      1     27      6      2     15      2      8      2      1   3276     -1
      1     27      6      2     16     10      9     10      1   1528     -1
      1     27      6      2     17      2      4      2      1   2378     -1
      1     27      6      2     18      4     16      4      1   1464     -1
      1     27      6      2     19      5     10      5      1   1427     -1
      1     27      6      2     20      3      5      5      0   1298     -1
      1     27      7      1      1     10     13     10      1   4018    635
      1     27      7      1      2      1      4      4      0   1587    862
      1     27      7      1      3      2     16      2      1   4833    489
      1     27      7      1      4      3      3      5      0   1029    968
      1     27      7      1      5      8      4      8      1    862    838
      1     27      7      1      6      1      9      4      0   1338    599
      1     27      7      1      7      5      3      5      1   1132   3062
      1     27      7      1      8      2      2      4      0   1244    610
      1     27      7      1      9      8      3      8      1   1277    773
      1     27      7      1     10     10      7      6      0   2181    671
      1     27      7      1     11     10     15      8      0   1224   1498
      1     27      7      1     12      7      4      5      0    787    666
      1     27      7      1     13      7      3      8      0    816   1196
      1     27      7      1     14      7      8      7      1   1013    936
      1     27      7      1     15      6      3      6      1   1071    878
      1     27      7      1     16      9      3      9      1   1304    845
      1     27      7      1     17      3      3      2      0   1269   1371
      1     27      7      1     18      3     12      3      1   1609   1087
      1     27      7      1     19      8      6      7      0   1243    807
      1     27      7      1     20      1      9      4      0   1189   1106
      1     27      7      2      1      2      6      4      0   2110     -1
      1     27      7      2      2      4     12      8      0   3431     -1
      1     27      7      2      3      7      5      7      1   1379     -1
      1     27      7      2      4      6      9      6      1   1328     -1
      1     27      7      2      5      1     13      8      0   1580     -1
      1     27      7      2      6      9      1      9      1   1076     -1
      1     27      7      2      7      6      7      6      1   1094     -1
      1     27      7      2      8      1      2      8      0   1561     -1
      1     27      7      2      9      5      8      5      1   1078     -1
      1     27      7      2     10      3     14      3      1   4477     -1
      1     27      7      2     11      9     11      1      0   1995     -1
      1     27      7      2     12     10     14      8      0   2394     -1
      1     27      7      2     13      7     11      7      1   1943     -1
      1     27      7      2     14      8      5      8      1   2312     -1
      1     27      7      2     15      5     14      5      1   1879     -1
      1     27      7      2     16     10      2     10      1   2593     -1
      1     27      7      2     17      8     12      7      0   2146     -1
      1     27      7      2     18      4     14      2      0   3129     -1
      1     27      7      2     19      2      1      2      1   4408     -1
      1     27      7      2     20      3     13      7      0   2060     -1
      1     27      8      1      1      2      2      4      0   1100   1931
      1     27      8      1      2      4      8      4      1   1531    982
      1     27      8      1      3      1     11     10      0   1881    918
      1     27      8      1      4      9      3      9      1   1007    858
      1     27      8      1      5      1      4      7      0   2351   1028
      1     27      8      1      6      7      8      7      1    804   1026
      1     27      8      1      7      3      7      3      1    900    998
      1     27      8      1      8      2     10      2      1   1770   1174
      1     27      8      1      9      9     13      9      1    933   1045
      1     27      8      1     10      7      1      7      1    882   1163
      1     27      8      1     11      8      3      8      1   1169    749
      1     27      8      1     12      5      7      5      1   1005    845
      1     27      8      1     13      4      4      3      0   1588    960
      1     27      8      1     14      7      6      7      1   1966   1079
      1     27      8      1     15      5      3      5      1   1039    778
      1     27      8      1     16      6      3      6      1    946   1198
      1     27      8      1     17      7      7      7      1    758    957
      1     27      8      1     18      8      8      8      1   1233    916
      1     27      8      1     19      4     11      2      0    815    884
      1     27      8      1     20      8     11      8      1   1072    844
      1     27      8      2      1      3     11      5      0   1526     -1
      1     27      8      2      2      2      7      9      0   1080     -1
      1     27      8      2      3      7     10      7      1   2114     -1
      1     27      8      2      4      4      9      1      0   7392     -1
      1     27      8      2      5      8      9      8      1   1380     -1
      1     27      8      2      6     10      8     10      1   1660     -1
      1     27      8      2      7      6     12      6      1   1015     -1
      1     27      8      2      8      1     10      1      1   2495     -1
      1     27      8      2      9      1      3      1      1   1845     -1
      1     27      8      2     10      5      9      7      0   3295     -1
      1     27      8      2     11      3      9      3      1   3548     -1
      1     27      8      2     12     10     11      2      0   1331     -1
      1     27      8      2     13      5     12      5      1   2564     -1
      1     27      8      2     14      4     15      3      0   3610     -1
      1     27      8      2     15      2      5      2      1   1062     -1
      1     27      8      2     16      9      9      9      1   1177     -1
      1     27      8      2     17      9      7      9      1   1161     -1
      1     27      8      2     18      7     16      7      1   1430     -1
      1     27      8      2     19      6     10      6      1   1260     -1
      1     27      8      2     20      8     14     10      0   1261     -1
      1     27      9      1      1      7      3      7      1    662   1366
      1     27      9      1      2      7      4      7      1   1444    986
      1     27      9      1      3      3     12      7      0    933   2029
      1     27      9      1      4      1      7      8      0   1318   1305
      1     27      9      1      5      5     16      5      1   1519   1357
      1     27      9      1      6      4     11      4      1    912   1886
      1     27      9      1      7      4      8      1      0   2280   1115
      1     27      9      1      8     10      7      1      0   1801   1111
      1     27      9      1      9      2      3      4      0   1146    903
      1     27      9      1     10      3      1      4      0   1199   1490
      1     27      9      1     11     10     13      8      0   1019   1339
      1     27      9      1     12     10      7      3      0   1062   1624
      1     27      9      1     13      1      4     10      0   2742    825
      1     27      9      1     14      4      6      1      0   1307    679
      1     27      9      1     15      6      1      6      1   1079   1148
      1     27      9      1     16      3      3      1      0   1716    704
      1     27      9      1     17      8      4      8      1   1032    916
      1     27      9      1     18      5      5      5      1   1691    939
      1     27      9      1     19      5     13      7      0   2285   2567
      1     27      9      1     20      3      1      4      0   1559    808
      1     27      9      2      1      7     14      7      1   3427     -1
      1     27      9      2      2      6     15      6      1   1363     -1
      1     27      9      2      3      9     14      9      1   1130     -1
      1     27      9      2      4      8      7      8      1   1728     -1
      1     27      9      2      5      2     15      8      0   5726     -1
      1     27      9      2      6      1      1      3      0   2882     -1
      1     27      9      2      7      5      4      5      1   1515     -1
      1     27      9      2      8     10     16      8      0   1844     -1
      1     27      9      2      9      8     16      7      0   3111     -1
      1     27      9      2     10      9     12      1      0   2627     -1
      1     27      9      2     11      3     15      3      1   3265     -1
      1     27      9      2     12      2      9      2      1   1527     -1
      1     27      9      2     13      1      6      3      0   5526     -1
      1     27      9      2     14      4      5     10      0   3443     -1
      1     27      9      2     15      6     16      6      1   2559     -1
      1     27      9      2     16      5     15      5      1   1311     -1
      1     27      9      2     17      7      2      7      1   1794     -1
      1     27      9      2     18     10     10      2      0   1280     -1
      1     27      9      2     19      4      7      8      0   1328     -1
      1     27      9      2     20      3     16      3      1   1698     -1
      1     27     10      1      1      7      8      7      1    804    944
      1     27     10      1      2      1      4      1      1   2086    847
      1     27     10      1      3      9      3      9      1    852   1110
      1     27     10      1      4      1     11     10      0   1183    916
      1     27     10      1      5      4      8      4      1    966   1276
      1     27     10      1      6      2     10      1      0   4380   1151
      1     27     10      1      7      7      6      8      0   2294   1167
      1     27     10      1      8      8     11      4      0   1343   1184
      1     27     10      1      9      1     14      5      0   1287    831
      1     27     10      1     10      2     11      1      0   1276    758
      1     27     10      1     11      2     11      2      1   1883    802
      1     27     10      1     12      9      6      9      1    629   1067
      1     27     10      1     13      3      4      7      0   2422   1499
      1     27     10      1     14      8      2      7      0   1685   1290
      1     27     10      1     15      1      7      3      0    762   2392
      1     27     10      1     16      1     11      1      1   1312   1149
      1     27     10      1     17      9     13      9      1   1067    767
      1     27     10      1     18      5      3      5      1    795    674
      1     27     10      1     19      1      8      4      0   1100    980
      1     27     10      1     20      1      9      4      0   1001    749
      1     27     10      2      1      7     15      7      1    944     -1
      1     27     10      2      2     10      6      5      0   1946     -1
      1     27     10      2      3      1     15      3      0   4644     -1
      1     27     10      2      4      3      2      5      0   1760     -1
      1     27     10      2      5      2     13      2      1   1264     -1
      1     27     10      2      6      8     15      7      0   1531     -1
      1     27     10      2      7      5      2      5      1   1298     -1
      1     27     10      2      8      8     10      8      1   1648     -1
      1     27     10      2      9      9      4      9      1   1031     -1
      1     27     10      2     10      6     14      6      1   1044     -1
      1     27     10      2     11     10      5      8      0   4111     -1
      1     27     10      2     12      3      6      5      0   1113     -1
      1     27     10      2     13      2     12      9      0   1962     -1
      1     27     10      2     14      6      4      6      1   1464     -1
      1     27     10      2     15      4      3      2      0   2096     -1
      1     27     10      2     16      4      1      8      0   1494     -1
      1     27     10      2     17      7     12      3      0   1061     -1
      1     27     10      2     18      9     10      9      1   1276     -1
      1     27     10      2     19      5      1      5      1   2243     -1
      1     27     10      2     20      1      5      1      1   1547     -1
