      1     15      1      1      1      2      4      2      1   9716
      1     15      1      1      2     10     12      1      0   7454
      1     15      1      1      3      9     10      8      0   4713
      1     15      1      1      4      9      5      1      0   4842
      1     15      1      1      5      2     16      4      0   4554
      1     15      1      1      6      5     13      8      0   7554
      1     15      1      1      7      8      2      4      0   2687
      1     15      1      1      8      1      6      3      0  14035
      1     15      1      1      9      1      4      1      1   6950
      1     15      1      1     10      4      4     10      0  10765
      1     15      1      1     11     10     13      1      0   7753
      1     15      1      1     12      3     16      7      0   8219
      1     15      1      1     13      7      8      5      0   4711
      1     15      1      1     14      7      9      7      1   2147
      1     15      1      1     15      4      8      3      0   5587
      1     15      1      1     16      6     12      6      1   1367
      1     15      1      1     17      3     10      4      0   3451
      1     15      1      1     18      8     12     10      0   3254
      1     15      1      1     19      5      7      5      1   1964
      1     15      1      1     20      6      3      6      1   1108
      1     15      1      2      1      4     13      4      1  12382
      1     15      1      2      2      2      7      9      0   2357
      1     15      1      2      3      5      9      5      1   2808
      1     15      1      2      4      3      7      8      0   3560
      1     15      1      2      5      9     13      9      1   1774
      1     15      1      2      6      3      3     10      0   4391
      1     15      1      2      7      1     14      7      0   4008
      1     15      1      2      8      8     10      1      0   2757
      1     15      1      2      9      8      7      1      0   1242
      1     15      1      2     10      4      1      3      0   6225
      1     15      1      2     11      1      7      8      0   2631
      1     15      1      2     12      7      6      4      0   3676
      1     15      1      2     13     10     16     10      1   5744
      1     15      1      2     14      9     11      9      1   2359
      1     15      1      2     15      6      7      6      1   2342
      1     15      1      2     16      6      4      6      1   1111
      1     15      1      2     17     10      3      7      0   7457
      1     15      1      2     18      2     13      4      0   7175
      1     15      1      2     19      5      2      5      1   1909
      1     15      1      2     20      7     12      7      1   4141
      1     15      2      1      1      9      9      9      1   1766
      1     15      2      1      2      7     14      7      1  12091
      1     15      2      1      3      2      3     10      0   5224
      1     15      2      1      4     10      7     10      1   3918
      1     15      2      1      5      7      4      5      0   1607
      1     15      2      1      6      8      8      3      0   2091
      1     15      2      1      7      8      1      4      0   4890
      1     15      2      1      8      6     11      6      1   1035
      1     15      2      1      9      6      6      6      1   1456
      1     15      2      1     10      3      6      5      0   1475
      1     15      2      1     11      5      5      4      0   1771
      1     15      2      1     12      2      8      2      1   1970
      1     15      2      1     13      9     15      9      1   1440
      1     15      2      1     14      1      5      3      0   4974
      1     15      2      1     15      5     16      3      0   2209
      1     15      2      1     16      4      7      4      1   1425
      1     15      2      1     17      3     14     10      0   8962
      1     15      2      1     18     10     15      4      0   1485
      1     15      2      1     19      1      3     10      0   5235
      1     15      2      1     20      4      3      1      0   3759
      1     15      2      2      1      3      9      8      0   9261
      1     15      2      2      2      1      9      2      0   1642
      1     15      2      2      3      9     12      9      1   1378
      1     15      2      2      4      4     14      4      1   2225
      1     15      2      2      5      7      5      7      1   6092
      1     15      2      2      6      7      2      7      1   2908
      1     15      2      2      7      5      1      3      0   3407
      1     15      2      2      8      2      5      2      1   1108
      1     15      2      2      9      6     16      6      1   1309
      1     15      2      2     10      9      2      9      1   1991
      1     15      2      2     11      1      8      2      0   5661
      1     15      2      2     12      5      4      3      0   2146
      1     15      2      2     13     10      9     10      1   9325
      1     15      2      2     14     10      6      7      0   2263
      1     15      2      2     15      2     10      2      1   1557
      1     15      2      2     16      8      9      3      0   3276
      1     15      2      2     17      6     14      6      1   1740
      1     15      2      2     18      3      5      5      0   6224
      1     15      2      2     19      4     12      2      0   6425
      1     15      2      2     20      8     15      8      1   2841
      1     15      3      1      1      7      3     10      0   2570
      1     15      3      1      2     10     10      4      0   4242
      1     15      3      1      3      2     11      9      0   1175
      1     15      3      1      4      8     13     10      0   2741
      1     15      3      1      5      2      6      2      1   1136
      1     15      3      1      6      5      8      5      1   2289
      1     15      3      1      7      9      7      9      1   1061
      1     15      3      1      8      3      1      3      1   4266
      1     15      3      1      9      6     10      6      1   1358
      1     15      3      1     10      8      3      8      1   5948
      1     15      3      1     11     10      2      1      0   2114
      1     15      3      1     12      1      1      2      0   1731
      1     15      3      1     13      4      2      2      0   1077
      1     15      3      1     14      6      9      6      1   1758
      1     15      3      1     15      4      5      4      1   3404
      1     15      3      1     16      5     10     10      0   5178
      1     15      3      1     17      1     12      4      0   1313
      1     15      3      1     18      3      2      7      0   1845
      1     15      3      1     19      7      1     10      0   9184
      1     15      3      1     20      9      3      9      1   1609
      1     15      3      2      1      1     13      3      0  13244
      1     15      3      2      2      8      5      1      0   4008
      1     15      3      2      3      6     13      6      1   1124
      1     15      3      2      4     10      4      7      0  17329
      1     15      3      2      5      5     11      5      1   1175
      1     15      3      2      6      9      6      9      1    958
      1     15      3      2      7      9      4      9      1    892
      1     15      3      2      8      6      1      6      1   1246
      1     15      3      2      9      3     12      5      0   3192
      1     15      3      2     10      4     16      2      0   1692
      1     15      3      2     11      1      2      3      0   3525
      1     15      3      2     12      2      1      2      1   1326
      1     15      3      2     13     10     14      8      0   4026
      1     15      3      2     14      7     13      8      0   1394
      1     15      3      2     15      4      6     10      0   4658
      1     15      3      2     16      5     14      5      1   2207
      1     15      3      2     17      2      9      2      1    942
      1     15      3      2     18      3     11      4      0   1460
      1     15      3      2     19      7     11      6      0   2709
      1     15      3      2     20      8      6      7      0   3910
      1     15      4      1      1      7     14      4      0   3213
      1     15      4      1      2      3      6      5      0   1475
      1     15      4      1      3     10      2      4      0   4482
      1     15      4      1      4      8      3      7      0   2105
      1     15      4      1      5      2      3      4      0   6372
      1     15      4      1      6      3      2     10      0   2376
      1     15      4      1      7      1     12      4      0   1153
      1     15      4      1      8      5     10      1      0   2049
      1     15      4      1      9      5      5      4      0   5993
      1     15      4      1     10      9      9      9      1   1058
      1     15      4      1     11     10     15      1      0   2643
      1     15      4      1     12      2     11      9      0    977
      1     15      4      1     13      8      1      4      0   3184
      1     15      4      1     14      6     11      6      1   1171
      1     15      4      1     15      4      5      7      0   7406
      1     15      4      1     16      4      7      5      0   3333
      1     15      4      1     17      6      9      6      1   1726
      1     15      4      1     18      1      5     10      0   3392
      1     15      4      1     19      7      1      8      0   2053
      1     15      4      1     20      9      3      9      1   1689
      1     15      4      2      1      9     14      9      1   1312
      1     15      4      2      2      9     16      9      1   1792
      1     15      4      2      3      7     10      7      1   3027
      1     15      4      2      4     10      5     10      1   8309
      1     15      4      2      5      4     10      3      0   2741
      1     15      4      2      6      3     13      8      0   4729
      1     15      4      2      7      2     12     10      0   8142
      1     15      4      2      8     10      8      3      0   2556
      1     15      4      2      9      4     11      2      0   2942
      1     15      4      2     10      8     11      1      0   2312
      1     15      4      2     11      1     16      7      0   1909
      1     15      4      2     12      6     15      6      1    975
      1     15      4      2     13      5     15      5      1   1729
      1     15      4      2     14      6      2      6      1   1241
      1     15      4      2     15      1     11      1      1   2358
      1     15      4      2     16      3     15      7      0   3159
      1     15      4      2     17      8     16      3      0   1958
      1     15      4      2     18      2     14      2      1   2158
      1     15      4      2     19      7     15     10      0   4125
      1     15      4      2     20      5      3      4      0   2061
      1     15      5      1      1      4      2      2      0   3965
      1     15      5      1      2      8     13      7      0   2951
      1     15      5      1      3      4      3      3      0   1896
      1     15      5      1      4      1      1      2      0   2603
      1     15      5      1      5      9     15      9      1   1802
      1     15      5      1      6      7      4      5      0   2148
      1     15      5      1      7      3      1      8      0   3207
      1     15      5      1      8      7      3      1      0   2105
      1     15      5      1      9      2      8      2      1    907
      1     15      5      1     10      2      6      2      1    995
      1     15      5      1     11      5      8      3      0   5943
      1     15      5      1     12      6      6      6      1   1328
      1     15      5      1     13      3     14      1      0   6440
      1     15      5      1     14     10     10      1      0   1426
      1     15      5      1     15      6     10      6      1   1067
      1     15      5      1     16      8      8      7      0   3427
      1     15      5      1     17      5     16     10      0   2822
      1     15      5      1     18      1      3      3      0   3606
      1     15      5      1     19     10      7      4      0   5807
      1     15      5      1     20      9      7      9      1   1594
      1     15      5      2      1      1     10      1      1   5341
      1     15      5      2      2      4     15      3      0   2642
      1     15      5      2      3      1     15      8      0   3925
      1     15      5      2      4      2      2      2      1   2008
      1     15      5      2      5      8      4      3      0   5675
      1     15      5      2      6      9      8      9      1   1007
      1     15      5      2      7      3      8      8      0   1492
      1     15      5      2      8      4      9     10      0   4429
      1     15      5      2      9      8     14      4      0   1492
      1     15      5      2     10      3      4      3      1   3726
      1     15      5      2     11      5     12      8      0   3009
      1     15      5      2     12      5      6      5      1   2124
      1     15      5      2     13     10     11      4      0   4492
      1     15      5      2     14      2     15      1      0   6576
      1     15      5      2     15      9      1      9      1   1476
      1     15      5      2     16      6      8      6      1    992
      1     15      5      2     17      7      7      4      0   5291
      1     15      5      2     18     10      1      7      0   1959
      1     15      5      2     19      6      5      6      1   1562
      1     15      5      2     20      7     16      3      0   3164
      1     15      6      1      1      6      3      6      1   1563
      1     15      6      1      2      3     10     10      0   4770
      1     15      6      1      3      9     10      9      1   1157
      1     15      6      1      4      2     16      4      0   8970
      1     15      6      1      5      6     12      6      1   1338
      1     15      6      1      6     10     12      3      0   3218
      1     15      6      1      7      4      4      8      0   2226
      1     15      6      1      8      1      4      1      1   2735
      1     15      6      1      9      1      6     10      0   1948
      1     15      6      1     10      9      5      9      1   1550
      1     15      6      1     11      5     13      8      0   3748
      1     15      6      1     12      7      9      7      1   3497
      1     15      6      1     13      5      7     10      0   4298
      1     15      6      1     14      8     12      3      0   2006
      1     15      6      1     15      7      8      7      1   2240
      1     15      6      1     16      4      8      4      1   2805
      1     15      6      1     17      3     16      3      1   2612
      1     15      6      1     18     10     13      1      0   2191
      1     15      6      1     19      2      4      2      1   1168
      1     15      6      1     20      8      2      8      1   5678
      1     15      6      2      1      8      4      8      1   3379
      1     15      6      2      2      5      6      5      1   1726
      1     15      6      2      3      8      6      3      0   6209
      1     15      6      2      4      6      5      6      1   1508
      1     15      6      2      5      4      9      4      1   2809
      1     15      6      2      6     10      1     10      1   2376
      1     15      6      2      7      3      4      3      1   5091
      1     15      6      2      8      3     11      8      0   2242
      1     15      6      2      9      5     14      5      1   2393
      1     15      6      2     10      4     16      4      1   2042
      1     15      6      2     11      7      7      7      1   3677
      1     15      6      2     12      2     15      2      1   1877
      1     15      6      2     13      9      8      9      1   1274
      1     15      6      2     14     10      4      4      0   1958
      1     15      6      2     15      1     13      8      0   3957
      1     15      6      2     16      1     10     10      0   2759
      1     15      6      2     17      2      1      2      1   1359
      1     15      6      2     18      6      1      6      1   1274
      1     15      6      2     19      7     11      7      1   1442
      1     15      6      2     20      9      6      9      1   1208
      1     15      7      1      1      3      2      8      0   4955
      1     15      7      1      2      2      3      4      0   2158
      1     15      7      1      3      5      5      4      0   1962
      1     15      7      1      4      8      3      8      1   1856
      1     15      7      1      5      6     11      6      1   1290
      1     15      7      1      6      2     11      9      0   3440
      1     15      7      1      7      8      1      2      0   5995
      1     15      7      1      8     10     15      1      0   2392
      1     15      7      1      9      7      1      7      1   1981
      1     15      7      1     10      7     14      7      1   2061
      1     15      7      1     11      5     10      7      0   1380
      1     15      7      1     12      4      7     10      0   3386
      1     15      7      1     13      9      3      9      1   1373
      1     15      7      1     14      3      6      3      1   2873
      1     15      7      1     15     10      2      4      0   1397
      1     15      7      1     16      1     12      1      1   2801
      1     15      7      1     17      9      9      9      1   1010
      1     15      7      1     18      6      9      6      1   1104
      1     15      7      1     19      4      5      4      1   1979
      1     15      7      1     20      1      5     10      0   1493
      1     15      7      2      1      8     14      4      0   8996
      1     15      7      2      2      6      8      6      1   1142
      1     15      7      2      3      6     13      6      1    891
      1     15      7      2      4      9      1      9      1   1443
      1     15      7      2      5      5     12      5      1   2858
      1     15      7      2      6     10     11      2      0   3125
      1     15      7      2      7      7     16      7      1   1396
      1     15      7      2      8      7     13      7      1   1526
      1     15      7      2      9      1      2     10      0   6590
      1     15      7      2     10      4     15      3      0   2092
      1     15      7      2     11      9      4      9      1   1009
      1     15      7      2     12      2      2      2      1   1426
      1     15      7      2     13      2      9      2      1    991
      1     15      7      2     14      4      6      3      0   2357
      1     15      7      2     15      3      8      8      0   1959
      1     15      7      2     16      8      5     10      0   4259
      1     15      7      2     17      1     15      3      0   2292
      1     15      7      2     18      3     12      1      0   2527
      1     15      7      2     19     10     14      4      0   2543
      1     15      7      2     20      5     11      5      1   1958
      1     15      8      1      1      1      3      3      0   9660
      1     15      8      1      2      4      8      4      1   2951
      1     15      8      1      3      2      8      2      1    961
      1     15      8      1      4      6      6      6      1   1090
      1     15      8      1      5      8      8      8      1   5083
      1     15      8      1      6      7      9      7      1   1452
      1     15      8      1      7      9     15      9      1   2901
      1     15      8      1      8      9      5      9      1   1060
      1     15      8      1      9      4      3     10      0   3906
      1     15      8      1     10      8     12      8      1   2155
      1     15      8      1     11      5     16      8      0   1738
      1     15      8      1     12      2      4      2      1   1056
      1     15      8      1     13      5      7      5      1   3056
      1     15      8      1     14      3     10      3      1   2509
      1     15      8      1     15     10     12     10      1   3403
      1     15      8      1     16      3     14      3      1   1681
      1     15      8      1     17      7      4      8      0   3422
      1     15      8      1     18     10      7      4      0   2350
      1     15      8      1     19      6     12      6      1   1259
      1     15      8      1     20      1      6      3      0   3489
      1     15      8      2      1      8     15      8      1   3879
      1     15      8      2      2      5      3      5      1   2892
      1     15      8      2      3     10      5     10      1   2528
      1     15      8      2      4      6     14      6      1   1141
      1     15      8      2      5      7     10      7      1   1275
      1     15      8      2      6      1      8      4      0   3875
      1     15      8      2      7      7      5      7      1   2226
      1     15      8      2      8      6      2      6      1   1308
      1     15      8      2      9     10      6     10      1   2741
      1     15      8      2     10      9     12      9      1   1379
      1     15      8      2     11      9     16      9      1   1157
      1     15      8      2     12      4     14      4      1   4258
      1     15      8      2     13      1     16      8      0   3192
      1     15      8      2     14      8     11      1      0   1926
      1     15      8      2     15      3      9      3      1   1808
      1     15      8      2     16      2      5      2      1   1125
      1     15      8      2     17      2     14      9      0   6192
      1     15      8      2     18      5      1      8      0   2226
      1     15      8      2     19      3     13      8      0   1209
      1     15      8      2     20      4     10      2      0   1957
      1     15      9      1      1      3      1      3      1  10632
      1     15      9      1      2      1      1      3      0   1916
      1     15      9      1      3      7      3      7      1   1152
      1     15      9      1      4      3     16      3      1   3933
      1     15      9      1      5     10     13      1      0   3246
      1     15      9      1      6      7      8      7      1   1462
      1     15      9      1      7      2     16      4      0   2347
      1     15      9      1      8     10     10      1      0   4707
      1     15      9      1      9      9     10      9      1   1184
      1     15      9      1     10      6      3      6      1   1229
      1     15      9      1     11      1      4      1      1   5816
      1     15      9      1     12      8      2      8      1   1867
      1     15      9      1     13      2      6      2      1    971
      1     15      9      1     14      5      8      8      0   2352
      1     15      9      1     15      4      2      4      1   1920
      1     15      9      1     16      9      7      9      1   1113
      1     15      9      1     17      6     10      6      1   1003
      1     15      9      1     18      5     13      8      0   1520
      1     15      9      1     19      8     13      7      0   1380
      1     15      9      1     20      4      4      3      0   4657
      1     15      9      2      1      1     14     10      0  10513
      1     15      9      2      2      8      7      8      1   4158
      1     15      9      2      3      9     11      9      1   4126
      1     15      9      2      4      9     14      9      1    958
      1     15      9      2      5      2      7      9      0   1158
      1     15      9      2      6      7      6      7      1   3342
      1     15      9      2      7      1     11      1      1   5641
      1     15      9      2      8      4      1     10      0   7908
      1     15      9      2      9      3      7      3      1   3258
      1     15      9      2     10     10      8      2      0   3024
      1     15      9      2     11      8     16      8      1   2492
      1     15      9      2     12     10      3     10      1   3741
      1     15      9      2     13      4     11      2      0   6076
      1     15      9      2     14      7     15      7      1   1375
      1     15      9      2     15      5     15      5      1   2293
      1     15      9      2     16      2     12      4      0   3426
      1     15      9      2     17      6     15      6      1   1292
      1     15      9      2     18      6      7      6      1   1858
      1     15      9      2     19      3     15      3      1   3326
      1     15      9      2     20      5      2      5      1   3909
      1     15     10      1      1      1      5      1      1   1627
      1     15     10      1      2      2     11      9      0   1510
      1     15     10      1      3      8      1      4      0   1403
      1     15     10      1      4      3      6      5      0   2724
      1     15     10      1      5      4      5      4      1   1904
      1     15     10      1      6      8      3      8      1   1453
      1     15     10      1      7      3      2      3      1   4655
      1     15     10      1      8      6      9      6      1   1676
      1     15     10      1      9      9      3      9      1   1534
      1     15     10      1     10      6     11      6      1   1150
      1     15     10      1     11      2      3      4      0   1427
      1     15     10      1     12      5      5      7      0   6290
      1     15     10      1     13      1     12      1      1   1756
      1     15     10      1     14      5     10      1      0   3262
      1     15     10      1     15     10     15      1      0   1158
      1     15     10      1     16      7      1      7      1   1525
      1     15     10      1     17      9      9      9      1    980
      1     15     10      1     18      7     14      7      1   1511
      1     15     10      1     19      4      7      1      0   1761
      1     15     10      1     20     10      2      3      0   1338
      1     15     10      2      1      1      7     10      0   5330
      1     15     10      2      2      6      4      6      1   1109
      1     15     10      2      3      3      3      3      1   1908
      1     15     10      2      4      6     16      6      1   1224
      1     15     10      2      5      7     12      7      1   1759
      1     15     10      2      6      8      9      8      1   1275
      1     15     10      2      7      2     13      4      0   6591
      1     15     10      2      8      4     12      3      0   6641
      1     15     10      2      9     10      9      3      0   2642
      1     15     10      2     10      3      5     10      0   4025
      1     15     10      2     11      7      2      7      1   1926
      1     15     10      2     12     10     16      2      0   4925
      1     15     10      2     13      1      9      2      0   2691
      1     15     10      2     14      5      9      7      0   1708
      1     15     10      2     15      2     10      2      1   1909
      1     15     10      2     16      9     13      9      1   2425
      1     15     10      2     17      9      2      9      1   1458
      1     15     10      2     18      4     13      4      1   4675
      1     15     10      2     19      8     10      8      1   1276
      1     15     10      2     20      5      4      5      1   1446
