      1      9      1      1      1      8     13      2      0  11430  27250
      1      9      1      1      2      5      1      1      0  14303   9093
      1      9      1      1      3      6      3      6      1   3211   6003
      1      9      1      1      4      6      9      6      1   2722   4722
      1      9      1      1      5      5     13      5      1   3328   2308
      1      9      1      1      6      8     11      8      1   1951   3600
      1      9      1      1      7      1      3      2      0   5314   5257
      1      9      1      1      8      4      3      4      1   9436   5067
      1      9      1      1      9      4      1      4      1   1415   5304
      1      9      1      1     10      7     14      2      0   2820   1612
      1      9      1      1     11      8      3      7      0   2578  14959
      1      9      1      1     12      1      5      8      0   1652   4595
      1      9      1      1     13      7     13     10      0   6779  12427
      1      9      1      1     14      7     14      7      1   2346   1817
      1      9      1      1     15      7     16      2      0   1637  13101
      1      9      1      1     16      9     13      9      1   1671   4291
      1      9      1      1     17      9      9      9      1   2492   6615
      1      9      1      1     18      1      7      8      0   2604   5740
      1      9      1      1     19      1      5      1      1   3307   8814
      1      9      1      1     20      5     15      3      0   1770   3264
      1      9      1      2      1      5      7      8      0  13354     -1
      1      9      1      2      2     10     15      1      0  19040     -1
      1      9      1      2      3      1      1      5      0  23614     -1
      1      9      1      2      4      3     10      8      0   8176     -1
      1      9      1      2      5      4      4      4      1  15757     -1
      1      9      1      2      6      9      3      9      1   1659     -1
      1      9      1      2      7      7     15      1      0  28809     -1
      1      9      1      2      8      1      6      7      0   3294     -1
      1      9      1      2      9      8      7      2      0   3594     -1
      1      9      1      2     10      2     12      9      0   9677     -1
      1      9      1      2     11      5      8      8      0   6276     -1
      1      9      1      2     12      9      8      9      1   2178     -1
      1      9      1      2     13      2      7      9      0   2376     -1
      1      9      1      2     14     10      3      5      0  13510     -1
      1      9      1      2     15      7     11     10      0  15210     -1
      1      9      1      2     16      6     12      6      1   1397     -1
      1      9      1      2     17      6      5      6      1   3845     -1
      1      9      1      2     18      3     11      8      0   7509     -1
      1      9      1      2     19      4      5      3      0  15059     -1
      1      9      1      2     20      8      8      1      0   8993     -1
      1      9      2      1      1      7     14      4      0   3129  13357
      1      9      2      1      2      7      7      7      1   1787   5820
      1      9      2      1      3      1      5      1      1   2234   1891
      1      9      2      1      4      5      4      8      0   2176   2163
      1      9      2      1      5      3     16      8      0   1274   2282
      1      9      2      1      6      5      6      3      0   3404   6966
      1      9      2      1      7      5     15      4      0   1063   6799
      1      9      2      1      8     10      8      9      0   3191  20645
      1      9      2      1      9     10      5     10      1   1230   3681
      1      9      2      1     10      9     10      9      1   1826   1703
      1      9      2      1     11     10      9     10      1   1726    951
      1      9      2      1     12      4     15      3      0   2727   1407
      1      9      2      1     13      2     15      4      0   2217   5543
      1      9      2      1     14      1     13      2      0   3461   1929
      1      9      2      1     15      4      2      4      1   5237   2038
      1      9      2      1     16      6      1      4      0   8001   2631
      1      9      2      1     17      3      2      3      1   2102   3870
      1      9      2      1     18     10     11     10      1   7233   3170
      1      9      2      1     19      4      3      1      0   1885   1204
      1      9      2      1     20      3      6      1      0   5274   2212
      1      9      2      2      1      1     16      7      0  19080     -1
      1      9      2      2      2      5      9      7      0   5827     -1
      1      9      2      2      3      2     16     10      0  20193     -1
      1      9      2      2      4      8      5      1      0   3694     -1
      1      9      2      2      5      9      2      9      1   6011     -1
      1      9      2      2      6     10      7      2      0   7127     -1
      1      9      2      2      7      5     16      7      0   6360     -1
      1      9      2      2      8      7      1      7      1  15677     -1
      1      9      2      2      9      2     11     10      0  24077     -1
      1      9      2      2     10      6      7      6      1   3461     -1
      1      9      2      2     11      7     12      8      0   8110     -1
      1      9      2      2     12     10     13      1      0   3594     -1
      1      9      2      2     13      9     14      9      1   1810     -1
      1      9      2      2     14      4     11      1      0  23728     -1
      1      9      2      2     15      6     10      6      1   1593     -1
      1      9      2      2     16      8      4      1      0   4827     -1
      1      9      2      2     17      3      1      8      0   4412     -1
      1      9      2      2     18      4      8      2      0   4995     -1
      1      9      2      2     19      3      4      3      1   2894     -1
      1      9      2      2     20      1     12      1      1   2209     -1
      1      9      3      1      1      7      6      1      0   2536   7577
      1      9      3      1      2      3      7      1      0   1835  13499
      1      9      3      1      3      7     16      7      1   4426   4976
      1      9      3      1      4      1     13      2      0   1022   2872
      1      9      3      1      5      1     15      1      1   2431   3793
      1      9      3      1      6     10      9     10      1   1692   4146
      1      9      3      1      7     10     11      4      0   1751   3562
      1      9      3      1      8     10      8     10      1   1365   4368
      1      9      3      1      9      2      8      2      1   1657   1773
      1      9      3      1     10      7     14      7      1   1159   4327
      1      9      3      1     11      5      4      8      0   1789   1823
      1      9      3      1     12      4      3      5      0   4382   3586
      1      9      3      1     13      3      6      1      0   1668  12752
      1      9      3      1     14      5     15      3      0   1452   6441
      1      9      3      1     15      5      6      3      0   1688   3542
      1      9      3      1     16      3      5      5      0   8071   4119
      1      9      3      1     17      1      7      8      0   2680   9755
      1      9      3      1     18      1      5      1      1   4286  10294
      1      9      3      1     19      4     15      5      0   3321   3804
      1      9      3      1     20      1      3      8      0   1087   2952
      1      9      3      2      1     10      6      1      0  26463     -1
      1      9      3      2      2      8      2      7      0  11860     -1
      1      9      3      2      3      6     15      6      1   2444     -1
      1      9      3      2      4      5     12      5      1   5893     -1
      1      9      3      2      5      4     16      4      1   1811     -1
      1      9      3      2      6      8     14      7      0  28276     -1
      1      9      3      2      7      1     10      1      1   7927     -1
      1      9      3      2      8      2     13      4      0   6844     -1
      1      9      3      2      9     10      4     10      1   7428     -1
      1      9      3      2     10      9      6      9      1   2260     -1
      1      9      3      2     11      6      2      6      1   1960     -1
      1      9      3      2     12      1      4      1      1   3492     -1
      1      9      3      2     13      9      7      9      1   2910     -1
      1      9      3      2     14      7      3      7      1   3377     -1
      1      9      3      2     15      2     14      4      0   6327     -1
      1      9      3      2     16      5      3      5      1   1644     -1
      1      9      3      2     17      4      7      1      0   2760     -1
      1      9      3      2     18      7     10      7      1   1527     -1
      1      9      3      2     19      3      3      3      1   3994     -1
      1      9      3      2     20      3     15      3      1   9377     -1
      1      9      4      1      1      4     15      4      1   1446  11008
      1      9      4      1      2      4      2      2      0   1586   1089
      1      9      4      1      3      2      8      2      1    859   7953
      1      9      4      1      4     10      8     10      1   1276   2049
      1      9      4      1      5      7     14      7      1   1079   1160
      1      9      4      1      6     10      5     10      1   3435   1123
      1      9      4      1      7      8     11      1      0   2635   1055
      1      9      4      1      8      8     12      8      1   4016   1306
      1      9      4      1      9      8     13      8      1   2600   2776
      1      9      4      1     10      4     12      1      0   6527   1212
      1      9      4      1     11      9      4      9      1   1673    938
      1      9      4      1     12      1     11      1      1   3885    926
      1      9      4      1     13     10      5     10      1   5050   1697
      1      9      4      1     14      2      2      2      1   1484   1304
      1      9      4      1     15      2      1      4      0   5518   2580
      1      9      4      1     16      6      9      6      1    887   1266
      1      9      4      1     17     10     11     10      1    942   1247
      1      9      4      1     18      3      5      3      1   2524   1134
      1      9      4      1     19      6     14      6      1   2927   1310
      1      9      4      1     20     10     14      1      0   2276   1017
      1      9      4      2      1      7      9      7      1   2397     -1
      1      9      4      2      2      9      5      9      1   2094     -1
      1      9      4      2      3      6      4      6      1   1777     -1
      1      9      4      2      4      4     10      2      0   3511     -1
      1      9      4      2      5      8      6      8      1   1743     -1
      1      9      4      2      6      2      3      4      0   8027     -1
      1      9      4      2      7      8      1      2      0   3095     -1
      1      9      4      2      8      1      8      1      1  11131     -1
      1      9      4      2      9      3      8      3      1   1393     -1
      1      9      4      2     10      7      8      7      1   1610     -1
      1      9      4      2     11      5     11      5      1   1777     -1
      1      9      4      2     12      4     14      4      1   2309     -1
      1      9      4      2     13     10     10      1      0   1561     -1
      1      9      4      2     14      2     10      4      0   3345     -1
      1      9      4      2     15      5      2      5      1   3160     -1
      1      9      4      2     16      6     11      6      1   1178     -1
      1      9      4      2     17      3     14      3      1   4861     -1
      1      9      4      2     18      9      1     10      0   2347     -1
      1      9      4      2     19      1     14      1      1   3110     -1
      1      9      4      2     20     10      1      4      0   7493     -1
      1      9      5      1      1     10     14      1      0   3668   3271
      1      9      5      1      2      6      1      6      1   2207    970
      1      9      5      1      3      1      3      1      1   1666   1177
      1      9      5      1      4      1      7      1      1   1681    930
      1      9      5      1      5      8     13      8      1   1677   1277
      1      9      5      1      6      8     10      8      1   1237   1284
      1      9      5      1      7      6      8      6      1   1562    899
      1      9      5      1      8      7      2      5      0   2383    877
      1      9      5      1      9      7     16      7      1    950   1256
      1      9      5      1     10     10      9     10      1   3758    740
      1      9      5      1     11      7      6      7      1    993    885
      1      9      5      1     12      9      9      9      1   1480    749
      1      9      5      1     13      3     13      3      1   1901   1040
      1      9      5      1     14      1     13      1      1   1887   1087
      1      9      5      1     15      6      3      6      1    799   2861
      1      9      5      1     16      4     15      4      1   5091   8269
      1      9      5      1     17      4      2      2      0   1205    743
      1      9      5      1     18      5     10      5      1   1719   1285
      1      9      5      1     19      7      7      7      1   6275   1265
      1      9      5      1     20      2     15      4      0   2489   1527
      1      9      5      2      1      4      6      2      0   6179     -1
      1      9      5      2      2      1      2      1      1   6660     -1
      1      9      5      2      3      8     15      8      1   1560     -1
      1      9      5      2      4     10     12      5      0   3076     -1
      1      9      5      2      5      8      9      1      0   6827     -1
      1      9      5      2      6      7      5      7      1   1560     -1
      1      9      5      2      7      7      4      7      1   3160     -1
      1      9      5      2      8      1      9     10      0   4211     -1
      1      9      5      2      9     10      2      5      0   6409     -1
      1      9      5      2     10      4      9      4      1   6062     -1
      1      9      5      2     11      2      9      2      1   1811     -1
      1      9      5      2     12      6     13      6      1   1394     -1
      1      9      5      2     13      2      5      4      0   8461     -1
      1      9      5      2     14      9     16      9      1   2427     -1
      1      9      5      2     15      6      6      6      1   2126     -1
      1      9      5      2     16      9     12      9      1   1844     -1
      1      9      5      2     17      3     12      3      1   3261     -1
      1      9      5      2     18      5      5      5      1   1677     -1
      1      9      5      2     19      5     14      3      0   1276     -1
      1      9      5      2     20      3      9      3      1   1443     -1
      1      9      6      1      1      2      1      4      0   3477  17237
      1      9      6      1      2      2      8      2      1   2411   1128
      1      9      6      1      3      4      2      4      1   1118   3400
      1      9      6      1      4      4      2      4      1   2863   2812
      1      9      6      1      5      5     10      5      1   1032    766
      1      9      6      1      6      7      7      7      1   1577    722
      1      9      6      1      7      2     15      4      0   3756   1394
      1      9      6      1      8      3      6      3      1   1688   9368
      1      9      6      1      9      8     12      8      1    893   2213
      1      9      6      1     10      9     10      9      1    946    964
      1      9      6      1     11      1      5      1      1   1098   1012
      1      9      6      1     12      2      4      2      1   1696    980
      1      9      6      1     13      7     13      7      1   2747   1405
      1      9      6      1     14      1     15      1      1   2076   1489
      1      9      6      1     15      3      7      3      1   2317   1040
      1      9      6      1     16      5      4      3      0   3620   1070
      1      9      6      1     17     10     16     10      1   3498   1143
      1      9      6      1     18      4     13      4      1   4805   3922
      1      9      6      1     19      4     15      4      1    859   4502
      1      9      6      1     20      4      2      4      1   2142   3148
      1      9      6      2      1      8      9      4      0  20330     -1
      1      9      6      2      2     10     12      5      0   3011     -1
      1      9      6      2      3      9     16      9      1   2544     -1
      1      9      6      2      4      7      5      7      1   1627     -1
      1      9      6      2      5      3      1      5      0  14659     -1
      1      9      6      2      6      3      9      3      1   1611     -1
      1      9      6      2      7      7     12      7      1   1610     -1
      1      9      6      2      8     10     13      5      0   3077     -1
      1      9      6      2      9      5      5      5      1   2009     -1
      1      9      6      2     10      9      2      9      1   1460     -1
      1      9      6      2     11      6     13      6      1   1444     -1
      1      9      6      2     12      2      9      2      1   2529     -1
      1      9      6      2     13      4     11      5      0  19760     -1
      1      9      6      2     14      5     16      5      1   3693     -1
      1      9      6      2     15      1     12      1      1   1961     -1
      1      9      6      2     16      8      4      1      0   5610     -1
      1      9      6      2     17      1      9      1      1  39828     -1
      1      9      6      2     18      2     16      4      0   9026     -1
      1      9      6      2     19      6      7      6      1   1110     -1
      1      9      6      2     20      4      9      4      1  22711     -1
      1      9      7      1      1      8      3      1      0   1561  22153
      1      9      7      1      2      3      2      3      1   1517   3041
      1      9      7      1      3      1      5      1      1   1423   3364
      1      9      7      1      4      2      4      2      1   1702   1121
      1      9      7      1      5      7     13      7      1   1683   1828
      1      9      7      1      6      1     15      1      1   2283   4347
      1      9      7      1      7      3      7      3      1    951   2171
      1      9      7      1      8      5      4      5      1   1550    794
      1      9      7      1      9     10     16     10      1   3693   1082
      1      9      7      1     10      4     13      4      1   2657   1591
      1      9      7      1     11      4      1      1      0   4199   2041
      1      9      7      1     12      4      2      4      1   4018   7874
      1      9      7      1     13      8     16      8      1   1874   4229
      1      9      7      1     14      5      6      3      0    943   5196
      1      9      7      1     15      7     14      7      1   1177   1360
      1      9      7      1     16      9     15      9      1   1298   2191
      1      9      7      1     17     10      8     10      1   1750   1863
      1      9      7      1     18      9     13     10      0   2312   1161
      1      9      7      1     19      5     15      3      0    851   1418
      1      9      7      1     20      3      2      3      1   3106   3084
      1      9      7      2      1      5      8      5      1   3947     -1
      1      9      7      2      2      4      4      1      0  21877     -1
      1      9      7      2      3     10      1     10      1   4793     -1
      1      9      7      2      4      6      4      6      1   1444     -1
      1      9      7      2      5      7     15      7      1   1677     -1
      1      9      7      2      6      3     14      3      1   1695     -1
      1      9      7      2      7      5     11      5      1   1244     -1
      1      9      7      2      8      4     14      4      1   2242     -1
      1      9      7      2      9      1      1      1      1  20343     -1
      1      9      7      2     10      6      5      6      1   2026     -1
      1      9      7      2     11      3     10      5      0   8544     -1
      1      9      7      2     12      7      9      7      1   1162     -1
      1      9      7      2     13      9      5      9      1   1643     -1
      1      9      7      2     14      8      8      8      1   1543     -1
      1      9      7      2     15      8      1      2      0   2848     -1
      1      9      7      2     16      2      3      4      0  14844     -1
      1      9      7      2     17     10     15      1      0  13745     -1
      1      9      7      2     18      1     14      5      0  17777     -1
      1      9      7      2     19      2      7      9      0   3910     -1
      1      9      7      2     20      9      8      9      1   2394     -1
      1      9      8      1      1     10      8     10      1   2672   5724
      1      9      8      1      2      9     13     10      0   2678    917
      1      9      8      1      3      5     15      5      1   1162   1194
      1      9      8      1      4      3      2      3      1   1151   1679
      1      9      8      1      5      1     11      1      1   1480  10418
      1      9      8      1      6      4     12      1      0   2380   1700
      1      9      8      1      7      1     13      1      1   1873   3477
      1      9      8      1      8      4      1      8      0   4561   1472
      1      9      8      1      9      3     13      3      1   2814  10222
      1      9      8      1     10      8     10      8      1    987   2103
      1      9      8      1     11      3      5      3      1   1653   1463
      1      9      8      1     12     10      5     10      1   2569   2775
      1      9      8      1     13     10     11     10      1   3248   1846
      1      9      8      1     14     10      5     10      1   3889   2805
      1      9      8      1     15     10      8     10      1   3657   2245
      1      9      8      1     16     10     14     10      1   3236   8765
      1      9      8      1     17      7     13      1      0   2210   6811
      1      9      8      1     18      4      3      1      0   1870   2250
      1      9      8      1     19      5      6      3      0    786   1808
      1      9      8      1     20      3      6      3      1   1683   3061
      1      9      8      2      1      1      8      4      0  18681     -1
      1      9      8      2      2      6     12      6      1   1227     -1
      1      9      8      2      3      6     11      6      1   1143     -1
      1      9      8      2      4      9      1      9      1   4076     -1
      1      9      8      2      5     10     10      1      0   9794     -1
      1      9      8      2      6      8      7      8      1   1610     -1
      1      9      8      2      7      5      7      5      1   4111     -1
      1      9      8      2      8      3      8      3      1   2063     -1
      1      9      8      2      9      4      5      4      1   8893     -1
      1      9      8      2     10      4     10      4      1  18860     -1
      1      9      8      2     11      7      8      7      1   1693     -1
      1      9      8      2     12      2     10      2      1   8310     -1
      1      9      8      2     13      8      6      8      1   2293     -1
      1      9      8      2     14      1      6      1      1   4062     -1
      1      9      8      2     15      2     12     10      0  11643     -1
      1      9      8      2     16      5      2      5      1   2042     -1
      1      9      8      2     17      7     11      7      1   2927     -1
      1      9      8      2     18      3     11      5      0   6027     -1
      1      9      8      2     19      9      3      9      1   4476     -1
      1      9      8      2     20     10      3     10      1  15663     -1
      1      9      9      1      1      8     11      1      0   3445   9299
      1      9      9      1      2      8     13      8      1   1124   1755
      1      9      9      1      3      9     10      9      1   1465   1075
      1      9      9      1      4      9     15      9      1   1138   1298
      1      9      9      1      5      8     13      8      1    959    510
      1      9      9      1      6      4      3      5      0   4183    847
      1      9      9      1      7      3      2      3      1   1013   8843
      1      9      9      1      8      4      3      4      1    795   3391
      1      9      9      1      9      3      6      3      1    924   2067
      1      9      9      1     10      5     15      5      1    949   1061
      1      9      9      1     11      4      1      8      0   1837   1201
      1      9      9      1     12      7      6      7      1   1023   9900
      1      9      9      1     13      3      5      5      0   4236    974
      1      9      9      1     14      9      9      9      1    825   4243
      1      9      9      1     15     10      8     10      1   1286   1106
      1      9      9      1     16     10      5     10      1   1306   3462
      1      9      9      1     17      2      1      2      1   7307   4266
      1      9      9      1     18      4      1      4      1   2651  12014
      1      9      9      1     19      4      3      4      1   1035   1270
      1      9      9      1     20      8     16      8      1   1249   4159
      1      9      9      2      1      6     15      6      1   1697     -1
      1      9      9      2      2      1     10      1      1  13844     -1
      1      9      9      2      3      2      5     10      0  34511     -1
      1      9      9      2      4      7     10      8      0   2344     -1
      1      9      9      2      5      3     15      3      1   5877     -1
      1      9      9      2      6     10      4     10      1   1960     -1
      1      9      9      2      7      2     13      4      0   3511     -1
      1      9      9      2      8      8     14      8      1   1944     -1
      1      9      9      2      9      5      3      5      1   1543     -1
      1      9      9      2     10      4     16      4      1   1345     -1
      1      9      9      2     11      4      6      2      0   4411     -1
      1      9      9      2     12      9     12     10      0   5911     -1
      1      9      9      2     13      9      6      9      1   1593     -1
      1      9      9      2     14      7      4      5      0   3378     -1
      1      9      9      2     15      3     12      3      1   3310     -1
      1      9      9      2     16      1      2      7      0   6876     -1
      1      9      9      2     17      5     14      5      1   4378     -1
      1      9      9      2     18      8     15      8      1   1343     -1
      1      9      9      2     19      6      6      6      1   1660     -1
      1      9      9      2     20     10      2      5      0   3427     -1
      1      9     10      1      1     10      9     10      1   3666   1766
      1      9     10      1      2      3      7      3      1   1394   2030
      1      9     10      1      3      5      6      3      0   2117   4264
      1      9     10      1      4      5     15      5      1   1036   1531
      1      9     10      1      5     10     14     10      1   1205   3592
      1      9     10      1      6      4     12      4      1   2764   4403
      1      9     10      1      7      4      3      4      1   1075   5312
      1      9     10      1      8      3      6      3      1   2611    704
      1      9     10      1      9      7     14      7      1    840   1888
      1      9     10      1     10      3      2      3      1    992   1247
      1      9     10      1     11     10      9     10      1   1143   1033
      1      9     10      1     12      8     11      8      1   1753   1614
      1      9     10      1     13      9     10      9      1    703    531
      1      9     10      1     14      9     11      9      1    996    751
      1      9     10      1     15      3     16      3      1   4801    926
      1      9     10      1     16      4      2      2      0   7098   1091
      1      9     10      1     17      4      2      4      1   3253   4625
      1      9     10      1     18      2      8      2      1   2556   1166
      1      9     10      1     19      2      4      2      1   1626   2950
      1      9     10      1     20      6     14      6      1   1662   5177
      1      9     10      2      1      1      4     10      0  13597     -1
      1      9     10      2      2      4      8      4      1  19294     -1
      1      9     10      2      3      9     14      9      1   1627     -1
      1      9     10      2      4      3      4      3      1  13978     -1
      1      9     10      2      5      5      9      5      1   1677     -1
      1      9     10      2      6     10      6     10      1   2177     -1
      1      9     10      2      7      6     10      6      1   1460     -1
      1      9     10      2      8     10      7     10      1   3127     -1
      1      9     10      2      9      6      2      6      1   1644     -1
      1      9     10      2     10      5     12      5      1   1543     -1
      1      9     10      2     11      7      1      7      1   1527     -1
      1      9     10      2     12      4      7      7      0   3111     -1
      1      9     10      2     13      8      2      8      1   1276     -1
      1      9     10      2     14      9      7      9      1   1611     -1
      1      9     10      2     15      8      5      8      1   1844     -1
      1      9     10      2     16      7      3      7      1   1228     -1
      1      9     10      2     17      3      3      4      0   5776     -1
      1      9     10      2     18      1     16      1      1   2843     -1
      1      9     10      2     19      2     14      4      0  11927     -1
      1      9     10      2     20      2     11      2      1   3044     -1
