      1     12      1      1      1      3      3      5      0   5156
      1     12      1      1      2      5      4      5      1   3942
      1     12      1      1      3      6      3      2      0   2868
      1     12      1      1      4      9     15     10      0   4313
      1     12      1      1      5      3     10      9      0   1653
      1     12      1      1      6     10     12      8      0   5456
      1     12      1      1      7      7      6     10      0   4467
      1     12      1      1      8      7     14      7      1   3522
      1     12      1      1      9      6     12      7      0   4093
      1     12      1      1     10      9      6      1      0   2068
      1     12      1      1     11      8     10      5      0   3415
      1     12      1      1     12      1      2      8      0   5505
      1     12      1      1     13      2      9      2      1   4320
      1     12      1      1     14      2      1      2      1   2176
      1     12      1      1     15     10     11      4      0   4737
      1     12      1      1     16      4      8      7      0   4717
      1     12      1      1     17      5     12      5      1   2754
      1     12      1      1     18      1      8      1      1   7440
      1     12      1      1     19      8      8      4      0   2433
      1     12      1      1     20      4      4      8      0   2982
      1     12      1      2      1      8     13      4      0   2761
      1     12      1      2      2      8     14     10      0   7151
      1     12      1      2      3      9      9      7      0   3033
      1     12      1      2      4      3      9      5      0   5066
      1     12      1      2      5     10      7      1      0   3529
      1     12      1      2      6      4      1      8      0   2247
      1     12      1      2      7      5     11      5      1   1448
      1     12      1      2      8      3      2      4      0   2600
      1     12      1      2      9      7     16      8      0   5019
      1     12      1      2     10      2     15      2      1   2031
      1     12      1      2     11     10     14      2      0   3482
      1     12      1      2     12      4     15      7      0   3717
      1     12      1      2     13      6      4      6      1   1963
      1     12      1      2     14      7      7      8      0   3149
      1     12      1      2     15      1      5     10      0   3251
      1     12      1      2     16      1     15      5      0   1832
      1     12      1      2     17      9      4      9      1   3517
      1     12      1      2     18      2      6      1      0   2683
      1     12      1      2     19      5      9      5      1   1748
      1     12      1      2     20      6      1      6      1   1499
      1     12      2      1      1      7      2      9      0   5115
      1     12      2      1      2      9     12      2      0   1417
      1     12      2      1      3      9      5      2      0   2411
      1     12      2      1      4      2     14      9      0   1819
      1     12      2      1      5      3      6      5      0   1327
      1     12      2      1      6      4      2      8      0   5575
      1     12      2      1      7      6     10      6      1   1606
      1     12      2      1      8      4     16      1      0   2397
      1     12      2      1      9     10      8      2      0   1543
      1     12      2      1     10      8      6      4      0   2745
      1     12      2      1     11      2     11      3      0   1716
      1     12      2      1     12      5      8      5      1   1103
      1     12      2      1     13      6      6      6      1   1842
      1     12      2      1     14      5      2      8      0   2234
      1     12      2      1     15      7      4      5      0   1186
      1     12      2      1     16     10      6      2      0   5061
      1     12      2      1     17      1     10      9      0   2717
      1     12      2      1     18      3      1      8      0   2736
      1     12      2      1     19      1      6      3      0   2573
      1     12      2      1     20      8      9      4      0   1855
      1     12      2      2      1     10      1      1      0   7991
      1     12      2      2      2      2     16      2      1   2232
      1     12      2      2      3      6     15      6      1   1230
      1     12      2      2      4      1      7      8      0   3267
      1     12      2      2      5      8     16      4      0   2699
      1     12      2      2      6      1     13      1      1   5985
      1     12      2      2      7      3     16      5      0   1313
      1     12      2      2      8      9     11     10      0   2316
      1     12      2      2      9      2      8      2      1   2496
      1     12      2      2     10      8      4      7      0   3650
      1     12      2      2     11      6      8      6      1   1330
      1     12      2      2     12      7      9      4      0   3184
      1     12      2      2     13     10     10      2      0   5169
      1     12      2      2     14      7      8      6      0   2450
      1     12      2      2     15      9     10      9      1   2599
      1     12      2      2     16      5     16      9      0   3183
      1     12      2      2     17      4      7      7      0   2116
      1     12      2      2     18      5      3      5      1   1314
      1     12      2      2     19      4     14      2      0   2015
      1     12      2      2     20      3      7      4      0   1864
      1     12      3      1      1      5     15      5      1   1849
      1     12      3      1      2      2      3      9      0   3329
      1     12      3      1      3      9      2     10      0   1770
      1     12      3      1      4      2      4      7      0   2665
      1     12      3      1      5      6      7      6      1   1166
      1     12      3      1      6      9     16      9      1   3399
      1     12      3      1      7     10      9     10      1   2358
      1     12      3      1      8      6     14      6      1   1258
      1     12      3      1      9     10      2      1      0   2458
      1     12      3      1     10      3     15      4      0   3007
      1     12      3      1     11      3      8      5      0   2044
      1     12      3      1     12      5      7      5      1   1777
      1     12      3      1     13      7     10      7      1   2003
      1     12      3      1     14      1     11      2      0   2178
      1     12      3      1     15      8      2      4      0   1787
      1     12      3      1     16      4     12      2      0   3807
      1     12      3      1     17      4     11      4      1   1627
      1     12      3      1     18      1      3      1      1   1957
      1     12      3      1     19      7      5      6      0   1834
      1     12      3      1     20      8      5      8      1   2538
      1     12      3      2      1      3     14      7      0   2219
      1     12      3      2      2      4     13      1      0   3384
      1     12      3      2      3      8     11     10      0   4985
      1     12      3      2      4     10      4      2      0   3884
      1     12      3      2      5      7     15      7      1   2915
      1     12      3      2      6      5     14      3      0   1365
      1     12      3      2      7      8     15      8      1   1563
      1     12      3      2      8      7      3      8      0   1364
      1     12      3      2      9      2     12      1      0   1648
      1     12      3      2     10      1     14      1      1   1866
      1     12      3      2     11      6      9      6      1   1364
      1     12      3      2     12     10     13      7      0   1715
      1     12      3      2     13      9      3      9      1   2932
      1     12      3      2     14      1     16      4      0   3683
      1     12      3      2     15      3     13      3      1   1815
      1     12      3      2     16      6      2      6      1    995
      1     12      3      2     17      4      6      2      0   5603
      1     12      3      2     18      2     10      2      1   2399
      1     12      3      2     19      9      1      9      1   1398
      1     12      3      2     20      5     13      5      1   1949
      1     12      4      1      1      4     16      2      0   3089
      1     12      4      1      2      4      4      7      0   3965
      1     12      4      1      3     10      6      1      0   2367
      1     12      4      1      4      1      6      9      0   2752
      1     12      4      1      5      3      1      3      1   1460
      1     12      4      1      6      8      6      8      1   1936
      1     12      4      1      7      9     15      9      1   1606
      1     12      4      1      8      7     14     10      0   5741
      1     12      4      1      9      5     12      5      1   1262
      1     12      4      1     10      5      2      1      0   4701
      1     12      4      1     11      3      3      5      0   1495
      1     12      4      1     12      2      1      2      1   1457
      1     12      4      1     13      6      3      6      1   1043
      1     12      4      1     14      6     10      6      1   1125
      1     12      4      1     15      9      5      9      1   1927
      1     12      4      1     16      7      2      5      0   1505
      1     12      4      1     17      1      2     10      0   1972
      1     12      4      1     18      8      8      8      1   1634
      1     12      4      1     19      2     14     10      0   2408
      1     12      4      1     20     10     12      1      0   1538
      1     12      4      2      1      4      5      8      0   1435
      1     12      4      2      2      8      1      2      0    965
      1     12      4      2      3      6     13      6      1   1299
      1     12      4      2      4      1      1     10      0   1829
      1     12      4      2      5      4     10      1      0   1832
      1     12      4      2      6     10      3      7      0   2298
      1     12      4      2      7     10      5      2      0   1564
      1     12      4      2      8      5      1      5      1   1698
      1     12      4      2      9      2      5      2      1   1114
      1     12      4      2     10      8     12      8      1   1063
      1     12      4      2     11      9     13      9      1   2298
      1     12      4      2     12      5      6      3      0   2367
      1     12      4      2     13      1      4      1      1   1715
      1     12      4      2     14      7      1      8      0   1398
      1     12      4      2     15      9      7      9      1   1430
      1     12      4      2     16      3     11      3      1   1215
      1     12      4      2     17      3      4      4      0   3099
      1     12      4      2     18      7     13      7      1   3349
      1     12      4      2     19      2     13      2      1   1314
      1     12      4      2     20      6     16      6      1   1198
      1     12      5      1      1      2      3      8      0   1467
      1     12      5      1      2      9     16      9      1   1558
      1     12      5      1      3      7     10      8      0   1014
      1     12      5      1      4      8      2      8      1   1079
      1     12      5      1      5      6      6      6      1   1060
      1     12      5      1      6      8      9      7      0   1432
      1     12      5      1      7     10      8      2      0   1108
      1     12      5      1      8      9     12      2      0   2062
      1     12      5      1      9      4      2      1      0   1327
      1     12      5      1     10      2     11     10      0   2910
      1     12      5      1     11     10      2      7      0   1523
      1     12      5      1     12      5      8      5      1   1481
      1     12      5      1     13      3     15      3      1   1692
      1     12      5      1     14      1     10      2      0   1695
      1     12      5      1     15      5     15      5      1   1542
      1     12      5      1     16      1     11      2      0   2342
      1     12      5      1     17      3      6      3      1   1658
      1     12      5      1     18      7      4      3      0   2750
      1     12      5      1     19      4     11      2      0   1079
      1     12      5      1     20      6      7      6      1   1219
      1     12      5      2      1      5      5      7      0   2208
      1     12      5      2      2      4      9      1      0   3783
      1     12      5      2      3      1     12      1      1   2149
      1     12      5      2      4      2      7      9      0   1332
      1     12      5      2      5      6     11      6      1   1032
      1     12      5      2      6      8      3      7      0   1348
      1     12      5      2      7      4      3      4      1   2817
      1     12      5      2      8      8      7      8      1   1065
      1     12      5      2      9      2      2      2      1   1097
      1     12      5      2     10     10     15     10      1   2213
      1     12      5      2     11      9     14      9      1   1047
      1     12      5      2     12      1      9      1      1   2333
      1     12      5      2     13      7     11      7      1   1564
      1     12      5      2     14      6      5      6      1   1113
      1     12      5      2     15      9      8      9      1   1799
      1     12      5      2     16     10     16      1      0   2230
      1     12      5      2     17      3      5      3      1   2281
      1     12      5      2     18      3     12      3      1   2132
      1     12      5      2     19      5     10      5      1   1298
      1     12      5      2     20      7     12      3      0   3951
      1     12      6      1      1      6     12      6      1   1118
      1     12      6      1      2      6     14      6      1    987
      1     12      6      1      3      3      8      3      1   1014
      1     12      6      1      4     10     11      2      0   1208
      1     12      6      1      5      1      8      2      0   6975
      1     12      6      1      6      5      7      3      0   1028
      1     12      6      1      7      4      8      1      0   1887
      1     12      6      1      8      9      6      9      1   3203
      1     12      6      1      9      8      5      8      1   1037
      1     12      6      1     10      3     10      3      1   1765
      1     12      6      1     11      9      2      9      1   1185
      1     12      6      1     12     10      9     10      1   2218
      1     12      6      1     13      2      9      2      1   1059
      1     12      6      1     14      7      5      3      0   1217
      1     12      6      1     15      4     12      2      0   1638
      1     12      6      1     16      2      4      2      1   1142
      1     12      6      1     17      5      4      3      0    951
      1     12      6      1     18      7      6      7      1   1764
      1     12      6      1     19      1      3      1      1   1823
      1     12      6      1     20      8     10      8      1   1159
      1     12      6      2      1      2      8      2      1   1919
      1     12      6      2      2      6      8      6      1   1413
      1     12      6      2      3      9     10     10      0   2716
      1     12      6      2      4     10     10      8      0   1180
      1     12      6      2      5      5      3      5      1   1382
      1     12      6      2      6      7      9      8      0    881
      1     12      6      2      7      6     15      6      1   1014
      1     12      6      2      8      3      7      3      1   2165
      1     12      6      2      9      7      8      7      1   1365
      1     12      6      2     10      3     16      4      0   2366
      1     12      6      2     11     10      1      1      0   1430
      1     12      6      2     12      5     16      4      0   3918
      1     12      6      2     13      8     16      8      1   1015
      1     12      6      2     14      2     16     10      0   2617
      1     12      6      2     15      4      7     10      0   2383
      1     12      6      2     16      8      4      7      0   1415
      1     12      6      2     17      4     14      1      0   1647
      1     12      6      2     18      1      7      4      0   2666
      1     12      6      2     19      1     13      7      0   1349
      1     12      6      2     20      9     11      9      1   1131
      1     12      7      1      1      1     10      3      0   1137
      1     12      7      1      2      1      3      2      0    906
      1     12      7      1      3      8      5      8      1    907
      1     12      7      1      4      6     14      6      1   1597
      1     12      7      1      5      5      8      7      0   2458
      1     12      7      1      6      2     11      9      0   2559
      1     12      7      1      7      9     12      9      1   1834
      1     12      7      1      8      7      4      4      0   3802
      1     12      7      1      9      7      5      7      1   1414
      1     12      7      1     10      9      2      9      1   1218
      1     12      7      1     11     10      8      9      0   3267
      1     12      7      1     12      8      9      7      0   1107
      1     12      7      1     13      4     12      4      1   1835
      1     12      7      1     14      2      4      2      1   1191
      1     12      7      1     15      4      2      1      0   1571
      1     12      7      1     16      3      8      3      1   3388
      1     12      7      1     17     10      9     10      1   2515
      1     12      7      1     18      6      6      6      1   1134
      1     12      7      1     19      5      7      3      0    955
      1     12      7      1     20      3      6      3      1   1490
      1     12      7      2      1      2      5      2      1   1067
      1     12      7      2      2      6     13      6      1   1164
      1     12      7      2      3      7     11      7      1   1199
      1     12      7      2      4      1      4     10      0   1714
      1     12      7      2      5      4      9      4      1   2532
      1     12      7      2      6      8      3      7      0   1832
      1     12      7      2      7      2      2      2      1   1415
      1     12      7      2      8      5     10      5      1   1365
      1     12      7      2      9      5      6      3      0   1731
      1     12      7      2     10      1     12      1      1   3167
      1     12      7      2     11      8     12      8      1    963
      1     12      7      2     12      4      5     10      0   3818
      1     12      7      2     13      7     13      7      1   1463
      1     12      7      2     14      6      5      6      1   1031
      1     12      7      2     15     10      5      2      0   1114
      1     12      7      2     16      3     11      3      1   2349
      1     12      7      2     17      9      8      9      1   1815
      1     12      7      2     18      3     12      5      0   2131
      1     12      7      2     19      9      7      9      1   1414
      1     12      7      2     20     10     16      1      0   1312
      1     12      8      1      1      9      6      9      1   1268
      1     12      8      1      2      8     10      8      1   1484
      1     12      8      1      3      5     12      1      0   3842
      1     12      8      1      4      5      4      3      0   1244
      1     12      8      1      5      9     15      9      1   3204
      1     12      8      1      6      6      3      6      1   1300
      1     12      8      1      7      6     12      6      1   1558
      1     12      8      1      8      7      6      7      1   1158
      1     12      8      1      9      7     14      1      0   1566
      1     12      8      1     10      8      8      8      1   1017
      1     12      8      1     11      3     10      3      1   1186
      1     12      8      1     12      2      1      2      1   1033
      1     12      8      1     13     10     12     10      1   1614
      1     12      8      1     14      1      8      2      0   1366
      1     12      8      1     15     10     11      2      0   1446
      1     12      8      1     16      2      9      2      1   1447
      1     12      8      1     17      1      2      1      1   1529
      1     12      8      1     18      4      8      1      0   2258
      1     12      8      1     19      4      4      4      1   1849
      1     12      8      1     20      3      3      1      0   1514
      1     12      8      2      1      8     11      8      1   2152
      1     12      8      2      2      3      5      5      0   2982
      1     12      8      2      3      6     11      6      1   1131
      1     12      8      2      4      6      2      6      1   1397
      1     12      8      2      5      4      3      4      1   1547
      1     12      8      2      6      1     16      1      1   1582
      1     12      8      2      7      2      7      9      0    981
      1     12      8      2      8      9      1      9      1   1148
      1     12      8      2      9      5      5     10      0   1732
      1     12      8      2     10      9     14      9      1    881
      1     12      8      2     11      2     12      4      0   3650
      1     12      8      2     12      7     12      7      1   1047
      1     12      8      2     13      3     13      3      1   1148
      1     12      8      2     14      1      9      2      0    898
      1     12      8      2     15      8      7      8      1   1048
      1     12      8      2     16      5     14      5      1   1999
      1     12      8      2     17      7     15      7      1    948
      1     12      8      2     18     10     13     10      1   1349
      1     12      8      2     19     10     15      1      0   1866
      1     12      8      2     20      4     13      4      1   2147
      1     12      9      1      1      8      2      8      1    908
      1     12      9      1      2     10      6      1      0   1474
      1     12      9      1      3      7     10      8      0   1040
      1     12      9      1      4      1     11     10      0   2161
      1     12      9      1      5      9      5      9      1   1760
      1     12      9      1      6      9     16      9      1   1483
      1     12      9      1      7      8      6      8      1   1220
      1     12      9      1      8     10      2      1      0   1450
      1     12      9      1      9      2      3      7      0   2542
      1     12      9      1     10      3      1      4      0   3032
      1     12      9      1     11      1      6     10      0   2629
      1     12      9      1     12      4     16      4      1   2135
      1     12      9      1     13      5     15      5      1   1881
      1     12      9      1     14      4     11      4      1   1828
      1     12      9      1     15      3     15      3      1   1031
      1     12      9      1     16      6     10      6      1   1182
      1     12      9      1     17      6      7      6      1   1168
      1     12      9      1     18      7      2      7      1   2058
      1     12      9      1     19      5      2      3      0   2352
      1     12      9      1     20      2     14      2      1   2166
      1     12      9      2      1      3      2      3      1   2235
      1     12      9      2      2      8     14      8      1   1480
      1     12      9      2      3      5      1      7      0   3516
      1     12      9      2      4      9      9      9      1   1182
      1     12      9      2      5      2     13      2      1   1248
      1     12      9      2      6     10      3     10      1   1564
      1     12      9      2      7      3      4      8      0   1282
      1     12      9      2      8      1      1      2      0   2783
      1     12      9      2      9      9     13      9      1   1214
      1     12      9      2     10      4     10      4      1    914
      1     12      9      2     11      6      4      6      1   1098
      1     12      9      2     12      6     16      6      1    864
      1     12      9      2     13      7      1      8      0   1048
      1     12      9      2     14      2      6      2      1    881
      1     12      9      2     15      7     16      7      1    963
      1     12      9      2     16     10     14     10      1   1330
      1     12      9      2     17      8      1      1      0   1182
      1     12      9      2     18      5     11      5      1   1964
      1     12      9      2     19      4      1      1      0   3017
      1     12      9      2     20      1     15      7      0   5636
      1     12     10      1      1      5     12      5      1   1675
      1     12     10      1      2      5      4      8      0   3214
      1     12     10      1      3      1      2      1      1   1690
      1     12     10      1      4      8     10      8      1   1036
      1     12     10      1      5      9     15      9      1   1255
      1     12     10      1      6     10     12     10      1   4604
      1     12     10      1      7     10     11      1      0  12964
      1     12     10      1      8      8      8      8      1   1225
      1     12     10      1      9      2      9      2      1   1024
      1     12     10      1     10      6      3      6      1    990
      1     12     10      1     11      4      8      7      0   2322
      1     12     10      1     12      7     14      7      1   2906
      1     12     10      1     13      3     10      3      1   1297
      1     12     10      1     14      3      3      3      1   5771
      1     12     10      1     15      1      8      2      0   1057
      1     12     10      1     16      4      4      3      0   1498
      1     12     10      1     17      9      6      9      1    982
      1     12     10      1     18      2      1      2      1   1029
      1     12     10      1     19      6     12      6      1   1098
      1     12     10      1     20      7      6      7      1   1147
      1     12     10      2      1      9      4      9      1   1951
      1     12     10      2      2      8     15      8      1    982
      1     12     10      2      3      3      9      3      1    998
      1     12     10      2      4      5      9      5      1   1098
      1     12     10      2      5      2     10      2      1    815
      1     12     10      2      6      9      3      9      1   1147
      1     12     10      2      7      7      3      8      0   1065
      1     12     10      2      8      1     14      7      0   1397
      1     12     10      2      9      8     13      8      1   1332
      1     12     10      2     10      7      7      7      1   1398
      1     12     10      2     11      4     15      4      1   1632
      1     12     10      2     12     10      7      2      0    746
      1     12     10      2     13      1      5      1      1   1948
      1     12     10      2     14     10      4      9      0   1163
      1     12     10      2     15      2     15      4      0   1198
      1     12     10      2     16      6      1      6      1   1281
      1     12     10      2     17      6      9      6      1   1129
      1     12     10      2     18      5     13      5      1   1415
      1     12     10      2     19      4      6      4      1   2099
      1     12     10      2     20      3     14      3      1   1098
