      1     21      1      1      1     10      1      7      0   5780
      1     21      1      1      2      7     13      3      0   3436
      1     21      1      1      3      5      6      5      1   2245
      1     21      1      1      4     10      3      6      0   5117
      1     21      1      1      5      2      6      2      1   8055
      1     21      1      1      6      7     16      7      1   4724
      1     21      1      1      7      1     15      5      0   1887
      1     21      1      1      8      3     15      5      0   2211
      1     21      1      1      9      5     16      7      0   5170
      1     21      1      1     10      4      4      5      0   3150
      1     21      1      1     11      4      2      2      0   5963
      1     21      1      1     12      6      1      6      1   4089
      1     21      1      1     13      9      4      9      1   1799
      1     21      1      1     14      8      6      7      0   2807
      1     21      1      1     15      1      1      4      0  14844
      1     21      1      1     16      8     12      3      0   3578
      1     21      1      1     17      6      5      6      1   2315
      1     21      1      1     18      3      6      5      0   1748
      1     21      1      1     19      9     14      9      1   1429
      1     21      1      1     20      2     15      2      1   2786
      1     21      1      2      1      6      2      6      1   2318
      1     21      1      2      2      5     11      5      1   3647
      1     21      1      2      3      3      2      3      1   2976
      1     21      1      2      4      9      5      9      1   1512
      1     21      1      2      5      1     10      2      0   5847
      1     21      1      2      6      4      9      2      0  10062
      1     21      1      2      7      2      9      2      1   9963
      1     21      1      2      8      8      4      7      0   3279
      1     21      1      2      9      5     10      3      0   4126
      1     21      1      2     10      2      7      9      0   1197
      1     21      1      2     11      3     12      4      0   8426
      1     21      1      2     12      8     13     10      0   5442
      1     21      1      2     13     10     15      7      0   2996
      1     21      1      2     14      6      9      6      1   1527
      1     21      1      2     15      1     16      3      0  25340
      1     21      1      2     16      4     15      3      0   1698
      1     21      1      2     17      9     11      9      1   3876
      1     21      1      2     18      7     10      6      0   1929
      1     21      1      2     19      7      7      7      1   2397
      1     21      1      2     20     10     13      7      0   5778
      1     21      2      1      1      9     16      9      1   1287
      1     21      2      1      2      4      5      2      0   3606
      1     21      2      1      3      4      3      3      0   3242
      1     21      2      1      4      7     14      6      0   1782
      1     21      2      1      5      1      3      4      0   3826
      1     21      2      1      6      6      8      6      1   1211
      1     21      2      1      7      3      9      3      1   1478
      1     21      2      1      8      3     13      7      0   9965
      1     21      2      1      9      8      2      3      0   2467
      1     21      2      1     10      5     12      5      1   2695
      1     21      2      1     11      2      3      2      1   3331
      1     21      2      1     12      2     12      9      0   1181
      1     21      2      1     13      9     15      9      1   1332
      1     21      2      1     14      7      5      6      0   1364
      1     21      2      1     15      1      4      3      0   3817
      1     21      2      1     16     10      5     10      1   1715
      1     21      2      1     17      6     11      6      1   1090
      1     21      2      1     18     10     14     10      1   1615
      1     21      2      1     19      5      9      7      0   4588
      1     21      2      1     20      8     16      4      0   7330
      1     21      2      2      1      9      8      9      1   2709
      1     21      2      2      2      7     15      7      1   6709
      1     21      2      2      3      8      5     10      0   1611
      1     21      2      2      4      6     10      6      1   1494
      1     21      2      2      5      9      9      9      1   1210
      1     21      2      2      6      6     15      6      1   1279
      1     21      2      2      7     10     12      3      0   2176
      1     21      2      2      8      7      2      1      0  11546
      1     21      2      2      9      3     16      1      0  19890
      1     21      2      2     10      2     13      8      0   6692
      1     21      2      2     11      8     14     10      0   7559
      1     21      2      2     12      1      6      2      0   4193
      1     21      2      2     13      5     14      5      1   1659
      1     21      2      2     14      4     14      4      1   9127
      1     21      2      2     15      5     13      8      0  17177
      1     21      2      2     16     10      4      1      0  29522
      1     21      2      2     17      4     13      7      0  14225
      1     21      2      2     18      3     10      3      1   5826
      1     21      2      2     19      2      5      2      1   2558
      1     21      2      2     20      1      2      7      0   3064
      1     21      3      1      1      2      2      2      1   1820
      1     21      3      1      2      5     15      5      1   1494
      1     21      3      1      3      4      7      7      0   3581
      1     21      3      1      4      9      1      9      1   1261
      1     21      3      1      5      1     12      3      0   2769
      1     21      3      1      6      6      3      6      1   1411
      1     21      3      1      7      3      5      2      0   4891
      1     21      3      1      8      5      4      3      0   1987
      1     21      3      1      9      1      9      2      0   1775
      1     21      3      1     10     10      9      3      0   4688
      1     21      3      1     11      4     11      2      0   2955
      1     21      3      1     12      8      3      7      0   6580
      1     21      3      1     13      2      4      2      1   2095
      1     21      3      1     14     10     10      3      0   4234
      1     21      3      1     15      6     13      6      1   1309
      1     21      3      1     16      9      3      9      1    994
      1     21      3      1     17      3      4     10      0   3700
      1     21      3      1     18      8     15      7      0   3002
      1     21      3      1     19      7      9      7      1   5257
      1     21      3      1     20      7      4      7      1   2881
      1     21      3      2      1      2     16      4      0   9324
      1     21      3      2      2      6      7      6      1   1195
      1     21      3      2      3      7     11      7      1   1626
      1     21      3      2      4      3      1      3      1   4326
      1     21      3      2      5      4     12      4      1   6163
      1     21      3      2      6      8      7      1      0   5409
      1     21      3      2      7      3      7      7      0   2593
      1     21      3      2      8      4     16      4      1   7145
      1     21      3      2      9      5      1      7      0   5414
      1     21      3      2     10      8      8      7      0   1809
      1     21      3      2     11      9      2      9      1   1642
      1     21      3      2     12      5      7      5      1   2060
      1     21      3      2     13      2     10      2      1   4031
      1     21      3      2     14      6      4      6      1   1176
      1     21      3      2     15      9     12      1      0  18874
      1     21      3      2     16      1     13      3      0   5275
      1     21      3      2     17     10      8      2      0  28889
      1     21      3      2     18      7      8      8      0   4875
      1     21      3      2     19     10      7      1      0   3664
      1     21      3      2     20      1     14      3      0   7929
      1     21      4      1      1      8      3      8      1  11757
      1     21      4      1      2      7      4      7      1   3519
      1     21      4      1      3      8     12      3      0   2563
      1     21      4      1      4      2      6      2      1   2200
      1     21      4      1      5      9      4      9      1   1026
      1     21      4      1      6      4      7      7      0   2981
      1     21      4      1      7      5      4      3      0   2044
      1     21      4      1      8      9      3      9      1   1212
      1     21      4      1      9     10      3      1      0  15546
      1     21      4      1     10      5     16      8      0   3576
      1     21      4      1     11      6     13      6      1   1454
      1     21      4      1     12      1      9      1      1   5972
      1     21      4      1     13      2      4      2      1   2649
      1     21      4      1     14      1     15      5      0   4959
      1     21      4      1     15      6      1      6      1   1289
      1     21      4      1     16      4      2      2      0   4655
      1     21      4      1     17     10     10      3      0   2048
      1     21      4      1     18      7     16      8      0   4045
      1     21      4      1     19      3      4      5      0   2497
      1     21      4      1     20      3      6      5      0   1581
      1     21      4      2      1     10      6     10      1   2294
      1     21      4      2      2      1      8      4      0   3878
      1     21      4      2      3      5      5      7      0   7411
      1     21      4      2      4      4      1      1      0   3829
      1     21      4      2      5      9     10      9      1    960
      1     21      4      2      6      5      2      5      1   4676
      1     21      4      2      7     10      2      3      0   2177
      1     21      4      2      8      6     14      6      1   1611
      1     21      4      2      9      9      6      9      1   1145
      1     21      4      2     10      1     11      7      0   4146
      1     21      4      2     11      7     12      7      1   7662
      1     21      4      2     12      7      3      8      0   6796
      1     21      4      2     13      3      8      3      1  10509
      1     21      4      2     14      2      8      2      1   2193
      1     21      4      2     15      8      1      4      0   2245
      1     21      4      2     16      2     11      9      0   1712
      1     21      4      2     17      3      3      3      1   7828
      1     21      4      2     18      4      8      4      1   9759
      1     21      4      2     19      8     10      8      1   2996
      1     21      4      2     20      6      6      6      1   1011
      1     21      5      1      1      5      6      5      1   1441
      1     21      5      1      2      8      2      8      1   1992
      1     21      5      1      3      6      5      6      1   2124
      1     21      5      1      4     10      1      1      0  11280
      1     21      5      1      5      2     12      9      0   1015
      1     21      5      1      6      7     14      8      0  11549
      1     21      5      1      7      1      1      3      0   1628
      1     21      5      1      8      9     16      9      1   1409
      1     21      5      1      9      4      3      4      1   3497
      1     21      5      1     10      1      4     10      0  12537
      1     21      5      1     11      9     14      9      1   1095
      1     21      5      1     12      8      6      8      1   2997
      1     21      5      1     13      2     15      9      0   3068
      1     21      5      1     14      3     13      3      1   4195
      1     21      5      1     15      7     13      7      1   2298
      1     21      5      1     16     10      5     10      1   4034
      1     21      5      1     17      4      4      5      0   4264
      1     21      5      1     18      6      8      6      1   1048
      1     21      5      1     19      5     12      5      1   1303
      1     21      5      1     20      3     15      3      1   1850
      1     21      5      2      1      8      9      8      1   5760
      1     21      5      2      2      9      7      9      1  17126
      1     21      5      2      3      5      8      5      1   2477
      1     21      5      2      4      2     14      4      0   5694
      1     21      5      2      5      3     11      3      1   5829
      1     21      5      2      6      6     12      6      1   1011
      1     21      5      2      7      1      7      1      1   4594
      1     21      5      2      8      1      5      1      1   1280
      1     21      5      2      9      4     10      4      1   3844
      1     21      5      2     10      6     16      6      1   1142
      1     21      5      2     11      7      6      7      1   5593
      1     21      5      2     12      4      6      1      0  15309
      1     21      5      2     13     10     16      1      0   1747
      1     21      5      2     14     10     11      2      0   2664
      1     21      5      2     15      7      1      8      0   5761
      1     21      5      2     16      3     14      7      0   1562
      1     21      5      2     17      9     13      9      1   1911
      1     21      5      2     18      2      1      2      1   1409
      1     21      5      2     19      5      3      5      1   2959
      1     21      5      2     20      8     11      1      0   2447
      1     21      6      1      1      6     11      6      1   1071
      1     21      6      1      2      2      2      2      1   5062
      1     21      6      1      3      8     16      8      1  24416
      1     21      6      1      4      4     11      4      1   2207
      1     21      6      1      5      9     15      9      1   1255
      1     21      6      1      6      5      9      8      0   4499
      1     21      6      1      7      6      3      6      1   1131
      1     21      6      1      8      7      9      8      0   9334
      1     21      6      1      9      3      9      3      1   1293
      1     21      6      1     10      1     12      1      1   1913
      1     21      6      1     11     10      9      1      0   1359
      1     21      6      1     12      4      5      1      0   3085
      1     21      6      1     13      2      3      1      0   6007
      1     21      6      1     14      9      1      9      1   1067
      1     21      6      1     15      1      3      2      0   3895
      1     21      6      1     16      8     15      8      1   2445
      1     21      6      1     17      3      5      3      1   2116
      1     21      6      1     18      5     15      5      1   1617
      1     21      6      1     19     10     14     10      1   3712
      1     21      6      1     20      7      5      6      0   4012
      1     21      6      2      1      9     12     10      0   9109
      1     21      6      2      2      1      5      1      1   1396
      1     21      6      2      3     10      7     10      1   1711
      1     21      6      2      4      3      7      7      0   3260
      1     21      6      2      5     10     11      2      0   1679
      1     21      6      2      6      2     10      2      1   7527
      1     21      6      2      7      1     14      1      1   3048
      1     21      6      2      8      6      4      6      1   1363
      1     21      6      2      9      9      7      4      0  10492
      1     21      6      2     10      6     16      6      1   1147
      1     21      6      2     11      5      7      5      1   1860
      1     21      6      2     12      7      8      7      1  14124
      1     21      6      2     13      8     11      1      0   1847
      1     21      6      2     14      2      1      2      1   3776
      1     21      6      2     15      4     12      4      1   1709
      1     21      6      2     16      5      3      5      1   2410
      1     21      6      2     17      4     10      4      1   8195
      1     21      6      2     18      8      8      8      1   1813
      1     21      6      2     19      7      6      7      1   1963
      1     21      6      2     20      3     11      3      1   2160
      1     21      7      1      1      8      2      8      1   4010
      1     21      7      1      2     10     10      1      0   2917
      1     21      7      1      3      7      4      5      0   2526
      1     21      7      1      4      9      3      9      1   3031
      1     21      7      1      5      7     14      7      1   9097
      1     21      7      1      6      6      8      6      1   1065
      1     21      7      1      7      1      9      1      1   5328
      1     21      7      1      8      6     13      6      1   1190
      1     21      7      1      9      4      3      4      1   7694
      1     21      7      1     10      1      4      1      1   8035
      1     21      7      1     11      2     12      9      0   1257
      1     21      7      1     12      4      7      7      0   4961
      1     21      7      1     13      3     13      3      1   1582
      1     21      7      1     14      5      4      3      0   2181
      1     21      7      1     15     10      5     10      1   1662
      1     21      7      1     16      3      4      3      1   3557
      1     21      7      1     17      9     16      9      1   1065
      1     21      7      1     18      2      4      2      1   8275
      1     21      7      1     19      8      3      7      0   3996
      1     21      7      1     20      5     12      5      1   1349
      1     21      7      2      1      6     14      6      1   1293
      1     21      7      2      2      3     16      7      0  19207
      1     21      7      2      3      5      5      7      0   2577
      1     21      7      2      4      1      8      4      0   4410
      1     21      7      2      5      1      2      8      0   9225
      1     21      7      2      6      9      8      4      0   5711
      1     21      7      2      7      4     13      1      0  11313
      1     21      7      2      8      9     10      9      1   1497
      1     21      7      2      9     10      6     10      1   1395
      1     21      7      2     10      5     14      5      1   2027
      1     21      7      2     11      7      3      8      0   5478
      1     21      7      2     12      4      1      4      1   9443
      1     21      7      2     13      6     10      6      1   1547
      1     21      7      2     14      3      3      5      0   7360
      1     21      7      2     15      7     15      7      1   8510
      1     21      7      2     16      8     14     10      0   7876
      1     21      7      2     17      2     13      2      1   2179
      1     21      7      2     18      8     10      8      1   4344
      1     21      7      2     19     10     12      1      0  13691
      1     21      7      2     20      2      8      2      1   1378
      1     21      8      1      1      5     16      8      0  15130
      1     21      8      1      2      8     12      3      0   1627
      1     21      8      1      3      5      6      5      1   1278
      1     21      8      1      4      4      4      4      1  16263
      1     21      8      1      5      9     14      9      1    957
      1     21      8      1      6      4      2      4      1   3443
      1     21      8      1      7      1     15      7      0   3271
      1     21      8      1      8      7     16      7      1   2107
      1     21      8      1      9     10      3     10      1   1133
      1     21      8      1     10      9      4      9      1   1026
      1     21      8      1     11      6      5      6      1   2935
      1     21      8      1     12      8      6      8      1   1450
      1     21      8      1     13      7     13      7      1   1112
      1     21      8      1     14     10      1      1      0   2215
      1     21      8      1     15      1      1      1      1   1279
      1     21      8      1     16      2     15      9      0   1850
      1     21      8      1     17      3     15      5      0   2117
      1     21      8      1     18      2      6      2      1   1972
      1     21      8      1     19      3      6      5      0   1399
      1     21      8      1     20      6      1      6      1    995
      1     21      8      2      1      2     11      2      1   2310
      1     21      8      2      2      3      8      3      1   2111
      1     21      8      2      3      5      2      5      1   3114
      1     21      8      2      4      9      6      9      1   1145
      1     21      8      2      5      8      4      8      1  12543
      1     21      8      2      6      2      9      2      1   1112
      1     21      8      2      7      9      5      9      1   5478
      1     21      8      2      8      7     12      7      1   8593
      1     21      8      2      9      7      7      8      0   8960
      1     21      8      2     10     10      2      1      0   4461
      1     21      8      2     11      6      9      6      1   1710
      1     21      8      2     12      3     12      3      1   2648
      1     21      8      2     13      1     11      2      0   5677
      1     21      8      2     14     10     13      1      0   3992
      1     21      8      2     15      4      9      4      1   1628
      1     21      8      2     16      5     10      5      1   4293
      1     21      8      2     17      1     16      1      1   2861
      1     21      8      2     18      6      6      6      1   1598
      1     21      8      2     19      4      8      4      1   3377
      1     21      8      2     20      8      1      2      0   1527
      1     21      9      1      1      4      5      4      1   3216
      1     21      9      1      2      9     15      9      1   6947
      1     21      9      1      3      1      3      1      1   2276
      1     21      9      1      4      6      3      6      1    940
      1     21      9      1      5     10     14     10      1   1610
      1     21      9      1      6      7      9      8      0   5899
      1     21      9      1      7      2      3      4      0   5947
      1     21      9      1      8      2      2      2      1   1127
      1     21      9      1      9      3      9      3      1   1206
      1     21      9      1     10      1     12      1      1   3379
      1     21      9      1     11     10      9     10      1   1382
      1     21      9      1     12      8     15      8      1   1496
      1     21      9      1     13      5     15      5      1   1342
      1     21      9      1     14      3      5      3      1   2216
      1     21      9      1     15      9      1      9      1   1709
      1     21      9      1     16      8     16      8      1   9392
      1     21      9      1     17      7      5      6      0   1398
      1     21      9      1     18      5      9      5      1   2062
      1     21      9      1     19      4     11      4      1   2365
      1     21      9      1     20      6     11      6      1   1828
      1     21      9      2      1      7      2     10      0  14308
      1     21      9      2      2      2      5      2      1   1276
      1     21      9      2      3      4     14      4      1   2225
      1     21      9      2      4      5     13      8      0   2963
      1     21      9      2      5      8      5     10      0   9878
      1     21      9      2      6      9     13      9      1   1294
      1     21      9      2      7     10      4     10      1   7595
      1     21      9      2      8      6     15      6      1   1330
      1     21      9      2      9      7      1      7      1  12492
      1     21      9      2     10      1      6      1      1   1479
      1     21      9      2     11      8      9      7      0  12692
      1     21      9      2     12      2     14      9      0   2678
      1     21      9      2     13      9      9      9      1   1164
      1     21      9      2     14      5      8      5      1   1578
      1     21      9      2     15      1      7      1      1   1460
      1     21      9      2     16      6     12      6      1   1030
      1     21      9      2     17     10     16      1      0   4560
      1     21      9      2     18      3     10      3      1   2010
      1     21      9      2     19      3     14      7      0   2914
      1     21      9      2     20      4      6      4      1   2760
      1     21     10      1      1      4      4      8      0   2992
      1     21     10      1      2      1     15      1      1   4498
      1     21     10      1      3      8     12      3      0   1589
      1     21     10      1      4      3     15      3      1   1062
      1     21     10      1      5      6      5      6      1   1589
      1     21     10      1      6      1      1      3      0   3678
      1     21     10      1      7      2     15      9      0   1449
      1     21     10      1      8      4      2      2      0   2117
      1     21     10      1      9      2      6      2      1   1181
      1     21     10      1     10      7     16      7      1   1142
      1     21     10      1     11      9      4      9      1   1009
      1     21     10      1     12      7     13      7      1   1112
      1     21     10      1     13      8      6      8      1   1249
      1     21     10      1     14     10      3     10      1   1190
      1     21     10      1     15      5     16      5      1   6030
      1     21     10      1     16      5      6      5      1   2498
      1     21     10      1     17      9     14      9      1   1105
      1     21     10      1     18      6      1      6      1   1312
      1     21     10      1     19      3      6      5      0   1533
      1     21     10      1     20     10      1     10      1   2123
      1     21     10      2      1      8     13      8      1   1593
      1     21     10      2      2      1     13      7      0   7595
      1     21     10      2      3      4     16      2      0   2647
      1     21     10      2      4      9     11      9      1  19241
      1     21     10      2      5      5      1      5      1   1861
      1     21     10      2      6      4     15      4      1   5860
      1     21     10      2      7     10      8     10      1   2028
      1     21     10      2      8      6      7      6      1    961
      1     21     10      2      9      6      2      6      1   1076
      1     21     10      2     10      1     10      1      1   3077
      1     21     10      2     11      8      7      8      1   1944
      1     21     10      2     12      3      2      3      1   1361
      1     21     10      2     13      3      1      4      0   1528
      1     21     10      2     14      2     16      2      1   7260
      1     21     10      2     15     10     15      1      0   1163
      1     21     10      2     16      2      7      9      0  10925
      1     21     10      2     17      5     11      5      1   1995
      1     21     10      2     18      7     11      7      1   1129
      1     21     10      2     19      9      2      9      1   1478
      1     21     10      2     20      7     10      8      0   5495
