     79      1      9
     79      2      4
     79      6      5
     79      7     15
     79      3     14
     79      6      3
     79      4     15
     79      8     13
     79      2     10
     79      6     15
     79      8      4
     79      1      7
     79      8      2
     79      8      8
     79      7     13
     79      3      2
     79      5     11
     79      4     16
     79      7     10
     79      8     15
     79      5      4
     79      5      9
     79      3     16
     79      3     10
     79      1      6
     79      7      5
     79      3     11
     79      4     14
     79      1      3
     79      4     11
     79      6      6
     79      7      6
     79      2      6
     79      2      2
     79      3     13
     79      2     13
     79      5     12
     79      8      5
     79      5     14
     79      5      5
     79      6     12
     79      7      2
     79      4     12
     79      6     16
     79      4      8
     79      1      1
     79      1     16
     79      2     16
