      1     20      1      1      1      9     13      1      0   3155
      1     20      1      1      2      4      1      5      0   3584
      1     20      1      1      3      4     11      2      0   6017
      1     20      1      1      4      1     13      3      0   2935
      1     20      1      1      5      3      3      5      0   1266
      1     20      1      1      6      9      6      9      1   6028
      1     20      1      1      7      8     14      7      0   2339
      1     20      1      1      8      8     15     10      0   3162
      1     20      1      1      9      6     11      6      1   2956
      1     20      1      1     10      1      8      4      0   2993
      1     20      1      1     11      6     10      6      1   2949
      1     20      1      1     12     10     16      4      0   4561
      1     20      1      1     13      3     10      4      0   2917
      1     20      1      1     14      2      1      3      0   4427
      1     20      1      1     15      5      9      4      0   2912
      1     20      1      1     16      7      4      5      0   1186
      1     20      1      1     17      5     15      8      0   3220
      1     20      1      1     18      2      6      1      0   5949
      1     20      1      1     19     10      8      9      0   1931
      1     20      1      1     20      7     13      4      0   5603
      1     20      1      2      1      5     10      5      1   2291
      1     20      1      2      2      3     12     10      0   3457
      1     20      1      2      3      7      6      5      0   3091
      1     20      1      2      4      8      5      1      0   6161
      1     20      1      2      5      8      3      4      0   1922
      1     20      1      2      6      6      1      7      0   4640
      1     20      1      2      7      2     15      8      0   2908
      1     20      1      2      8      4     15      8      0   4625
      1     20      1      2      9      2      7      2      1   2058
      1     20      1      2     10      1     12      3      0   3958
      1     20      1      2     11      9     16      1      0   2329
      1     20      1      2     12      3     11      5      0   3126
      1     20      1      2     13      5      8      5      1   3341
      1     20      1      2     14     10     13     10      1   3859
      1     20      1      2     15      6      7      6      1   1942
      1     20      1      2     16      9      5      4      0   3191
      1     20      1      2     17      1      7     10      0   2609
      1     20      1      2     18     10      2      1      0   2575
      1     20      1      2     19      7      9      9      0   3392
      1     20      1      2     20      4     10      3      0   2279
      1     20      2      1      1      4     12      5      0   3273
      1     20      2      1      2      9     14      9      1   2053
      1     20      2      1      3      8      2      7      0   3594
      1     20      2      1      4      2      2      3      0   2415
      1     20      2      1      5     10      9      1      0   1646
      1     20      2      1      6      3     14      5      0   2796
      1     20      2      1      7      5      4      5      1   1745
      1     20      2      1      8      9      9      8      0   3699
      1     20      2      1      9      6      5      6      1   2205
      1     20      2      1     10      1      1     10      0   2872
      1     20      2      1     11      7      8      5      0   1954
      1     20      2      1     12      5      2      5      1   1601
      1     20      2      1     13      8     13      8      1   2912
      1     20      2      1     14     10     15      7      0   1794
      1     20      2      1     15      1      9      2      0   4291
      1     20      2      1     16      6      8      6      1   1942
      1     20      2      1     17      4      9      6      0   2114
      1     20      2      1     18      3     16      8      0   2503
      1     20      2      1     19      2     14      1      0   1542
      1     20      2      1     20      7      1      8      0   2973
      1     20      2      2      1      9     10      9      1   3829
      1     20      2      2      2      3      6      4      0   7892
      1     20      2      2      3      4     16      1      0   6391
      1     20      2      2      4      5      3      5      1   1179
      1     20      2      2      5      9      4      9      1   2857
      1     20      2      2      6      2     10      3      0   2091
      1     20      2      2      7      8      8      8      1   4211
      1     20      2      2      8      6     15      6      1   1829
      1     20      2      2      9      1      6     10      0   5075
      1     20      2      2     10      4      7     10      0   2708
      1     20      2      2     11     10      6      4      0   2059
      1     20      2      2     12      6      6      6      1   2411
      1     20      2      2     13      2     16      1      0   3141
      1     20      2      2     14     10      4      9      0   2941
      1     20      2      2     15      7      7      5      0   4659
      1     20      2      2     16      7     14      7      1   2741
      1     20      2      2     17      3      1      4      0   2777
      1     20      2      2     18      5     16     10      0   1709
      1     20      2      2     19      8      9      8      1   2273
      1     20      2      2     20      1     10      1      1   4175
      1     20      3      1      1      1      5      4      0   1614
      1     20      3      1      2      7      3      1      0   5145
      1     20      3      1      3      7      2      7      1   1809
      1     20      3      1      4      3      2     10      0   3893
      1     20      3      1      5      8      7      8      1   2126
      1     20      3      1      6      9     12      9      1   2155
      1     20      3      1      7      8     16      8      1   2557
      1     20      3      1      8      4     13      3      0   1973
      1     20      3      1      9      4      8      4      1   2206
      1     20      3      1     10      9     15      9      1   2149
      1     20      3      1     11      3      9      5      0   2239
      1     20      3      1     12      5     14      3      0   1758
      1     20      3      1     13     10      3      1      0   1919
      1     20      3      1     14      2      5      4      0   6047
      1     20      3      1     15      6      9      6      1   1151
      1     20      3      1     16      6     12      6      1   1217
      1     20      3      1     17      1      2      7      0   4131
      1     20      3      1     18      2      4      2      1   1937
      1     20      3      1     19      5     13      4      0   3078
      1     20      3      1     20     10      1      4      0   1352
      1     20      3      2      1      5     12      5      1   2296
      1     20      3      2      2      6     14      6      1   1194
      1     20      3      2      3      3      4     10      0   2729
      1     20      3      2      4      7      5      7      1   3291
      1     20      3      2      5      9      1      9      1   1858
      1     20      3      2      6      7     16      7      1   2758
      1     20      3      2      7      2     11      2      1   1859
      1     20      3      2      8      4     14     10      0   4541
      1     20      3      2      9      2      9      2      1   2058
      1     20      3      2     10      3      7      5      0   3775
      1     20      3      2     11      6      4      6      1   1109
      1     20      3      2     12      1      4      1      1   1725
      1     20      3      2     13     10      5     10      1   1326
      1     20      3      2     14     10      7     10      1   4040
      1     20      3      2     15      8     12      8      1   2124
      1     20      3      2     16      8      1      2      0   1742
      1     20      3      2     17      5     11      5      1   2142
      1     20      3      2     18      1     14      4      0   3945
      1     20      3      2     19      4      2      2      0   4225
      1     20      3      2     20      9      3      9      1   1141
      1     20      4      1      1      7      8      7      1   1499
      1     20      4      1      2      5      4      5      1   1351
      1     20      4      1      3      6     12      6      1   1283
      1     20      4      1      4      4     12      5      0   3228
      1     20      4      1      5     10      3     10      1   1563
      1     20      4      1      6      3     14      4      0   4105
      1     20      4      1      7      3      9      3      1   1807
      1     20      4      1      8      1      9      2      0   1594
      1     20      4      1      9      6      5      6      1   1612
      1     20      4      1     10      2     14      1      0   1980
      1     20      4      1     11      5     14      5      1   2437
      1     20      4      1     12      8      7      8      1   1456
      1     20      4      1     13      7      3      7      1   2107
      1     20      4      1     14      2      4      2      1   1711
      1     20      4      1     15     10      9     10      1   1789
      1     20      4      1     16      9     15      9      1   1866
      1     20      4      1     17      4      8      1      0   1707
      1     20      4      1     18      1      5      1      1   1824
      1     20      4      1     19      9      9      9      1   2448
      1     20      4      1     20      8      2      8      1   1681
      1     20      4      2      1      8     10      8      1   2444
      1     20      4      2      2      2      8      2      1   2991
      1     20      4      2      3      7     11      7      1   1941
      1     20      4      2      4      3      8     10      0  11626
      1     20      4      2      5      2     13      2      1   1828
      1     20      4      2      6      5      5      4      0   3558
      1     20      4      2      7      7     10      8      0   3959
      1     20      4      2      8      6      2      6      1   1692
      1     20      4      2      9      3      5      5      0   4809
      1     20      4      2     10      9      2      9      1   1908
      1     20      4      2     11      1     11      1      1   4575
      1     20      4      2     12      6      3      6      1   1109
      1     20      4      2     13      1     15      4      0   2540
      1     20      4      2     14      8      6      8      1   1509
      1     20      4      2     15     10     14      1      0   5457
      1     20      4      2     16      4      6      4      1   3076
      1     20      4      2     17      9     11      9      1   2175
      1     20      4      2     18      4      3      4      1   2458
      1     20      4      2     19     10     11     10      1   3408
      1     20      4      2     20      5      1      4      0   6075
      1     20      5      1      1      9     14      9      1   3270
      1     20      5      1      2     10     15      1      0   1988
      1     20      5      1      3      9      6      9      1   1508
      1     20      5      1      4      2      1      2      1   1521
      1     20      5      1      5      4      1      4      1   1792
      1     20      5      1      6      6      8      6      1   1421
      1     20      5      1      7      2      2      2      1   2821
      1     20      5      1      8      3     16     10      0   1856
      1     20      5      1      9      8     14      8      1   1548
      1     20      5      1     10     10      8      1      0   2323
      1     20      5      1     11      5      2      4      0   5463
      1     20      5      1     12      1      1     10      0   2076
      1     20      5      1     13      8     13      8      1   1281
      1     20      5      1     14      7      4      5      0   1310
      1     20      5      1     15      5      9      7      0   2681
      1     20      5      1     16      3      3      5      0   1682
      1     20      5      1     17      1     13      2      0   1388
      1     20      5      1     18      4      9      3      0   3962
      1     20      5      1     19      6     11      6      1   1073
      1     20      5      1     20      7      1      8      0   2239
      1     20      5      2      1      9      8      9      1   5712
      1     20      5      2      2      6     16      6      1    927
      1     20      5      2      3      6     13      6      1   1057
      1     20      5      2      4     10     12      3      0   3525
      1     20      5      2      5      3     13      3      1   1793
      1     20      5      2      6      5      6      4      0   2496
      1     20      5      2      7      5      7      5      1   1325
      1     20      5      2      8      2      3     10      0   6942
      1     20      5      2      9      9      7      9      1   2625
      1     20      5      2     10      4      5      7      0   4626
      1     20      5      2     11      1      3      2      0   2608
      1     20      5      2     12      1     16      7      0   2540
      1     20      5      2     13      2     12      2      1   1576
      1     20      5      2     14     10     10      4      0   5729
      1     20      5      2     15      4      4      7      0   1576
      1     20      5      2     16      8     11      3      0   5508
      1     20      5      2     17      8      4      3      0   2342
      1     20      5      2     18      3     15      4      0   3458
      1     20      5      2     19      7     12     10      0   2175
      1     20      5      2     20      7     15      7      1   2023
      1     20      6      1      1      8     16      8      1   2143
      1     20      6      1      2      2      6      2      1   1582
      1     20      6      1      3      9     12      9      1   1725
      1     20      6      1      4      3      2      4      0   2989
      1     20      6      1      5      5     13      3      0   3844
      1     20      6      1      6      2      5      2      1   1306
      1     20      6      1      7      9     13      9      1   1849
      1     20      6      1      8      6     10      6      1   1336
      1     20      6      1      9      1      8      4      0   2680
      1     20      6      1     10      5     15      4      0   1843
      1     20      6      1     11      8     15      8      1   1103
      1     20      6      1     12      7     13     10      0   1971
      1     20      6      1     13      6      9      6      1    923
      1     20      6      1     14      3     10      4      0   2199
      1     20      6      1     15      7      2      7      1   1723
      1     20      6      1     16     10      1      1      0   3284
      1     20      6      1     17      1      2      1      1   1791
      1     20      6      1     18      4     13     10      0   1797
      1     20      6      1     19      4     11      2      0   1714
      1     20      6      1     20     10     16      9      0   1690
      1     20      6      2      1      5      7      5      1   1462
      1     20      6      2      2      3     15      4      0   2359
      1     20      6      2      3      8      3      7      0   2742
      1     20      6      2      4     10     13      1      0   4058
      1     20      6      2      5      2      3      2      1   4342
      1     20      6      2      6      9      7      9      1   1726
      1     20      6      2      7      7     12      7      1   3042
      1     20      6      2      8      2      7      1      0   3442
      1     20      6      2      9      6      7      6      1   1043
      1     20      6      2     10      5      8      5      1   2775
      1     20      6      2     11      4     10      4      1   2025
      1     20      6      2     12      3     11      3      1   8058
      1     20      6      2     13      7      9      7      1   1524
      1     20      6      2     14      6     13      6      1   1540
      1     20      6      2     15      1     16      1      1   1708
      1     20      6      2     16      9     16      9      1   2690
      1     20      6      2     17      1     12      7      0   4625
      1     20      6      2     18      4      5      7      0   3647
      1     20      6      2     19     10     12      1      0   1828
      1     20      6      2     20      8     11     10      0   2776
      1     20      7      1      1      1      9      2      0   2445
      1     20      7      1      2      9     15      9      1   1722
      1     20      7      1      3      4      8      7      0   2659
      1     20      7      1      4     10      9      1      0   1409
      1     20      7      1      5      5     14      3      0   2289
      1     20      7      1      6      1      5      1      1   1825
      1     20      7      1      7      4     12      2      0   1572
      1     20      7      1      8      2      4      2      1   2059
      1     20      7      1      9      3      9      5      0   1739
      1     20      7      1     10      6     12      6      1   1071
      1     20      7      1     11      9      9      9      1   1386
      1     20      7      1     12     10      3     10      1   1525
      1     20      7      1     13      6      5      6      1   1360
      1     20      7      1     14      2     14      9      0   2554
      1     20      7      1     15      8      2      8      1   1384
      1     20      7      1     16      7      8      7      1   2679
      1     20      7      1     17      3     14      3      1   4610
      1     20      7      1     18      5      4      5      1   1327
      1     20      7      1     19      7      3      7      1   1410
      1     20      7      1     20      8      7      8      1   1318
      1     20      7      2      1      7      5      7      1   2328
      1     20      7      2      2      1      6      4      0   3892
      1     20      7      2      3      6     15      6      1    945
      1     20      7      2      4      3      7     10      0   2546
      1     20      7      2      5      4      7      1      0   1795
      1     20      7      2      6      3      1      4      0   2695
      1     20      7      2      7      2     16      2      1   1925
      1     20      7      2      8      8      1     10      0  10975
      1     20      7      2      9      9      1      9      1   1146
      1     20      7      2     10      9      4      9      1   1075
      1     20      7      2     11      8      9      1      0   6608
      1     20      7      2     12      7      7      7      1   2626
      1     20      7      2     13      2      9      2      1   1814
      1     20      7      2     14      5     11      5      1   1358
      1     20      7      2     15     10      7     10      1   1526
      1     20      7      2     16     10      6     10      1   1961
      1     20      7      2     17      5      3      5      1   9443
      1     20      7      2     18      1     14     10      0   6463
      1     20      7      2     19      4     14      1      0   3179
      1     20      7      2     20      6     14      6      1   1397
      1     20      8      1      1     10     15      1      0   8718
      1     20      8      1      2      6     11      6      1   1155
      1     20      8      1      3      9     14      9      1   1349
      1     20      8      1      4      2      2      2      1   1486
      1     20      8      1      5      3     16      3      1   2398
      1     20      8      1      6      2      1      2      1   2172
      1     20      8      1      7      7      4      5      0   2088
      1     20      8      1      8      1     13      2      0   1794
      1     20      8      1      9      8     13      8      1   1340
      1     20      8      1     10      4      1      4      1   1843
      1     20      8      1     11      6      8      6      1   1312
      1     20      8      1     12      3      3      5      0   1520
      1     20      8      1     13      4      9      7      0   2593
      1     20      8      1     14     10      8      9      0   2223
      1     20      8      1     15      7      1      7      1   1398
      1     20      8      1     16      1      1     10      0   4755
      1     20      8      1     17      8     14      8      1   1473
      1     20      8      1     18      5      2      5      1   1342
      1     20      8      1     19      5      9      7      0   2550
      1     20      8      1     20      9      6      9      1    982
      1     20      8      2      1      1     15      7      0   3393
      1     20      8      2      2      8     12      8      1   1125
      1     20      8      2      3      5      5      4      0   4409
      1     20      8      2      4     10     14      1      0   1657
      1     20      8      2      5      9      3      9      1   1242
      1     20      8      2      6      9      2      9      1   1625
      1     20      8      2      7      5     12      5      1   2407
      1     20      8      2      8      6      2      6      1   1009
      1     20      8      2      9      7     10      8      0   2325
      1     20      8      2     10      1      4     10      0   2825
      1     20      8      2     11      8      6      8      1   2059
      1     20      8      2     12      2     13      2      1   4142
      1     20      8      2     13      3      4      4      0   3158
      1     20      8      2     14      4      2      1      0   4676
      1     20      8      2     15     10      5     10      1   2026
      1     20      8      2     16      3      8      3      1   1725
      1     20      8      2     17      6      4      6      1    958
      1     20      8      2     18      2     11      2      1   2527
      1     20      8      2     19      4      3      4      1   2129
      1     20      8      2     20      7     16      7      1   2041
      1     20      9      1      1      9     12      9      1   1236
      1     20      9      1      2     10      1      1      0   1443
      1     20      9      1      3      7      2      7      1   1493
      1     20      9      1      4      2      5      2      1   1057
      1     20      9      1      5      7     13      7      1   6603
      1     20      9      1      6      1      8      2      0   1319
      1     20      9      1      7      3     10      4      0   1337
      1     20      9      1      8      4     11      2      0   1415
      1     20      9      1      9      5     15      5      1   1510
      1     20      9      1     10     10     16      9      0   1521
      1     20      9      1     11      6     10      6      1   1393
      1     20      9      1     12      9     13      9      1   1664
      1     20      9      1     13      5     13      5      1   3564
      1     20      9      1     14      8     15      8      1   1054
      1     20      9      1     15      1      2      1      1   1476
      1     20      9      1     16      3      2      3      1   1940
      1     20      9      1     17      8     16      8      1   2697
      1     20      9      1     18      6      9      6      1   1007
      1     20      9      1     19      4     13     10      0   2389
      1     20      9      1     20      2      6      2      1   1204
      1     20      9      2      1      1      7      3      0   6928
      1     20      9      2      2      6     16      6      1   1262
      1     20      9      2      3      9      8      9      1   1309
      1     20      9      2      4     10     10      4      0   2325
      1     20      9      2      5      8      5      8      1   1275
      1     20      9      2      6      2     12      1      0   3126
      1     20      9      2      7      7      6      7      1   1409
      1     20      9      2      8      4     15     10      0   4075
      1     20      9      2      9      1      3      1      1   1590
      1     20      9      2     10      7     15      7      1   1376
      1     20      9      2     11      3     13      7      0   4725
      1     20      9      2     12      3     12      5      0   1677
      1     20      9      2     13      2     15      2      1   1291
      1     20      9      2     14      6      1      6      1   1794
      1     20      9      2     15     10      2     10      1   4259
      1     20      9      2     16      5      6      3      0   4074
      1     20      9      2     17      4      4      3      0   2508
      1     20      9      2     18      8      4      7      0   5625
      1     20      9      2     19      9      5      9      1   2541
      1     20      9      2     20      5     10      4      0   4158
      1     20     10      1      1      9     14      9      1   1044
      1     20     10      1      2      4     12      4      1   3134
      1     20     10      1      3      1      1      3      0   1869
      1     20     10      1      4      7      8      7      1   1170
      1     20     10      1      5      3     16      3      1   4818
      1     20     10      1      6      2      2      2      1   1141
      1     20     10      1      7      8      2      8      1   1002
      1     20     10      1      8      8     13      8      1    872
      1     20     10      1      9      5      4      5      1   2155
      1     20     10      1     10      7      1      7      1   1720
      1     20     10      1     11      4      9      1      0   3250
      1     20     10      1     12      5      2      4      0   4342
      1     20     10      1     13      1      9      2      0   8878
      1     20     10      1     14      6      8      6      1    927
      1     20     10      1     15      9      9      9      1   1103
      1     20     10      1     16      6      5      6      1   1046
      1     20     10      1     17      3     14      3      1   1558
      1     20     10      1     18     10     15      1      0   1290
      1     20     10      1     19      2     14      2      1   1842
      1     20     10      1     20     10      9      1      0   2148
      1     20     10      2      1      9     11      9      1   1213
      1     20     10      2      2      3      6      5      0   1691
      1     20     10      2      3     10      4      9      0   1609
      1     20     10      2      4      3      5      4      0   5144
      1     20     10      2      5      5      1      5      1   2142
      1     20     10      2      6      6      3      6      1   1059
      1     20     10      2      7      2      8      2      1   1676
      1     20     10      2      8      8     10      8      1   1142
      1     20     10      2      9      2     10      2      1   2475
      1     20     10      2     10      5     16     10      0   3257
      1     20     10      2     11      4      6      4      1   2912
      1     20     10      2     12      1     10      1      1   1776
      1     20     10      2     13      7     11      7      1   1491
      1     20     10      2     14      6      6      6      1   1058
      1     20     10      2     15      1     11      1      1   1343
      1     20     10      2     16      4     16     10      0   6141
      1     20     10      2     17     10     11      2      0   1309
      1     20     10      2     18      8      8      8      1    941
      1     20     10      2     19      9     10      9      1   1559
      1     20     10      2     20      7     14      7      1   3125
