      1     13      1      1      1      8      8     10      0   3561
      1     13      1      1      2      7      1      7      1   3070
      1     13      1      1      3      1     11      5      0   3058
      1     13      1      1      4      3     14      3      1   2242
      1     13      1      1      5      7      4      5      0   2226
      1     13      1      1      6      6      9      6      1   1901
      1     13      1      1      7      9      3      2      0   3390
      1     13      1      1      8     10     14      2      0   4756
      1     13      1      1      9      4      6      9      0   4991
      1     13      1      1     10      1      8      1      1   2580
      1     13      1      1     11      6     16      6      1   1389
      1     13      1      1     12      3      4      3      1   3142
      1     13      1      1     13      9     12      9      1   2699
      1     13      1      1     14      8      4      8      1   2015
      1     13      1      1     15      5      7      5      1   2483
      1     13      1      1     16      5     10      7      0   6331
      1     13      1      1     17      2      7     10      0   1872
      1     13      1      1     18     10      8      9      0   4397
      1     13      1      1     19      2     10      7      0   3999
      1     13      1      1     20      4      3      3      0   2931
      1     13      1      2      1     10      1      7      0   7047
      1     13      1      2      2      9     11      2      0   3976
      1     13      1      2      3      3     10      3      1   2179
      1     13      1      2      4      2     15      2      1   2359
      1     13      1      2      5      4     14      7      0   4478
      1     13      1      2      6      5     13      8      0   2031
      1     13      1      2      7      1      2      9      0   1744
      1     13      1      2      8      8     13      4      0   4125
      1     13      1      2      9      6      1      6      1   1176
      1     13      1      2     10      7     16      5      0   5342
      1     13      1      2     11      3      7      5      0   2126
      1     13      1      2     12      6     13      6      1   1493
      1     13      1      2     13     10     16      2      0   1293
      1     13      1      2     14      7      9     10      0   1661
      1     13      1      2     15      9     14      2      0   5094
      1     13      1      2     16      5      8      5      1   5793
      1     13      1      2     17      8      6      8      1   3509
      1     13      1      2     18      1     12      3      0   4142
      1     13      1      2     19      2     16      9      0   1909
      1     13      1      2     20      4     12      1      0   4441
      1     13      2      1      1      3      6      3      1   2282
      1     13      2      1      2      7     12      5      0   3580
      1     13      2      1      3      1      3      9      0   3185
      1     13      2      1      4      8     11      9      0   2383
      1     13      2      1      5      6      2      6      1   1097
      1     13      2      1      6     10     15     10      1   3250
      1     13      2      1      7      1      7      7      0   3860
      1     13      2      1      8      5      6      3      0   1494
      1     13      2      1      9      8      7      2      0   2134
      1     13      2      1     10      9      5      4      0   3586
      1     13      2      1     11      7      6      4      0   3307
      1     13      2      1     12      9      9      4      0   8562
      1     13      2      1     13      4      2      2      0   2838
      1     13      2      1     14      2     14      4      0   4416
      1     13      2      1     15      5     11      3      0   2559
      1     13      2      1     16      3     11      3      1   3268
      1     13      2      1     17      2     12      9      0   2087
      1     13      2      1     18      4     10      9      0   2736
      1     13      2      1     19     10     11      9      0   7430
      1     13      2      1     20      6      6      6      1   1203
      1     13      2      2      1      6      5      6      1   1460
      1     13      2      2      2      4     16      7      0   9127
      1     13      2      2      3      8      1      4      0   4776
      1     13      2      2      4     10     12      7      0   8230
      1     13      2      2      5      3      2      3      1   3859
      1     13      2      2      6      7     14      8      0   3214
      1     13      2      2      7      1     14      1      1   2997
      1     13      2      2      8      1      6     10      0   4377
      1     13      2      2      9      6     12      6      1   1009
      1     13      2      2     10      9      1      9      1   3475
      1     13      2      2     11      9      8      9      1   1548
      1     13      2      2     12     10      7      4      0   4243
      1     13      2      2     13      7     10      8      0   3013
      1     13      2      2     14      2     13     10      0   1709
      1     13      2      2     15      5      2      5      1   3059
      1     13      2      2     16      8     14      8      1   3564
      1     13      2      2     17      3     16      1      0   1613
      1     13      2      2     18      2      8      2      1   2274
      1     13      2      2     19      5      3      8      0   1626
      1     13      2      2     20      4      7      8      0   2126
      1     13      3      1      1      2     11      1      0   5173
      1     13      3      1      2      3      9      3      1   2500
      1     13      3      1      3      8      9      8      1   2210
      1     13      3      1      4     10      6      5      0   2037
      1     13      3      1      5      3      8      5      0   1853
      1     13      3      1      6      9     15      9      1   2094
      1     13      3      1      7      8      5     10      0   2778
      1     13      3      1      8      6      7      6      1   2920
      1     13      3      1      9      5      4      5      1   2268
      1     13      3      1     10      1     15      3      0   3126
      1     13      3      1     11      9     10      2      0   1498
      1     13      3      1     12      6      4      6      1   1048
      1     13      3      1     13      5     14      3      0   2954
      1     13      3      1     14      7      7     10      0   2317
      1     13      3      1     15      7      8     10      0   6046
      1     13      3      1     16      1     16      1      1   4846
      1     13      3      1     17      4      1      4      1   1527
      1     13      3      1     18      4     11      2      0  10490
      1     13      3      1     19      2      4      2      1   2831
      1     13      3      1     20     10      5      9      0   1936
      1     13      3      2      1      8     15      8      1   6275
      1     13      3      2      2      2      1      2      1   4075
      1     13      3      2      3      3     12      5      0   4276
      1     13      3      2      4      9      7      9      1   1728
      1     13      3      2      5      1     13      8      0   4691
      1     13      3      2      6      5     16      7      0   3126
      1     13      3      2      7      4     13      7      0   4847
      1     13      3      2      8      6     15      6      1    976
      1     13      3      2      9      5      9      8      0   2696
      1     13      3      2     10      4      8      4      1   3010
      1     13      3      2     11      2      5      2      1   2614
      1     13      3      2     12      8     12     10      0   2378
      1     13      3      2     13     10      4      9      0   2497
      1     13      3      2     14      6      8      6      1   1442
      1     13      3      2     15      9      2      9      1   1825
      1     13      3      2     16      7      2      5      0   8808
      1     13      3      2     17      3     13      5      0   4397
      1     13      3      2     18      1      5     10      0   3643
      1     13      3      2     19      7     15      4      0   4627
      1     13      3      2     20     10      3      1      0   5113
      1     13      4      1      1      1      3      8      0   2234
      1     13      4      1      2      5     11      3      0   1863
      1     13      4      1      3      6      7      6      1   1000
      1     13      4      1      4      7      6      5      0   4469
      1     13      4      1      5      8      7     10      0   2762
      1     13      4      1      6     10      5      9      0   2548
      1     13      4      1      7      7      8      4      0   4377
      1     13      4      1      8     10     15      8      0   2205
      1     13      4      1      9      3     11      3      1   3220
      1     13      4      1     10      4      1      4      1   1906
      1     13      4      1     11      6      2      6      1   1062
      1     13      4      1     12      2      4      2      1   1654
      1     13      4      1     13      5      4      1      0   4261
      1     13      4      1     14      8      5     10      0   2420
      1     13      4      1     15      3      8      3      1   3251
      1     13      4      1     16      4      2      4      1   2805
      1     13      4      1     17      2     12      9      0   1261
      1     13      4      1     18      9      9      9      1   1526
      1     13      4      1     19      1     16      8      0   3131
      1     13      4      1     20      9     10      9      1   1334
      1     13      4      2      1      1      1      1      1   6459
      1     13      4      2      2      8     16      8      1   3825
      1     13      4      2      3      6     11      6      1   1193
      1     13      4      2      4      2      9      2      1   1343
      1     13      4      2      5      8     10      7      0   8763
      1     13      4      2      6      7      5      8      0   1881
      1     13      4      2      7      5      1      8      0   2209
      1     13      4      2      8      1      9      2      0   4847
      1     13      4      2      9      3      1      1      0   3625
      1     13      4      2     10      2      2      4      0   2643
      1     13      4      2     11      7      3      7      1   4493
      1     13      4      2     12      4      5      4      1   6659
      1     13      4      2     13     10      2     10      1  10263
      1     13      4      2     14      6      3      6      1   1026
      1     13      4      2     15      9     13      9      1   2009
      1     13      4      2     16      9      4      9      1   1426
      1     13      4      2     17      4      4      4      1   3780
      1     13      4      2     18     10     10      2      0   4580
      1     13      4      2     19      5     12      5      1   3259
      1     13      4      2     20      3      3      1      0   4725
      1     13      5      1      1      1      8      2      0   1496
      1     13      5      1      2      2     10      1      0   5935
      1     13      5      1      3      1     15      1      1   2123
      1     13      5      1      4      3     14      3      1   3287
      1     13      5      1      5      9     15      9      1   1121
      1     13      5      1      6      5     14      5      1   1976
      1     13      5      1      7     10     14     10      1   4153
      1     13      5      1      8      2     11      4      0   4202
      1     13      5      1      9      4      3      4      1   2911
      1     13      5      1     10      9     12      9      1   2300
      1     13      5      1     11      8      9      8      1   1538
      1     13      5      1     12     10      6      7      0   1751
      1     13      5      1     13      3      9      1      0   5912
      1     13      5      1     14      6      9      6      1   1554
      1     13      5      1     15      7      7      7      1  60675
      1     13      5      1     16      6      4      6      1    914
      1     13      5      1     17      7      4      7      1   1641
      1     13      5      1     18      5      7      1      0  10174
      1     13      5      1     19      4     11      2      0   1310
      1     13      5      1     20      8      8     10      0   2286
      1     13      5      2      1      6     14      6      1   1042
      1     13      5      2      2     10     13      3      0   1545
      1     13      5      2      3      3     15      3      1   5876
      1     13      5      2      4      1      4     10      0   2548
      1     13      5      2      5      4     15     10      0   2114
      1     13      5      2      6      9     16      9      1   1164
      1     13      5      2      7      8      3      8      1   1747
      1     13      5      2      8      8      2      8      1   1731
      1     13      5      2      9      2      6      4      0   5109
      1     13      5      2     10      3      5      1      0   1893
      1     13      5      2     11      7     13      7      1   2929
      1     13      5      2     12      5     15      5      1   1693
      1     13      5      2     13     10      9      8      0   3597
      1     13      5      2     14      2      3      8      0   1443
      1     13      5      2     15      1     10      7      0   2629
      1     13      5      2     16      7     11     10      0   1326
      1     13      5      2     17      4      9      8      0   5225
      1     13      5      2     18      6     10      6      1   1110
      1     13      5      2     19      5      5     10      0   1977
      1     13      5      2     20      9      6      9      1   1076
      1     13      6      1      1      3      6      3      1   1373
      1     13      6      1      2      4     10      2      0   4186
      1     13      6      1      3      9      3      9      1    904
      1     13      6      1      4      5      6      5      1   1383
      1     13      6      1      5      1     11      8      0   1733
      1     13      6      1      6      2      7      9      0   1070
      1     13      6      1      7      6     16      6      1    948
      1     13      6      1      8      7     12      7      1   2424
      1     13      6      1      9      8     11     10      0   2332
      1     13      6      1     10      6      6      6      1   1481
      1     13      6      1     11      2     14      9      0   1336
      1     13      6      1     12      1      7      7      0   2959
      1     13      6      1     13     10     11      9      0   1982
      1     13      6      1     14      8      4      8      1   1502
      1     13      6      1     15      4      6     10      0   3552
      1     13      6      1     16      9      5      9      1  10128
      1     13      6      1     17     10      8      2      0   1718
      1     13      6      1     18      5     10      8      0   1580
      1     13      6      1     19      7      1      7      1   2084
      1     13      6      1     20      3      4     10      0   3128
      1     13      6      2      1      8      2      8      1   3443
      1     13      6      2      2      6     13      6      1   1010
      1     13      6      2      3      8      6      8      1   1848
      1     13      6      2      4      2     16      4      0   4958
      1     13      6      2      5      5      8      5      1   2330
      1     13      6      2      6     10      9      8      0   1475
      1     13      6      2      7      6     10      6      1   1243
      1     13      6      2      8      9     14      9      1   1148
      1     13      6      2      9      4     12      2      0   2064
      1     13      6      2     10     10      1      8      0   1826
      1     13      6      2     11      7     13      7      1   2795
      1     13      6      2     12      4      9      8      0   3312
      1     13      6      2     13      3      7      3      1   4481
      1     13      6      2     14      1      2      8      0   1675
      1     13      6      2     15      9      6      9      1   1209
      1     13      6      2     16      3     15      1      0   1843
      1     13      6      2     17      7     16      5      0   2414
      1     13      6      2     18      5      5     10      0   1526
      1     13      6      2     19      1     10      8      0   1944
      1     13      6      2     20      2      6      4      0   2263
      1     13      7      1      1     10      5     10      1   7548
      1     13      7      1      2      4      1      4      1   4024
      1     13      7      1      3      2     14      2      1   2340
      1     13      7      1      4      6      6      6      1   1123
      1     13      7      1      5      7     12      7      1   2004
      1     13      7      1      6      3      6      3      1   1988
      1     13      7      1      7      1     16      8      0   1309
      1     13      7      1      8      6      7      6      1   1040
      1     13      7      1      9     10     11      4      0   1662
      1     13      7      1     10      3      8      5      0   3330
      1     13      7      1     11      5      4      5      1   2664
      1     13      7      1     12      1      7      1      1   1550
      1     13      7      1     13      7      8      7      1   1466
      1     13      7      1     14      2      4      4      0   2044
      1     13      7      1     15      5      6      3      0   3685
      1     13      7      1     16      4     10      4      1   3935
      1     13      7      1     17      9     10      9      1   1433
      1     13      7      1     18      9      5      9      1   1147
      1     13      7      1     19      8     11      8      1   1644
      1     13      7      1     20      8      5      7      0   5375
      1     13      7      2      1      3     10      3      1   9358
      1     13      7      2      2      4     14      8      0   7208
      1     13      7      2      3      5      1      8      0   2861
      1     13      7      2      4      8     13      4      0   4058
      1     13      7      2      5      9     11      2      0   4526
      1     13      7      2      6      1     12      8      0   1493
      1     13      7      2      7      6      1      6      1   1164
      1     13      7      2      8      3      1      1      0   4542
      1     13      7      2      9     10      2      8      0   1681
      1     13      7      2     10      9     13      9      1   1192
      1     13      7      2     11      7      9      7      1   1344
      1     13      7      2     12      7      5      7      1   1609
      1     13      7      2     13      6      3      6      1   1080
      1     13      7      2     14      5     13      8      0   3579
      1     13      7      2     15      1      1      1      1   2309
      1     13      7      2     16      4      5      4      1   2359
      1     13      7      2     17      8     16      8      1   1828
      1     13      7      2     18      2     15      9      0   1277
      1     13      7      2     19      2      9      2      1   2609
      1     13      7      2     20     10     16      8      0   1744
      1     13      8      1      1      7      1      8      0   2987
      1     13      8      1      2      1      8      2      0   6903
      1     13      8      1      3      7      4      8      0   2109
      1     13      8      1      4     10     14      8      0   1489
      1     13      8      1      5     10      8     10      1   1982
      1     13      8      1      6      6      9      6      1    916
      1     13      8      1      7      5      7      1      0  12910
      1     13      8      1      8      8      4      8      1   6420
      1     13      8      1      9      5     10      8      0   2155
      1     13      8      1     10      2     10     10      0   2032
      1     13      8      1     11      8      8      7      0  12742
      1     13      8      1     12      9     12      9      1   1597
      1     13      8      1     13      2      7      9      0   1020
      1     13      8      1     14      9      3      9      1   1132
      1     13      8      1     15      3      4      2      0   2970
      1     13      8      1     16      4      6      8      0   1203
      1     13      8      1     17      3     14      2      0   1291
      1     13      8      1     18      1     11      8      0   1136
      1     13      8      1     19      4      3      2      0   1391
      1     13      8      1     20      6     16      6      1    862
      1     13      8      2      1      8     15      8      1   1659
      1     13      8      2      2      3     16      1      0   1327
      1     13      8      2      3      1     13      8      0   1231
      1     13      8      2      4      3     13      3      1   3627
      1     13      8      2      5      2      1      4      0   1159
      1     13      8      2      6      6     12      6      1    893
      1     13      8      2      7      1      6      1      1   2179
      1     13      8      2      8      4      8      8      0   1993
      1     13      8      2      9      5     16      8      0   3431
      1     13      8      2     10      9      1      9      1   1009
      1     13      8      2     11      7     10      7      1   1144
      1     13      8      2     12      4     16      8      0   5378
      1     13      8      2     13     10      3     10      1   4108
      1     13      8      2     14      6      8      6      1    947
      1     13      8      2     15      9      2      9      1    976
      1     13      8      2     16      8     14      8      1   4214
      1     13      8      2     17      5      3      8      0   1609
      1     13      8      2     18      2     13      4      0   6642
      1     13      8      2     19     10     12      1      0   3642
      1     13      8      2     20      7      2      8      0   2380
      1     13      9      1      1     10      6      7      0   1124
      1     13      9      1      2      5     11      5      1   2517
      1     13      9      1      3      6      4      6      1    971
      1     13      9      1      4      8      9      8      1    993
      1     13      9      1      5      8      7      8      1   2815
      1     13      9      1      6      9     15      9      1    918
      1     13      9      1      7      1      3      8      0   1046
      1     13      9      1      8      9      9      9      1    927
      1     13      9      1      9      4      2      4      1   6444
      1     13      9      1     10      2     11      9      0   1956
      1     13      9      1     11      4     11      4      1   1289
      1     13      9      1     12      1     15      8      0   2867
      1     13      9      1     13     10     15      8      0   1252
      1     13      9      1     14      6      2      6      1   1247
      1     13      9      1     15      3     11      1      0  10572
      1     13      9      1     16      2     12      9      0   1414
      1     13      9      1     17      5     14      3      0   9739
      1     13      9      1     18      3      9      1      0   1575
      1     13      9      1     19      7      6      8      0   1495
      1     13      9      1     20      7      7      8      0   2658
      1     13      9      2      1      4     13      4      1  15491
      1     13      9      2      2      2      8      4      0   5074
      1     13      9      2      3      8     12      8      1   1410
      1     13      9      2      4      8      1      4      0   1444
      1     13      9      2      5      6      5      6      1   1243
      1     13      9      2      6     10      4      2      0   2464
      1     13      9      2      7      5      2      3      0   2178
      1     13      9      2      8      6     15      6      1   1193
      1     13      9      2      9      7     15      7      1   1076
      1     13      9      2     10      5      9      8      0   1298
      1     13      9      2     11      2      5      4      0   2892
      1     13      9      2     12      3     12      3      1   8259
      1     13      9      2     13      1      5      8      0   1096
      1     13      9      2     14      1     14      8      0   5143
      1     13      9      2     15      4      7      8      0   1395
      1     13      9      2     16      9      8      9      1   1059
      1     13      9      2     17     10      7     10      1   1894
      1     13      9      2     18      3      2      5      0   4060
      1     13      9      2     19      7     14      8      0   1914
      1     13      9      2     20      9      7      9      1   1277
      1     13     10      1      1      2     10      4      0  12712
      1     13     10      1      2      9      5      9      1   1091
      1     13     10      1      3      8     11      8      1   1200
      1     13     10      1      4      2     14      9      0   4020
      1     13     10      1      5      9     12      9      1   1699
      1     13     10      1      6      1      8      4      0   3699
      1     13     10      1      7      4      3      4      1   5648
      1     13     10      1      8      8      8      8      1   5091
      1     13     10      1      9      6      6      6      1   1207
      1     13     10      1     10      4     10      8      0   1632
      1     13     10      1     11      3      6      3      1   1323
      1     13     10      1     12      5      6      5      1   1019
      1     13     10      1     13      7     12      7      1   1093
      1     13     10      1     14      3     14      3      1   1987
      1     13     10      1     15      7      4      8      0   2494
      1     13     10      1     16     10     11     10      1   1640
      1     13     10      1     17     10     14      1      0   1298
      1     13     10      1     18      1      7      1      1   1176
      1     13     10      1     19      6      9      6      1    925
      1     13     10      1     20      5      7      3      0   3900
      1     13     10      2      1      1      9     10      0   6842
      1     13     10      2      2      5     12      5      1   4780
      1     13     10      2      3      3      5      3      1   4476
      1     13     10      2      4      7      3      7      1   2677
      1     13     10      2      5      6     14      6      1   1144
      1     13     10      2      6      8     10      8      1   1726
      1     13     10      2      7      1      4     10      0   2476
      1     13     10      2      8     10     13      8      0   2963
      1     13     10      2      9      4     15      1      0   2892
      1     13     10      2     10      2      2      4      0   1964
      1     13     10      2     11      5     15      5      1   5680
      1     13     10      2     12      4      4      1      0   7126
      1     13     10      2     13      9     16      9      1   1096
      1     13     10      2     14      8      3      8      1   1093
      1     13     10      2     15      6     11      6      1    897
      1     13     10      2     16      9      4      9      1    944
      1     13     10      2     17     10     10      8      0   4011
      1     13     10      2     18      3      3      3      1   2095
      1     13     10      2     19      7     11      7      1   3825
      1     13     10      2     20      2      3      8      0   1446
