      1      5      1      1      1      6     16      3      0   2267   2131
      1      5      1      1      2      5      3      1      0   1424   1345
      1      5      1      1      3      3      3      8      0   2506   1200
      1      5      1      1      4      6     16      6      1   2681    884
      1      5      1      1      5      5      3      5      1   2487   1199
      1      5      1      1      6      7     16      4      0   1217   1013
      1      5      1      1      7      2     16      2      1   1097   1097
      1      5      1      1      8      4     13     10      0   1384    848
      1      5      1      1      9      8      1      7      0   1627   1070
      1      5      1      1     10      2      6      4      0    941   1381
      1      5      1      1     11      7     16      9      0   1909   1136
      1      5      1      1     12     10      6      3      0    626   1300
      1      5      1      1     13      4     14      2      0    769   1013
      1      5      1      1     14      6      5      8      0    995    675
      1      5      1      1     15      2      3      7      0   1813    917
      1      5      1      1     16      6      9      6      1   1480   1231
      1      5      1      1     17      3      2     10      0   1125   1117
      1      5      1      1     18      8      9      7      0   4248   1228
      1      5      1      1     19      6      1      6      1   1876   1151
      1      5      1      1     20      9      9      8      0   1431   1164
      1      5      1      2      1      2      2      1      0   3597     -1
      1      5      1      2      2      7      9      3      0   1924     -1
      1      5      1      2      3      3     16      8      0   1208     -1
      1      5      1      2      4      6     13      6      1   1728     -1
      1      5      1      2      5      7     15      7      1   1340     -1
      1      5      1      2      6      5     16      9      0   3945     -1
      1      5      1      2      7      9      6      9      1   1809     -1
      1      5      1      2      8      9      1      9      1   1262     -1
      1      5      1      2      9      4     16      6      0   1259     -1
      1      5      1      2     10      3      6      5      0   1476     -1
      1      5      1      2     11      5     12      5      1   1393     -1
      1      5      1      2     12      6     14      6      1    958     -1
      1      5      1      2     13      1      3      1      1   1225     -1
      1      5      1      2     14     10     15      3      0   1376     -1
      1      5      1      2     15      1     15      5      0   1208     -1
      1      5      1      2     16      4      4      5      0    808     -1
      1      5      1      2     17      8     13      4      0   1011     -1
      1      5      1      2     18     10      8      8      0   1258     -1
      1      5      1      2     19      8      5      3      0   1225     -1
      1      5      1      2     20      2      1      7      0   1408     -1
      1      5      2      1      1      3      3      3      1    925   1409
      1      5      2      1      2      4      9      8      0   1085    782
      1      5      2      1      3     10      6      2      0    939    714
      1      5      2      1      4      7      8      9      0    869    718
      1      5      2      1      5      5      7      5      1    839    829
      1      5      2      1      6      9     10      9      1   1113   1311
      1      5      2      1      7      2      6      6      0   1189    828
      1      5      2      1      8      7      8      3      0   1496   1017
      1      5      2      1      9      7      4      5      0    965    835
      1      5      2      1     10      7     16      7      1    870    977
      1      5      2      1     11      2     15      8      0   1007    909
      1      5      2      1     12      8     14      8      1   1482    950
      1      5      2      1     13      6      9      6      1    850    867
      1      5      2      1     14      1      2      3      0   1857    923
      1      5      2      1     15      9      4      9      1   1031   1131
      1      5      2      1     16      3     14      5      0   1256   1073
      1      5      2      1     17      1     11      4      0    748   1523
      1      5      2      1     18      5      1      5      1    997    902
      1      5      2      1     19      1      7      1      1   1302   1160
      1      5      2      1     20      5     10      5      1    986    979
      1      5      2      2      1      7     14      8      0   3762     -1
      1      5      2      2      2     10      3      3      0   1925     -1
      1      5      2      2      3      1      5     10      0   1475     -1
      1      5      2      2      4      1      9      2      0   1525     -1
      1      5      2      2      5      2      5      4      0   2958     -1
      1      5      2      2      6      8      7      7      0   1558     -1
      1      5      2      2      7      2      7      2      1   1325     -1
      1      5      2      2      8      3      4      5      0   1162     -1
      1      5      2      2      9      9     15      9      1   1678     -1
      1      5      2      2     10      5     15      5      1   1225     -1
      1      5      2      2     11      3      5      5      0    959     -1
      1      5      2      2     12      4      2      4      1   1558     -1
      1      5      2      2     13      8     12      1      0   2910     -1
      1      5      2      2     14      5      6      5      1   1074     -1
      1      5      2      2     15      9     13      9      1   1758     -1
      1      5      2      2     16      6      2      6      1   1541     -1
      1      5      2      2     17      4     12      5      0   1358     -1
      1      5      2      2     18      7     10      3      0   1341     -1
      1      5      2      2     19     10     13      4      0   1059     -1
      1      5      2      2     20      6     12      6      1   1079     -1
      1      5      3      1      1      5      1      5      1   1325   5539
      1      5      3      1      2      4      3      5      0    899    950
      1      5      3      1      3     10      6      4      0   1323   1105
      1      5      3      1      4      7     16      1      0   1062   1463
      1      5      3      1      5      3     14      5      0    943   1119
      1      5      3      1      6      9      4      9      1   1099   1146
      1      5      3      1      7      7      2     10      0    853    844
      1      5      3      1      8      8      9      3      0   1199   1064
      1      5      3      1      9      7     16      8      0    838   1468
      1      5      3      1     10      6     10      6      1    932    557
      1      5      3      1     11      3      2      5      0   1632   1045
      1      5      3      1     12      7      8      8      0   1170    978
      1      5      3      1     13      7     16      7      1    845    986
      1      5      3      1     14      3      2      3      1   1634   1079
      1      5      3      1     15      6      8      6      1    820   1223
      1      5      3      1     16      7      3      7      1   2103   1091
      1      5      3      1     17      7     16      7      1    572   1074
      1      5      3      1     18      2      3      3      0   1477    741
      1      5      3      1     19      1      7      7      0    968    964
      1      5      3      1     20      3     14      7      0   1422   1483
      1      5      3      2      1      1      4      4      0   1898     -1
      1      5      3      2      2      7      7      3      0   1192     -1
      1      5      3      2      3      8      8      7      0   2424     -1
      1      5      3      2      4      9     11      9      1   1392     -1
      1      5      3      2      5      5     14      1      0   2060     -1
      1      5      3      2      6      2     11      6      0   1258     -1
      1      5      3      2      7      7      5      7      1   2192     -1
      1      5      3      2      8      4     11      2      0   1292     -1
      1      5      3      2      9      8     16      7      0   1895     -1
      1      5      3      2     10      9     16      9      1   1192     -1
      1      5      3      2     11      3      9      5      0   1060     -1
      1      5      3      2     12     10     16      4      0   1809     -1
      1      5      3      2     13      1      8      2      0   1292     -1
      1      5      3      2     14      2     14      3      0   1127     -1
      1      5      3      2     15      6      3      6      1    875     -1
      1      5      3      2     16      4      8     10      0   2391     -1
      1      5      3      2     17     10      5      3      0    825     -1
      1      5      3      2     18      5     11      5      1   1358     -1
      1      5      3      2     19      3     12      5      0    908     -1
      1      5      3      2     20      6      7      6      1    908     -1
      1      5      4      1      1      2      3      2      1   1068   2934
      1      5      4      1      2      2     15      4      0   1152    799
      1      5      4      1      3      1     13      2      0    924   1055
      1      5      4      1      4      2      6      2      1   1165    949
      1      5      4      1      5      9      9      9      1    811    823
      1      5      4      1      6      4     15      3      0    834    931
      1      5      4      1      7      7      2      4      0    881    786
      1      5      4      1      8      6      5      6      1    844    758
      1      5      4      1      9     10     10      2      0    742    924
      1      5      4      1     10      7     11      6      0   2804   1183
      1      5      4      1     11      3      3      2      0   1018    700
      1      5      4      1     12      9      9      9      1   1113   1230
      1      5      4      1     13      8      3      2      0   1771    814
      1      5      4      1     14      1      2      2      0   1248    916
      1      5      4      1     15      5      1      5      1   1247    852
      1      5      4      1     16      2     16      2      1   1325   1038
      1      5      4      1     17      2     10      2      1    954   1237
      1      5      4      1     18      1     11      1      1   1110    988
      1      5      4      1     19      7     11      3      0   1667   1014
      1      5      4      1     20      2      8      2      1   1034    829
      1      5      4      2      1     10      2      5      0   2012     -1
      1      5      4      2      2      8     10      7      0   1991     -1
      1      5      4      2      3      3      8      5      0   1025     -1
      1      5      4      2      4      7      6     10      0   1946     -1
      1      5      4      2      5      3     11      5      0   1208     -1
      1      5      4      2      6      9     12      3      0   2475     -1
      1      5      4      2      7      2      9      2      1    727     -1
      1      5      4      2      8      4     10      2      0   1075     -1
      1      5      4      2      9      6     11      6      1    861     -1
      1      5      4      2     10      4      1      5      0   1278     -1
      1      5      4      2     11      1      6      2      0   1191     -1
      1      5      4      2     12      8      2      4      0    910     -1
      1      5      4      2     13      2     12      2      1    775     -1
      1      5      4      2     14      5      2      5      1    942     -1
      1      5      4      2     15     10     12      8      0   1259     -1
      1      5      4      2     16      5     13      1      0   3227     -1
      1      5      4      2     17      9      7      9      1   1429     -1
      1      5      4      2     18      1     10      2      0   2443     -1
      1      5      4      2     19      6      6      6      1    959     -1
      1      5      4      2     20      7     13      4      0    858     -1
      1      5      5      1      1      9      4      9      1   1062   2153
      1      5      5      1      2      7      2      4      0   1252    829
      1      5      5      1      3      6     16      6      1    780    771
      1      5      5      1      4      8      9      7      0   2365    819
      1      5      5      1      5      8      4      8      1   1369    946
      1      5      5      1      6      5      1      4      0   1237   1058
      1      5      5      1      7      7      3      8      0    901    997
      1      5      5      1      8     10      6      7      0    910   1135
      1      5      5      1      9      3      2      7      0   1002    960
      1      5      5      1     10      5      3      5      1   1644   1362
      1      5      5      1     11      6      5      6      1    822    631
      1      5      5      1     12      3     13      4      0   1041    908
      1      5      5      1     13      7     11      1      0   1569   1060
      1      5      5      1     14      3      2      5      0    835   2585
      1      5      5      1     15      2     10      6      0   6987   2140
      1      5      5      1     16      9      8      9      1    968   1060
      1      5      5      1     17      7      8      8      0   1835   1225
      1      5      5      1     18      8      4      8      1   1381    868
      1      5      5      1     19      3      2      7      0   2414    999
      1      5      5      1     20      4     13      2      0   1398    902
      1      5      5      2      1      6      4      6      1   1028     -1
      1      5      5      2      2      5      9      2      0   2741     -1
      1      5      5      2      3      2     13      2      1   2058     -1
      1      5      5      2      4      6     15     10      0   2177     -1
      1      5      5      2      5      2      4      2      1    795     -1
      1      5      5      2      6      4      6      1      0   3625     -1
      1      5      5      2      7      9      3      9      1   1095     -1
      1      5      5      2      8      3     10      5      0   1245     -1
      1      5      5      2      9      8      6      3      0   1745     -1
      1      5      5      2     10      7      1      8      0   2558     -1
      1      5      5      2     11      3      7      5      0   2796     -1
      1      5      5      2     12      9     14      9      1    892     -1
      1      5      5      2     13     10      4     10      1   2309     -1
      1      5      5      2     14     10      9      4      0   1860     -1
      1      5      5      2     15      1     14      8      0   1712     -1
      1      5      5      2     16      5      5      7      0   1025     -1
      1      5      5      2     17      7     12      8      0   1992     -1
      1      5      5      2     18      4      7      3      0   2159     -1
      1      5      5      2     19      8     11      8      1   1475     -1
      1      5      5      2     20      1      1      1      1   1976     -1
      1      5      6      1      1      3      3      3      1    976    741
      1      5      6      1      2      7      3      7      1   1550    768
      1      5      6      1      3     10     10      9      0   1131   1425
      1      5      6      1      4      6      1      6      1    828   1592
      1      5      6      1      5      8      1      2      0   1693   1020
      1      5      6      1      6      8      4      8      1   2633    983
      1      5      6      1      7      3     15      2      0   1079   1395
      1      5      6      1      8      5     10      7      0   1093    758
      1      5      6      1      9      1     11      2      0   1948   1178
      1      5      6      1     10      7     11      7      1   1616    962
      1      5      6      1     11      7     16      7      1    889    713
      1      5      6      1     12      7      8      7      1    771    896
      1      5      6      1     13      3      2      1      0   1561   1003
      1      5      6      1     14      6     10      6      1    761    970
      1      5      6      1     15      7      4      8      0   1157    843
      1      5      6      1     16      9      5      9      1    969   1601
      1      5      6      1     17      3     14      8      0    998    703
      1      5      6      1     18      5     10      5      1    924   1153
      1      5      6      1     19      3     15     10      0   1037   1059
      1      5      6      1     20      1      7      8      0   1861   1118
      1      5      6      2      1      8      5      8      1   1830     -1
      1      5      6      2      2      7     15      3      0   1610     -1
      1      5      6      2      3      2      2      2      1   1212     -1
      1      5      6      2      4      7     10      7      1   3959     -1
      1      5      6      2      5      4     12      2      0   1058     -1
      1      5      6      2      6      3      6      5      0   1279     -1
      1      5      6      2      7      1      3      2      0   1111     -1
      1      5      6      2      8      9     15      9      1   1691     -1
      1      5      6      2      9      5     12      5      1   1093     -1
      1      5      6      2     10      6      2      6      1   1159     -1
      1      5      6      2     11      3      4      5      0   1093     -1
      1      5      6      2     12      2      7      2      1   4392     -1
      1      5      6      2     13      9      1      9      1    894     -1
      1      5      6      2     14     10      8      2      0   3408     -1
      1      5      6      2     15      8      7      3      0   1758     -1
      1      5      6      2     16     10      3      6      0   1376     -1
      1      5      6      2     17      1      9      2      0   1824     -1
      1      5      6      2     18      4      4      5      0   2091     -1
      1      5      6      2     19      5     15      5      1   1642     -1
      1      5      6      2     20      6     14      6      1    876     -1
      1      5      7      1      1      4      3      5      0   1106    825
      1      5      7      1      2     10      6      9      0   1234    948
      1      5      7      1      3      4     13      9      0   1392    822
      1      5      7      1      4      3     14      4      0   1451    816
      1      5      7      1      5      2      3      2      1    863   1115
      1      5      7      1      6      5      1      5      1    831   1442
      1      5      7      1      7      8      9      8      1   1792    989
      1      5      7      1      8      6      9      6      1   1189   1138
      1      5      7      1      9      4     13      4      1   1975   1268
      1      5      7      1     10      4      3      4      1    675    775
      1      5      7      1     11      1     13      2      0    946    787
      1      5      7      1     12      4      9      3      0   2631   1245
      1      5      7      1     13      2      6      2      1   1554   1286
      1      5      7      1     14     10      7     10      1   1808    859
      1      5      7      1     15      6      5      6      1   1036    798
      1      5      7      1     16     10     14      1      0   2478   1050
      1      5      7      1     17      3     13      5      0   1681   1117
      1      5      7      1     18     10      1      7      0   1390    761
      1      5      7      1     19      8     15      8      1   1067    834
      1      5      7      1     20      9      8      9      1   1049    915
      1      5      7      2      1     10      5      4      0   4229     -1
      1      5      7      2      2      6     13      6      1    912     -1
      1      5      7      2      3      6      7      6      1   3541     -1
      1      5      7      2      4      2     14      9      0   1357     -1
      1      5      7      2      5     10     15      3      0   4641     -1
      1      5      7      2      6      7      5      6      0   1378     -1
      1      5      7      2      7      8      8      8      1   1845     -1
      1      5      7      2      8      5     14      5      1   1176     -1
      1      5      7      2      9      4      8      4      1   2958     -1
      1      5      7      2     10      8     13      8      1   1342     -1
      1      5      7      2     11      5     16     10      0   2342     -1
      1      5      7      2     12      4     16      6      0   1475     -1
      1      5      7      2     13      2      1      2      1   2058     -1
      1      5      7      2     14      1      4      1      1   5592     -1
      1      5      7      2     15      9     11      9      1   1342     -1
      1      5      7      2     16      1     15      7      0   1962     -1
      1      5      7      2     17      9      6      9      1   1142     -1
      1      5      7      2     18      7      9      8      0   1292     -1
      1      5      7      2     19      3      9      3      1   1993     -1
      1      5      7      2     20      3     16      3      1    960     -1
      1      5      8      1      1      1     11      4      0   1414    920
      1      5      8      1      2      3     14      5      0   1355    959
      1      5      8      1      3      5      8      5      1    641    744
      1      5      8      1      4      5      7      4      0    658   1366
      1      5      8      1      5      2     15      2      1   1357    892
      1      5      8      1      6      2      3      4      0    780   1328
      1      5      8      1      7      8     14     10      0   1339    712
      1      5      8      1      8      8     15      8      1   1057    874
      1      5      8      1      9      8      3      8      1   1574    989
      1      5      8      1     10      9      4      9      1   1474   1301
      1      5      8      1     11      5     10      5      1   1656   1219
      1      5      8      1     12      7     11     10      0   2600   1046
      1      5      8      1     13      7     16      7      1    678    659
      1      5      8      1     14      2      3      2      1   1396    772
      1      5      8      1     15      5      3      5      1    646    722
      1      5      8      1     16      1     13      2      0    786    961
      1      5      8      1     17      2      6      2      1    825   1138
      1      5      8      1     18     10      7      1      0   1825   1153
      1      5      8      1     19      2     16      1      0   1100    751
      1      5      8      1     20      7      8      7      1    903   1076
      1      5      8      2      1      1     14      1      1   2897     -1
      1      5      8      2      2     10      9     10      1   2174     -1
      1      5      8      2      3     10     13     10      1   1158     -1
      1      5      8      2      4      9     13      9      1   1058     -1
      1      5      8      2      5      5      6      5      1   1207     -1
      1      5      8      2      6      2      4      2      1   1207     -1
      1      5      8      2      7      4      7      4      1   1890     -1
      1      5      8      2      8      7     14      6      0   1708     -1
      1      5      8      2      9      8     11      1      0   2025     -1
      1      5      8      2     10      8     12      5      0   1191     -1
      1      5      8      2     11      6     12      6      1    926     -1
      1      5      8      2     12      1      5      4      0   3528     -1
      1      5      8      2     13      5      9      7      0   2741     -1
      1      5      8      2     14      4      2      3      0   1892     -1
      1      5      8      2     15      3      5      5      0    992     -1
      1      5      8      2     16      2      5      2      1   1525     -1
      1      5      8      2     17      3      7      5      0    975     -1
      1      5      8      2     18      7     12     10      0   1542     -1
      1      5      8      2     19      6      4      6      1    942     -1
      1      5      8      2     20      9     14      9      1    958     -1
      1      5      9      1      1      3     14     10      0   1530    916
      1      5      9      1      2      2      6      2      1    806    811
      1      5      9      1      3      3      2      3      1   1195    951
      1      5      9      1      4      6     10      6      1    923   1021
      1      5      9      1      5      1     13     10      0   2488   1613
      1      5      9      1      6      4     13      1      0   1572   1088
      1      5      9      1      7      1     12      4      0   1236   1125
      1      5      9      1      8      6      1      6      1   1196    788
      1      5      9      1      9     10      7      1      0   3342   1232
      1      5      9      1     10      5      4      5      1   1019    713
      1      5      9      1     11     10     10      4      0   1034    863
      1      5      9      1     12      5      3      5      1    656    531
      1      5      9      1     13      4     14     10      0   1100    866
      1      5      9      1     14      7      8      8      0   1756    762
      1      5      9      1     15      7      4      4      0    800    948
      1      5      9      1     16     10      6      9      0    969   1668
      1      5      9      1     17      4      9      2      0    821    583
      1      5      9      1     18      3      3      5      0    575   1021
      1      5      9      1     19      6      5      6      1    661    675
      1      5      9      1     20     10     14     10      1   1193    676
      1      5      9      2      1      5     11      5      1   3013     -1
      1      5      9      2      2      3     10      4      0   2108     -1
      1      5      9      2      3      3     12      4      0    909     -1
      1      5      9      2      4      6      3      6      1   1008     -1
      1      5      9      2      5      7      7      3      0   2557     -1
      1      5      9      2      6     10     16      1      0   1176     -1
      1      5      9      2      7      7      1      8      0   1909     -1
      1      5      9      2      8      6     15      6      1    810     -1
      1      5      9      2      9     10      4      7      0   1642     -1
      1      5      9      2     10      1      1     10      0   1758     -1
      1      5      9      2     11      9      3      9      1   1110     -1
      1      5      9      2     12      5      5      8      0   1358     -1
      1      5      9      2     13      8      6      3      0   1576     -1
      1      5      9      2     14      9     16      9      1   1096     -1
      1      5      9      2     15      4      6      1      0   1941     -1
      1      5      9      2     16      4     11      7      0   1542     -1
      1      5      9      2     17      2     13     10      0   1441     -1
      1      5      9      2     18      2     11      2      1   1443     -1
      1      5      9      2     19      8     16      3      0   1041     -1
      1      5      9      2     20      1      8      7      0   1741     -1
      1      5     10      1      1      2     16      2      1    838   1135
      1      5     10      1      2      8      3      8      1   1466   1207
      1      5     10      1      3      3     15      4      0   1460    774
      1      5     10      1      4      2     10      2      1    761   1019
      1      5     10      1      5      5      1      5      1    816    786
      1      5     10      1      6      9      5      9      1    773    695
      1      5     10      1      7      1      7      1      1    659    891
      1      5     10      1      8      1      2      2      0    912    691
      1      5     10      1      9      8      4      8      1    934    833
      1      5     10      1     10      8      9      8      1   1133    736
      1      5     10      1     11      5      7      5      1    696    772
      1      5     10      1     12      7     16      7      1    830    886
      1      5     10      1     13      2      3      2      1    729    904
      1      5     10      1     14      8     14     10      0    763    789
      1      5     10      1     15      2     15      2      1    668    981
      1      5     10      1     16      4      3      5      0    675    465
      1      5     10      1     17      3      1      3      1    998   1129
      1      5     10      1     18      4     15      3      0   1237    633
      1      5     10      1     19     10      1     10      1    986    765
      1      5     10      1     20      3     13      8      0   1857    957
      1      5     10      2      1      6     11      6      1   1395     -1
      1      5     10      2      2      9      7      9      1   1174     -1
      1      5     10      2      3      8     10      8      1   1476     -1
      1      5     10      2      4      2     12      2      1   2992     -1
      1      5     10      2      5     10     12      1      0   1662     -1
      1      5     10      2      6      7      6      7      1   1643     -1
      1      5     10      2      7      1      6      2      0   1311     -1
      1      5     10      2      8      8      2      8      1   1242     -1
      1      5     10      2      9      3     11      5      0   1476     -1
      1      5     10      2     10     10      2      1      0   1257     -1
      1      5     10      2     11      7     13      7      1   1542     -1
      1      5     10      2     12      2      9      2      1   1463     -1
      1      5     10      2     13      4      1     10      0   3592     -1
      1      5     10      2     14      3      8      3      1   1958     -1
      1      5     10      2     15      4     10      2      0   1245     -1
      1      5     10      2     16      6      6      6      1    979     -1
      1      5     10      2     17      5      2      5      1   1194     -1
      1      5     10      2     18      1     10      2      0   1279     -1
      1      5     10      2     19      5     13      5      1   2208     -1
      1      5     10      2     20      9     12      9      1   1263     -1
