      1      7      1      1      1      8      3      9      0   7490   5522
      1      7      1      1      2      2     10      2      1   2526   6641
      1      7      1      1      3      4     12      5      0   3324   4023
      1      7      1      1      4      9      7      1      0   1904   5930
      1      7      1      1      5      4     12      4      1   1964   2760
      1      7      1      1      6      2     10      2      1   4572   1393
      1      7      1      1      7      8      3      8      1   4635   1040
      1      7      1      1      8      2     15      7      0   9127   8243
      1      7      1      1      9      8     11      1      0   1471   4641
      1      7      1      1     10      7     11     10      0   2514   7699
      1      7      1      1     11      7      2      7      1   2357   2284
      1      7      1      1     12      6     12      6      1   3046   1936
      1      7      1      1     13      4     14      2      0   2688   3343
      1      7      1      1     14      2     10      4      0   1104   1424
      1      7      1      1     15      8      3      8      1   5138  14516
      1      7      1      1     16      1      6      8      0   1252   3692
      1      7      1      1     17      1      5      8      0   2071   4721
      1      7      1      1     18      3     14      1      0   2004   3961
      1      7      1      1     19      6      1     10      0   6235  17629
      1      7      1      1     20      8     16      7      0   1631   6198
      1      7      1      2      1      6     13      6      1   3104     -1
      1      7      1      2      2     10     15      4      0   7085     -1
      1      7      1      2      3      3      7      9      0  14510     -1
      1      7      1      2      4      1     10      5      0   2848     -1
      1      7      1      2      5      5      6      1      0   2012     -1
      1      7      1      2      6      8      4     10      0  10574     -1
      1      7      1      2      7      8     12      1      0   6537     -1
      1      7      1      2      8      6      6      6      1   6337     -1
      1      7      1      2      9      2      9      5      0   3148     -1
      1      7      1      2     10      7      5      4      0   7270     -1
      1      7      1      2     11     10      1      2      0   1699     -1
      1      7      1      2     12      3      9      1      0   3501     -1
      1      7      1      2     13      5     13      2      0   2316     -1
      1      7      1      2     14      4     13      2      0   2383     -1
      1      7      1      2     15      9      9      5      0   5066     -1
      1      7      1      2     16      4      1      5      0   2666     -1
      1      7      1      2     17      2     12      8      0   4819     -1
      1      7      1      2     18      7     14      2      0   1730     -1
      1      7      1      2     19      1     11      3      0   4267     -1
      1      7      1      2     20      9      8      5      0   2349     -1
      1      7      2      1      1      3     14      3      1   3219   5249
      1      7      2      1      2      5     15      3      0    803   1339
      1      7      2      1      3      7      4      5      0   1555   6051
      1      7      2      1      4      6      8      6      1   2298   7978
      1      7      2      1      5      8     11      2      0   1568   3944
      1      7      2      1      6      8     14      8      1   1788   1279
      1      7      2      1      7     10     10      8      0    928   1692
      1      7      2      1      8      2     10      2      1    894   5364
      1      7      2      1      9      2     14      2      1    968   7443
      1      7      2      1     10      9     16     10      0   1087   2301
      1      7      2      1     11      7      2      9      0   1225   2070
      1      7      2      1     12      7     11      7      1   1552   1816
      1      7      2      1     13     10      5      9      0   3182  21056
      1      7      2      1     14      8     11      3      0   5065   8059
      1      7      2      1     15      8     14      8      1    855   1061
      1      7      2      1     16     10     11      5      0    724   3373
      1      7      2      1     17     10      5     10      1   1916   6406
      1      7      2      1     18      1      9      5      0    744   2944
      1      7      2      1     19      1      5      1      1    973   4770
      1      7      2      1     20      2      2     10      0   3878   5301
      1      7      2      2      1      6      7      6      1   3387     -1
      1      7      2      2      2      6      9      6      1   3267     -1
      1      7      2      2      3     10     12      9      0   7620     -1
      1      7      2      2      4      2     11      5      0   9807     -1
      1      7      2      2      5      7      8      7      1   5419     -1
      1      7      2      2      6      5      7      1      0   5652     -1
      1      7      2      2      7      5      3     10      0   4567     -1
      1      7      2      2      8      1     14      7      0   5585     -1
      1      7      2      2      9      7      1      7      1   6036     -1
      1      7      2      2     10     10      9      2      0   3601     -1
      1      7      2      2     11      9      5      2      0  15462     -1
      1      7      2      2     12      4      6      1      0   8404     -1
      1      7      2      2     13      9      2      4      0   9123     -1
      1      7      2      2     14      8      2      1      0   8589     -1
      1      7      2      2     15      4     15      2      0   2366     -1
      1      7      2      2     16      3      6      8      0   6020     -1
      1      7      2      2     17      1     15      3      0  11190     -1
      1      7      2      2     18      3      2     10      0   4917     -1
      1      7      2      2     19      8     15      1      0   3699     -1
      1      7      2      2     20      2      3      4      0   2849     -1
      1      7      3      1      1      9      3      4      0   2121   9906
      1      7      3      1      2      9     16      2      0   1572   5931
      1      7      3      1      3      4     14      2      0    948   7325
      1      7      3      1      4      2     14      4      0   3590   4918
      1      7      3      1      5      1      6      1      1   1097  15640
      1      7      3      1      6      2     15      4      0   1049   7943
      1      7      3      1      7      8     14      1      0   1373  16922
      1      7      3      1      8     10     10      8      0    915   1071
      1      7      3      1      9      7      9      8      0   2373   5385
      1      7      3      1     10      7     11      7      1   1035   4513
      1      7      3      1     11      7      4      7      1   1696   3509
      1      7      3      1     12      1      6      1      1   1102   3313
      1      7      3      1     13      9      1      3      0   5299   4813
      1      7      3      1     14      9     16      9      1    825   1139
      1      7      3      1     15      9      3      9      1   1291   2834
      1      7      3      1     16      5     10     10      0  11751   7622
      1      7      3      1     17      5      9      5      1    899   1409
      1      7      3      1     18      4      7      3      0   3982   1184
      1      7      3      1     19      1     12      4      0   1024   4912
      1      7      3      1     20      8     16     10      0   4512   5219
      1      7      3      2      1      2      5     10      0  24096     -1
      1      7      3      2      2      5     11      1      0  12793     -1
      1      7      3      2      3      8      7      9      0  15230     -1
      1      7      3      2      4      6     10      6      1   1599     -1
      1      7      3      2      5      9      6      4      0   4850     -1
      1      7      3      2      6     10      3     10      1   7555     -1
      1      7      3      2      7      7     13      7      1  10507     -1
      1      7      3      2      8      9     14      4      0   2766     -1
      1      7      3      2      9     10      6     10      1   2515     -1
      1      7      3      2     10      4      9      5      0  16011     -1
      1      7      3      2     11      6      5      6      1   1664     -1
      1      7      3      2     12      1     13      8      0   4166     -1
      1      7      3      2     13      3      3      1      0   5653     -1
      1      7      3      2     14      5      8      1      0  17331     -1
      1      7      3      2     15      2      4     10      0   7186     -1
      1      7      3      2     16      1      4      8      0   6470     -1
      1      7      3      2     17      4      2      2      0   4767     -1
      1      7      3      2     18      3     16      7      0  14526     -1
      1      7      3      2     19      8      9      7      0   2533     -1
      1      7      3      2     20      7     15      7      1   3056     -1
      1      7      4      1      1      2      2     10      0   4631  12044
      1      7      4      1      2     10     11      2      0   1227   5572
      1      7      4      1      3      1      6      1      1   1244   8135
      1      7      4      1      4      1      5      1      1   1060    995
      1      7      4      1      5      5     15      8      0   1868   3378
      1      7      4      1      6      4     14      5      0   1472   2885
      1      7      4      1      7      4      7      4      1    936   1748
      1      7      4      1      8      5      9      7      0    937   1911
      1      7      4      1      9      1     12      5      0   1194   6093
      1      7      4      1     10      4     12      8      0  10543  14408
      1      7      4      1     11      4     12      4      1   2621   7289
      1      7      4      1     12      9      7      5      0   5289   1118
      1      7      4      1     13      7      7      7      1   2001   1395
      1      7      4      1     14      9      3      9      1   2284   2259
      1      7      4      1     15      5     12      5      1   5998   1451
      1      7      4      1     16      2      6      6      0   1058   1061
      1      7      4      1     17      5     14      1      0   6422  26784
      1      7      4      1     18      9     10      9      1   1293   1342
      1      7      4      1     19      2     15      2      1   1163   3265
      1      7      4      1     20      8     11      8      1   3910   1356
      1      7      4      2      1      5      4      5      1  20019     -1
      1      7      4      2      2      6      4      6      1   1816     -1
      1      7      4      2      3     10      2      1      0   7021     -1
      1      7      4      2      4      5     16      7      0  10641     -1
      1      7      4      2      5      3      8      1      0   2348     -1
      1      7      4      2      6      2      1      2      1   1482     -1
      1      7      4      2      7      1      1      2      0   3817     -1
      1      7      4      2      8      8      5     10      0   4634     -1
      1      7      4      2      9      3      1      8      0   5052     -1
      1      7      4      2     10      8     13      8      1   6952     -1
      1      7      4      2     11      7      6      7      1   5500     -1
      1      7      4      2     12      2     16      2      1   1566     -1
      1      7      4      2     13      9     13      9      1   1822     -1
      1      7      4      2     14      9     15      9      1   2149     -1
      1      7      4      2     15      6      3      6      1   1365     -1
      1      7      4      2     16      7      3      7      1   2448     -1
      1      7      4      2     17      4     10      2      0  12393     -1
      1      7      4      2     18     10      8      4      0   7904     -1
      1      7      4      2     19      4     11      2      0  13044     -1
      1      7      4      2     20      1      7      1      1   3500     -1
      1      7      5      1      1      5     14      5      1   5091  15257
      1      7      5      1      2      3     14      8      0  10188  13953
      1      7      5      1      3      2      2      2      1   1133   2997
      1      7      5      1      4      5      5     10      0   7052   1090
      1      7      5      1      5     10     11     10      1   1323   1919
      1      7      5      1      6     10     14      1      0   9687  16403
      1      7      5      1      7      6      1      6      1   3975   3063
      1      7      5      1      8      1      3      1      1   1213   2211
      1      7      5      1      9      2      7      9      0   1096   1544
      1      7      5      1     10      9     11      9      1   1178   6360
      1      7      5      1     11      3      5      5      0   3787   3057
      1      7      5      1     12      3     12      3      1   2277   7178
      1      7      5      1     13      7     11      7      1   1024   1307
      1      7      5      1     14      5     15      3      0    810   3143
      1      7      5      1     15      4     14      2      0    996   4126
      1      7      5      1     16     10     10      1      0   2168   8173
      1      7      5      1     17      8     11     10      0    926   1775
      1      7      5      1     18      4      7      4      1   4776   2852
      1      7      5      1     19      1      2      7      0   8903   1221
      1      7      5      1     20      9     16      2      0   4538   2292
      1      7      5      2      1      2     13      4      0  28295     -1
      1      7      5      2      2      3     11      3      1   6687     -1
      1      7      5      2      3      1      8     10      0  13292     -1
      1      7      5      2      4      4     16      6      0   6486     -1
      1      7      5      2      5      6     15      6      1   3066     -1
      1      7      5      2      6      6      2      6      1   1899     -1
      1      7      5      2      7      5      1      7      0   4550     -1
      1      7      5      2      8      1     16      1      1   2031     -1
      1      7      5      2      9      9     12      9      1   1998     -1
      1      7      5      2     10     10     13      1      0   2065     -1
      1      7      5      2     11      7     16      7      1   3817     -1
      1      7      5      2     12      4      8      7      0   2366     -1
      1      7      5      2     13      9      4      9      1   1715     -1
      1      7      5      2     14      2      8      2      1   7538     -1
      1      7      5      2     15      8      1      5      0   2631     -1
      1      7      5      2     16      7     10      7      1   4536     -1
      1      7      5      2     17      8      6      7      0   6871     -1
      1      7      5      2     18      3     15      8      0   5518     -1
      1      7      5      2     19      5      2      5      1   2548     -1
      1      7      5      2     20     10      7     10      1   4302     -1
      1      7      6      1      1      1     12      1      1   5130  10042
      1      7      6      1      2      9      1      9      1   1029   8408
      1      7      6      1      3      1      9      1      1   2381   1073
      1      7      6      1      4      4      3      8      0   7966   2135
      1      7      6      1      5      4     14      4      1    921   3153
      1      7      6      1      6      7      2      7      1   1852   2238
      1      7      6      1      7      5      9      7      0   3576   1112
      1      7      6      1      8      3     10      8      0   4242   2627
      1      7      6      1      9      3     12      3      1    691   1763
      1      7      6      1     10      3      4      8      0   4451   2731
      1      7      6      1     11      8     16     10      0   2374  10581
      1      7      6      1     12      7      9      7      1   1938   3827
      1      7      6      1     13      7      4      5      0   1286   4463
      1      7      6      1     14      1      5      1      1   1111    994
      1      7      6      1     15      4      4      3      0   6423   1249
      1      7      6      1     16      6     14      6      1   1431   2696
      1      7      6      1     17      8      8     10      0   8848   2673
      1      7      6      1     18      1      6      1      1   1180   9162
      1      7      6      1     19     10     16      1      0   4086   1005
      1      7      6      1     20      8     10      8      1   2283   2081
      1      7      6      2      1      6     15      6      1   1368     -1
      1      7      6      2      2      8      6      7      0   9390     -1
      1      7      6      2      3      5      4      3      0  14895     -1
      1      7      6      2      4      4     10      2      0  38867     -1
      1      7      6      2      5      2      1      2      1   3817     -1
      1      7      6      2      6      1      8      5      0  14545     -1
      1      7      6      2      7      9     12      9      1   1866     -1
      1      7      6      2      8     10      2      1      0   1931     -1
      1      7      6      2      9      3     15      3      1   7821     -1
      1      7      6      2     10      7     16      7      1   1949     -1
      1      7      6      2     11      1      7      1      1   1531     -1
      1      7      6      2     12      7      6      7      1   1630     -1
      1      7      6      2     13      2      8      5      0   4769     -1
      1      7      6      2     14      5      2      3      0   8706     -1
      1      7      6      2     15      8      5      8      1   1899     -1
      1      7      6      2     16      9     13      9      1   1265     -1
      1      7      6      2     17      4     16      2      0   8889     -1
      1      7      6      2     18      3      1      5      0  11459     -1
      1      7      6      2     19      6      3      6      1   1231     -1
      1      7      6      2     20     10     13      1      0   1999     -1
      1      7      7      1      1      5     15      4      0   2508   3965
      1      7      7      1      2      4      3      3      0   3695   2463
      1      7      7      1      3      3      4      3      1   1411   8655
      1      7      7      1      4      1      6      1      1   1135  14198
      1      7      7      1      5     10     16     10      1   3775   1000
      1      7      7      1      6      2      2      2      1  10132   8112
      1      7      7      1      7      8     10      8      1   1071   6721
      1      7      7      1      8      3     13      8      0   4243   1503
      1      7      7      1      9     10      5     10      1   4899  31949
      1      7      7      1     10      5     10      3      0   5092   1060
      1      7      7      1     11      2     14      9      0   3757   6002
      1      7      7      1     12     10      4     10      1   7459   1296
      1      7      7      1     13      7     12      7      1   8750   1495
      1      7      7      1     14      4      5      4      1   7945   1551
      1      7      7      1     15      8     14      8      1   2080   1393
      1      7      7      1     16      3     10      3      1  16426  13469
      1      7      7      1     17      5     14      5      1   2049  11450
      1      7      7      1     18      3     14      4      0   3110   3922
      1      7      7      1     19      7      2      4      0    648   9337
      1      7      7      1     20      4     14      4      1    930   1771
      1      7      7      2      1      2     13      2      1   4436     -1
      1      7      7      2      2      4      8      7      0   6170     -1
      1      7      7      2      3      8      2      8      1   1866     -1
      1      7      7      2      4      8      1     10      0   4168     -1
      1      7      7      2      5      3     11      3      1   4985     -1
      1      7      7      2      6      9      4      9      1   1364     -1
      1      7      7      2      7      1     14      1      1   4452     -1
      1      7      7      2      8      6      2      6      1   1282     -1
      1      7      7      2      9     10      7     10      1   1514     -1
      1      7      7      2     10      3      2      3      1  13226     -1
      1      7      7      2     11      5      1      3      0  19183     -1
      1      7      7      2     12      5      3      7      0   3951     -1
      1      7      7      2     13      7      8      7      1   3232     -1
      1      7      7      2     14      9      5      9      1   1215     -1
      1      7      7      2     15      6      7      6      1   1098     -1
      1      7      7      2     16      4      6     10      0   9072     -1
      1      7      7      2     17      2      3      1      0   3334     -1
      1      7      7      2     18      7     10      7      1   2549     -1
      1      7      7      2     19     10      9      1      0   2465     -1
      1      7      7      2     20      1     16      1      1   2699     -1
      1      7      8      1      1      5      5      4      0   3318  24057
      1      7      8      1      2      5     15      5      1    672   1529
      1      7      8      1      3      4      7      4      1   1406   4399
      1      7      8      1      4      3     13      3      1   1318  10024
      1      7      8      1      5      3     12      3      1   1521   4282
      1      7      8      1      6      1     12      1      1   1650   2860
      1      7      8      1      7     10     11     10      1   1189   1276
      1      7      8      1      8      2      7      9      0   2232   2667
      1      7      8      1      9      2      6      2      1    790   3228
      1      7      8      1     10      4      4      4      1  10028   7256
      1      7      8      1     11      3     14      4      0   1333   3586
      1      7      8      1     12      7      7      7      1   1488   7384
      1      7      8      1     13      4     14      3      0   4764   1351
      1      7      8      1     14     10     16      1      0   1432   5545
      1      7      8      1     15      2     14      2      1   1019   4152
      1      7      8      1     16      7      4      7      1   2405   2966
      1      7      8      1     17      9     11      9      1   2079   4475
      1      7      8      1     18      2      2      2      1   2009   5374
      1      7      8      1     19      2     15      2      1   2115   2910
      1      7      8      1     20      4      3      3      0   6364  10651
      1      7      8      2      1      6     13      6      1   1818     -1
      1      7      8      2      2      5      7      3      0   9204     -1
      1      7      8      2      3      8      4      7      0   1849     -1
      1      7      8      2      4      3      9      4      0   6253     -1
      1      7      8      2      5      8     15      8      1   1197     -1
      1      7      8      2      6      6      9      6      1   1198     -1
      1      7      8      2      7     10      1      1      0   3399     -1
      1      7      8      2      8      1     11      1      1   1516     -1
      1      7      8      2      9      9      2      9      1   1349     -1
      1      7      8      2     10      5     13      7      0   1366     -1
      1      7      8      2     11      2     12      2      1   3601     -1
      1      7      8      2     12      7     14      7      1   2798     -1
      1      7      8      2     13      2     11     10      0   5936     -1
      1      7      8      2     14      3      6      3      1   6220     -1
      1      7      8      2     15      4     13      4      1   3533     -1
      1      7      8      2     16      1     15      5      0   7622     -1
      1      7      8      2     17      9      8      9      1   5335     -1
      1      7      8      2     18      4     15      4      1   1866     -1
      1      7      8      2     19      7      1      7      1   1766     -1
      1      7      8      2     20     10     12      1      0   3200     -1
      1      7      9      1      1      5     15      5      1   5369   2618
      1      7      9      1      2      3     10      3      1   2221   2266
      1      7      9      1      3      3     10      3      1   9356   1023
      1      7      9      1      4      3      4      4      0  10387   1411
      1      7      9      1      5      4      7      4      1   1934   6991
      1      7      9      1      6      5     10      5      1   4100   6368
      1      7      9      1      7      7      2      7      1   2237   3065
      1      7      9      1      8      3     14      4      0   1859   3256
      1      7      9      1      9     10     16      1      0   1451   4400
      1      7      9      1     10      7      4      7      1   1030   2599
      1      7      9      1     11     10     11     10      1   1547   1268
      1      7      9      1     12      8     14      8      1   3228   1500
      1      7      9      1     13      5     12      5      1   3724   4350
      1      7      9      1     14      7      7      7      1   1093   2458
      1      7      9      1     15      4     12      5      0   7022   1802
      1      7      9      1     16      5     15      5      1    615   7765
      1      7      9      1     17      5     14      3      0   3619  16465
      1      7      9      1     18      4      3      4      1   5141   6171
      1      7      9      1     19      4     12      4      1   1002   3172
      1      7      9      1     20      8      8      8      1   1350   2730
      1      7      9      2      1      6     10      6      1   2235     -1
      1      7      9      2      2      5      8      3      0   8655     -1
      1      7      9      2      3      2      4     10      0   7503     -1
      1      7      9      2      4      8      7      8      1   1983     -1
      1      7      9      2      5      5     11      5      1   3467     -1
      1      7      9      2      6      4      9      2      0   9522     -1
      1      7      9      2      7      3      3      3      1   6454     -1
      1      7      9      2      8     10      3     10      1   5834     -1
      1      7      9      2      9      3     16      4      0   1582     -1
      1      7      9      2     10      7     13      7      1   1549     -1
      1      7      9      2     11      1      4      1      1   1032     -1
      1      7      9      2     12      8      9      7      0   1331     -1
      1      7      9      2     13      7     15      7      1   1314     -1
      1      7      9      2     14     10      6      1      0   4316     -1
      1      7      9      2     15      6      5      6      1   1565     -1
      1      7      9      2     16      9     14      9      1   1065     -1
      1      7      9      2     17      9      6      9      1   1130     -1
      1      7      9      2     18      1     13      1      1   3534     -1
      1      7      9      2     19      2      5      2      1  11825     -1
      1      7      9      2     20      4      2     10      0  10039     -1
      1      7     10      1      1      2     10      2      1   3411   2319
      1      7     10      1      2      3      5      3      1   4275  14567
      1      7     10      1      3      3      4      4      0   2438   2009
      1      7     10      1      4      3     10      3      1   1049   1054
      1      7     10      1      5     10     10      1      0   2357    723
      1      7     10      1      6      8     14      8      1    937   3439
      1      7     10      1      7      4      4      4      1   5175   1262
      1      7     10      1      8      7      4      7      1   2652   2224
      1      7     10      1      9      1     12      1      1   1107   3228
      1      7     10      1     10      9     11      9      1   1035   2387
      1      7     10      1     11     10     11     10      1   1077   4625
      1      7     10      1     12      2     15      2      1   3056   1847
      1      7     10      1     13      8      8      8      1   1196    993
      1      7     10      1     14      4      3      4      1   1482   1186
      1      7     10      1     15      3     12      3      1    743   3208
      1      7     10      1     16      3     14      3      1    977    832
      1      7     10      1     17      5     12      5      1    958   3202
      1      7     10      1     18      4     14      4      1    853   3751
      1      7     10      1     19      3     10      3      1   1116   5714
      1      7     10      1     20      3     13      8      0   1158   5082
      1      7     10      2      1      6      4      6      1   1302     -1
      1      7     10      2      2      9     15      2      0  10990     -1
      1      7     10      2      3     10     15      1      0   1280     -1
      1      7     10      2      4      7      5      7      1   2381     -1
      1      7     10      2      5      3      7      3      1   4435     -1
      1      7     10      2      6      3      8      8      0   6120     -1
      1      7     10      2      7      8     13      8      1   1482     -1
      1      7     10      2      8      2     16      2      1   1365     -1
      1      7     10      2      9      6      6      6      1   1163     -1
      1      7     10      2     10      4     11      4      1   3467     -1
      1      7     10      2     11      1      1     10      0   6919     -1
      1      7     10      2     12     10      8      2      0   6154     -1
      1      7     10      2     13      4      1      4      1   9139     -1
      1      7     10      2     14      1     10      1      1   1348     -1
      1      7     10      2     15      9      9      9      1   1199     -1
      1      7     10      2     16      5     16      7      0   2448     -1
      1      7     10      2     17      5      6      3      0   2700     -1
      1      7     10      2     18      2      9      2      1   3451     -1
      1      7     10      2     19      8     12      8      1   1516     -1
      1      7     10      2     20      7      3      7      1   1882     -1
