      2    166      1      1      1      7     13      1      0   7569   4367
      2    166      1      1      2      8     16      5      0   2286   3702
      2    166      1      1      3      3     14      4      0   2932   7733
      2    166      1      1      4      5      7      4      0   2408   8023
      2    166      1      1      5      6      8      2      0   1313  10347
      2    166      1      1      6      8      2      2      0   1613   8916
      2    166      1      1      7      7      5      1      0   1362   1067
      2    166      1      1      8      3      6      7      0   1605  10903
      2    166      1      1      9      2      5      3      0   2799  13486
      2    166      1      1     10      4     12      2      0   1907   4199
      2    166      1      1     11      2      8      2      1   1570   2255
      2    166      1      1     12      8      8      6      0   1472   4267
      2    166      1      1     13      8      9      8      1   1633   5786
      2    166      1      1     14      8      5      8      1   1698   7301
      2    166      1      1     15      8      2      8      1   5112    818
      2    166      1      1     16      7     13      6      0   1661   1817
      2    166      1      2      1      3     10      4      0   2825
      2    166      1      2      2      1      7      6      0   9313
      2    166      1      2      3      5     10      3      0   2230
      2    166      1      2      4      1     11      6      0   3847
      2    166      1      2      5      5     16      5      1   2296
      2    166      1      2      6      8     15      8      1   4030
      2    166      1      2      7      2      3      2      1   2096
      2    166      1      2      8      3      8      3      1   5563
      2    166      1      2      9      4     10      8      0   1414
      2    166      1      2     10      2     14      8      0   1297
      2    166      1      2     11      7      4      1      0   1530
      2    166      1      2     12      4     16      4      1   1780
      2    166      1      2     13      6     15      4      0   1580
      2    166      1      2     14      8      3      8      1   1263
      2    166      1      2     15      6      6      3      0   2365
      2    166      1      2     16      7     10      1      0   4446
      2    166      2      1      1      6      8      5      0   1531  11344
      2    166      2      1      2      5     11      2      0   1056   3185
      2    166      2      1      3      5     12      5      1   2035   4204
      2    166      2      1      4      6     12      4      0   2728   1999
      2    166      2      1      5      3     16      6      0   1766   8382
      2    166      2      1      6      3     14      3      1   1119    877
      2    166      2      1      7      3      6      3      1   1018   6217
      2    166      2      1      8      6      7      6      1   1824   4548
      2    166      2      1      9      6     13      6      1    893   2018
      2    166      2      1     10      4      5      1      0   1475   8738
      2    166      2      1     11      7     15      4      0    842   5910
      2    166      2      1     12      4      9      4      1   1011   1733
      2    166      2      1     13      7      8      7      1   5760   6059
      2    166      2      1     14      1     16      4      0   1792   6526
      2    166      2      1     15      8      2      8      1   1746   3046
      2    166      2      1     16      7      5      4      0   1153   1258
      2    166      2      2      1      1      1      4      0   8263
      2    166      2      2      2      7      2      7      1   5063
      2    166      2      2      3      5      5      5      1   3214
      2    166      2      2      4      7      7      7      1   2230
      2    166      2      2      5      5      2      5      1   1479
      2    166      2      2      6      4      8      3      0   3330
      2    166      2      2      7      8      6      8      1   1696
      2    166      2      2      8      8     10      8      1   2296
      2    166      2      2      9      4     14      1      0   3763
      2    166      2      2     10      3      7      7      0   6163
      2    166      2      2     11      2      9      3      0   2698
      2    166      2      2     12      3      2      1      0   3363
      2    166      2      2     13      2     16      4      0   1729
      2    166      2      2     14      1      2      2      0   1212
      2    166      2      2     15      6     10      1      0   2314
      2    166      2      2     16      6     11      6      1   4629
      2    166      3      1      1      7      8      6      0   2529   5607
      2    166      3      1      2      7     15      7      1   1765   7302
      2    166      3      1      3      2      1      3      0    987   4135
      2    166      3      1      4      2      4      2      1   2013   1215
      2    166      3      1      5      2      6      2      1   1070   3371
      2    166      3      1      6      2      5      2      1    910    885
      2    166      3      1      7      6      7      6      1   1319   2890
      2    166      3      1      8      1     10      4      0    914   7270
      2    166      3      1      9      1     14      6      0   3108   9339
      2    166      3      1     10      4      1      4      1   1652   2325
      2    166      3      1     11      7     12      7      1   1808   1138
      2    166      3      1     12      1      4      1      1   1835   2625
      2    166      3      1     13      3     14      1      0   9749   4723
      2    166      3      1     14      3      6      3      1   1028   2149
      2    166      3      1     15      3     16      3      1   1136   3122
      2    166      3      1     16      3     13      1      0   1285   7132
      2    166      3      2      1      3      9      1      0   3463
      2    166      3      2      2      1      5      1      1   3297
      2    166      3      2      3      2     10      5      0   1630
      2    166      3      2      4      6     16      6      1   5296
      2    166      3      2      5      4     13      3      0   8813
      2    166      3      2      6      1      9      4      0   4080
      2    166      3      2      7      3     12      1      0   1313
      2    166      3      2      8      7     14      1      0   2263
      2    166      3      2      9      6      3      6      1   2513
      2    166      3      2     10      5      6      5      1   2247
      2    166      3      2     11      8     13      8      1   2979
      2    166      3      2     12      5      9      5      1   1163
      2    166      3      2     13      7     16      5      0   1947
      2    166      3      2     14      4     15      3      0   2946
      2    166      3      2     15      8      4      8      1   1163
      2    166      3      2     16      2      2      2      1   3146
      2    166      4      1      1      1      3      2      0   1589   1889
      2    166      4      1      2      2      8      2      1   3914   2195
      2    166      4      1      3      7     12      6      0   4073   6795
      2    166      4      1      4      6      7      6      1   1536   1725
      2    166      4      1      5      1     14      6      0   1495   1583
      2    166      4      1      6      3      6      1      0   1107   1937
      2    166      4      1      7      8      2      8      1   1581   8931
      2    166      4      1      8      7      5      3      0   1869   1675
      2    166      4      1      9      2      5      2      1   1234   1194
      2    166      4      1     10      3     14      3      1   1407   1022
      2    166      4      1     11      2      8      2      1    951    762
      2    166      4      1     12      8      8      4      0   3149    946
      2    166      4      1     13      6      5      6      1   4982    747
      2    166      4      1     14      7     13      7      1   2997   2578
      2    166      4      1     15      3      6      6      0   3133    680
      2    166      4      1     16      8     14      8      1    751   1061
      2    166      4      2      1      8     13      8      1   3963
      2    166      4      2      2      2     16      3      0   7279
      2    166      4      2      3      5      6      5      1   1597
      2    166      4      2      4      7     10      7      1   3180
      2    166      4      2      5      6      3      6      1   1464
      2    166      4      2      6      2      3      3      0   4146
      2    166      4      2      7      4     13      1      0   1663
      2    166      4      2      8      6     15      6      1   2365
      2    166      4      2      9      1      5      7      0   2014
      2    166      4      2     10      3      9      7      0   5747
      2    166      4      2     11      7      4      6      0   2030
      2    166      4      2     12      3     12      1      0   2447
      2    166      4      2     13      5      9      5      1   1430
      2    166      4      2     14      4     15      6      0   3347
      2    166      4      2     15      8      4      8      1   1113
      2    166      4      2     16      1      9      2      0   3863
      2    166      5      1      1      1      3      2      0   1011    752
      2    166      5      1      2      5     14      5      1   1173   1039
      2    166      5      1      3      5      4      5      1   1115    931
      2    166      5      1      4      5     11      5      1    797    749
      2    166      5      1      5      3     11      3      1   1343   1884
      2    166      5      1      6      3     16      3      1   1048    648
      2    166      5      1      7      3     13      3      1   1504    809
      2    166      5      1      8      6     12      6      1    924   1969
      2    166      5      1      9      8      5      8      1   2478   1234
      2    166      5      1     10      6      7      6      1   1185   4586
      2    166      5      1     11      4      3      1      0   1097   1248
      2    166      5      1     12      4      9      4      1   1001   1095
      2    166      5      1     13      3     14      3      1   1784   2808
      2    166      5      1     14      1      4      4      0   4099   1229
      2    166      5      1     15      3     15      1      0   1142   3549
      2    166      5      1     16      1     14      3      0   1100   4622
      2    166      5      2      1      2      2      2      1   2563
      2    166      5      2      2      5      5      5      1   1430
      2    166      5      2      3      7     16      1      0   5196
      2    166      5      2      4      1      2      6      0   4446
      2    166      5      2      5      8      3      8      1   1597
      2    166      5      2      6      5     10      5      1   1363
      2    166      5      2      7      4     16      4      1   3846
      2    166      5      2      8      6     16      6      1   1530
      2    166      5      2      9      3      8      7      0   2130
      2    166      5      2     10      2     14      8      0   2997
      2    166      5      2     11      3      7      3      1   3248
      2    166      5      2     12      1      7      7      0   3580
      2    166      5      2     13      6      6      3      0   3047
      2    166      5      2     14      7     14      7      1   2063
      2    166      5      2     15      8     10      8      1   1013
      2    166      5      2     16      4     10      4      1   2096
      2    166      6      1      1      8      2      8      1   1259   3166
      2    166      6      1      2      7      8      7      1   1715   1113
      2    166      6      1      3      7      5      3      0   1932   2909
      2    166      6      1      4      2      5      2      1    969    976
      2    166      6      1      5      2      1      2      1   1759    903
      2    166      6      1      6      2      4      4      0   2897   2578
      2    166      6      1      7      8     16      8      1    964    932
      2    166      6      1      8      6      7      6      1   1362   2348
      2    166      6      1      9      4      3      7      0   2385   1492
      2    166      6      1     10      3     13      7      0   1252   1093
      2    166      6      1     11      4      5      4      1   1057   1388
      2    166      6      1     12      1     16      4      0   1231   1647
      2    166      6      1     13      1     14      6      0   1103    993
      2    166      6      1     14      7     12      7      1   1154   1042
      2    166      6      1     15      4     11      4      1    872   2055
      2    166      6      1     16      4      1      1      0    851   4871
      2    166      6      2      1      5      2      5      1   1680
      2    166      6      2      2      2      9      2      1   1080
      2    166      6      2      3      8      6      8      1   1113
      2    166      6      2      4      3     10      1      0   4763
      2    166      6      2      5      7      7      7      1   1297
      2    166      6      2      6      3      2      3      1   2496
      2    166      6      2      7      6     11      6      1   1146
      2    166      6      2      8      5     16      5      1   1479
      2    166      6      2      9      7      2      7      1   1296
      2    166      6      2     10      4      8      4      1   1430
      2    166      6      2     11      8     15      8      1   1446
      2    166      6      2     12      1     11      1      1   2613
      2    166      6      2     13      2     10      5      0   1513
      2    166      6      2     14      4     14      4      1   4513
      2    166      6      2     15      6     10      6      1   2163
      2    166      6      2     16      1      1      4      0   1647
      2    166      7      1      1      1      3      1      1   1563    783
      2    166      7      1      2      4      1      4      1    974    822
      2    166      7      1      3      1      4      1      1   1246   1100
      2    166      7      1      4      4      9      4      1   1247    899
      2    166      7      1      5      4      5      4      1    867   1162
      2    166      7      1      6      1     16      1      1   1827    886
      2    166      7      1      7      8      2      8      1    868   1309
      2    166      7      1      8      3     11      3      1   1530   2363
      2    166      7      1      9      3     16      3      1    866    796
      2    166      7      1     10      3     14      3      1   1539   1406
      2    166      7      1     11      6      5      5      0   1344   1101
      2    166      7      1     12      6      7      6      1   1172    841
      2    166      7      1     13      6     12      1      0   1541   1037
      2    166      7      1     14      6     13      6      1   1036   1275
      2    166      7      1     15      7      6      7      1   1417   1244
      2    166      7      1     16      3      6      3      1   2922   3319
      2    166      7      2      1      5      9      5      1   1413
      2    166      7      2      2      6     16      6      1   3181
      2    166      7      2      3      4     10      4      1   2163
      2    166      7      2      4      7     10      7      1   1330
      2    166      7      2      5      1      2      1      1   2031
      2    166      7      2      6      7     16      4      0   5079
      2    166      7      2      7      1      5      7      0   3047
      2    166      7      2      8      5      2      5      1   1129
      2    166      7      2      9      2      9      2      1    947
      2    166      7      2     10      3      2      3      1   1863
      2    166      7      2     11      2      2      2      1   1380
      2    166      7      2     12      3     12      3      1   2063
      2    166      7      2     13      4     14      4      1   1713
      2    166      7      2     14      8      6      8      1   1113
      2    166      7      2     15      8      4      8      1    997
      2    166      7      2     16      6      3      6      1   1948
      2    166      8      1      1      6     13      6      1   1460    621
      2    166      8      1      2      7     15      7      1   1132    814
      2    166      8      1      3      8      5      8      1    939   1006
      2    166      8      1      4      6     12      6      1   1984    629
      2    166      8      1      5      2     13      4      0    932   1130
      2    166      8      1      6      2      5      2      1   1340    772
      2    166      8      1      7      4     11      2      0    837   1125
      2    166      8      1      8      1     14      6      0   1195   3595
      2    166      8      1      9      6     13      6      1   1218   1144
      2    166      8      1     10      7     13      7      1   1482    847
      2    166      8      1     11      2      6      2      1    811   3246
      2    166      8      1     12      4     11      2      0   1655   1040
      2    166      8      1     13      4      3      1      0   1798    682
      2    166      8      1     14      1      4      4      0   1147   2595
      2    166      8      1     15      4      9      4      1   1219   2906
      2    166      8      1     16      1      3      2      0    724   1138
      2    166      8      2      1      4      8      4      1   1530
      2    166      8      2      2      1      7      7      0   1763
      2    166      8      2      3      7      7      7      1   1113
      2    166      8      2      4      3      8      3      1   2714
      2    166      8      2      5      5     16      5      1   1146
      2    166      8      2      6      6      6      1      0   1797
      2    166      8      2      7      7     14      1      0   1397
      2    166      8      2      8      3     10      3      1   1630
      2    166      8      2      9      8      3      8      1   1580
      2    166      8      2     10      5     10      5      1   1063
      2    166      8      2     11      2      3      4      0   2196
      2    166      8      2     12      4     15      4      1   2363
      2    166      8      2     13      1      1      3      0   2280
      2    166      8      2     14      8     13      8      1   1179
      2    166      8      2     15      2     14      8      0   1196
      2    166      8      2     16      6     15      6      1   1180
      2    166      9      1      1      7     13      7      1   1902    811
      2    166      9      1      2      7      6      7      1   1051    579
      2    166      9      1      3      4      5      4      1   1356    790
      2    166      9      1      4      4      1      4      1   1098    981
      2    166      9      1      5      1     14      1      1   2667    862
      2    166      9      1      6      1      3      1      1   2081   1214
      2    166      9      1      7      2      5      2      1   1898    815
      2    166      9      1      8      2      8      2      1   1157    855
      2    166      9      1      9      8      8      8      1   1395   1051
      2    166      9      1     10      8      5      8      1    764    765
      2    166      9      1     11      7      8      7      1   1514    965
      2    166      9      1     12      4     12      4      1   2740    823
      2    166      9      1     13      6      9      6      1   1969   1093
      2    166      9      1     14      5     14      5      1    945    784
      2    166      9      1     15      5      4      5      1    708    904
      2    166      9      1     16      2     13      5      0    800    596
      2    166      9      2      1      7      2      7      1   1913
      2    166      9      2      2      3      9      3      1   1213
      2    166      9      2      3      1     11      1      1   2097
      2    166      9      2      4      7      4      1      0   5746
      2    166      9      2      5      5      5      5      1   1546
      2    166      9      2      6      4     13      4      1   1713
      2    166      9      2      7      2     16      2      1   2446
      2    166      9      2      8      6     11      6      1   3296
      2    166      9      2      9      5      6      5      1   1013
      2    166      9      2     10      2     10      5      0   7330
      2    166      9      2     11      4     16      4      1   1480
      2    166      9      2     12      3      7      3      1   1030
      2    166      9      2     13      8     15      8      1    880
      2    166      9      2     14      1      9      2      0   2514
      2    166      9      2     15      6     10      1      0   5630
      2    166      9      2     16      8     10      8      1    930
