      2     18      1      1      1      2     10      5      0   2715   5805
      2     18      1      1      2      2     10      2      1   1654   2918
      2     18      1      1      3      8      5      4      0   3615   2796
      2     18      1      1      4      8      5      8      1   1817   1071
      2     18      1      1      5      1      7      6      0   4057   3603
      2     18      1      1      6      1      7      1      1   2093   1891
      2     18      1      1      7      5      6      4      0   5392   2771
      2     18      1      1      8      5      6      5      1   1048   2013
      2     18      1      1      9      7     12      6      0   3496   2353
      2     18      1      1     10      7     12      7      1   1120   2077
      2     18      1      1     11      8     10      2      0   2471   2580
      2     18      1      1     12      8     10      8      1   1683   1446
      2     18      1      1     13      7      4      4      0   7089   1786
      2     18      1      1     14      7      4      7      1   1646   1432
      2     18      1      1     15      7      6      6      0   5141   1262
      2     18      1      1     16      7      6      7      1   1900   1802
      2     18      1      2      1      5     12      5      1   2104     -1
      2     18      1      2      2      4     10      1      0   4130     -1
      2     18      1      2      3      6      5      7      0   3317     -1
      2     18      1      2      4      6      3      6      1   5682     -1
      2     18      1      2      5      3      2      3      1   2165     -1
      2     18      1      2      6      7     16      1      0   2349     -1
      2     18      1      2      7      1      1      1      1   1465     -1
      2     18      1      2      8      8      6      8      1   2583     -1
      2     18      1      2      9      5     14      5      1   1349     -1
      2     18      1      2     10      8     14      8      1   5368     -1
      2     18      1      2     11      1      9      3      0   2499     -1
      2     18      1      2     12      4      1      3      0   2699     -1
      2     18      1      2     13      2     16      4      0   2899     -1
      2     18      1      2     14      7      8      1      0   6470     -1
      2     18      1      2     15      3     10      3      1   1815     -1
      2     18      1      2     16      2      9      7      0   2378     -1
      2     18      2      1      1      4     12      2      0   1783   5643
      2     18      2      1      2      4     12      4      1   1244   1037
      2     18      2      1      3      8     13      2      0   1450   1819
      2     18      2      1      4      8     13      8      1   1031   1023
      2     18      2      1      5      3     11      1      0   1136   1214
      2     18      2      1      6      3     11      3      1   3054    857
      2     18      2      1      7      3     13      3      1    770    677
      2     18      2      1      8      7      5      1      0   2058    900
      2     18      2      1      9      7      5      7      1   2007    983
      2     18      2      1     10      2      3      2      1   1249   1080
      2     18      2      1     11      6     15      6      1   3921   1460
      2     18      2      1     12      5      8      5      1    902   1003
      2     18      2      1     13      5      7      5      1   1844   2200
      2     18      2      1     14      2     13      4      0   1468   1004
      2     18      2      1     15      2     13      2      1    892    899
      2     18      2      1     16      1      5      1      1   2056   1260
      2     18      2      2      1      5     16      5      1   1484     -1
      2     18      2      2      2      4      9      1      0   3613     -1
      2     18      2      2      3      2      6      4      0   1431     -1
      2     18      2      2      4      1      3      2      0   2716     -1
      2     18      2      2      5      3      6      8      0   4818     -1
      2     18      2      2      6      3      9      3      1   1515     -1
      2     18      2      2      7      4      5      6      0   1599     -1
      2     18      2      2      8      5      4      5      1   1833     -1
      2     18      2      2      9      8      3      2      0   2617     -1
      2     18      2      2     10      2      2      4      0   1877     -1
      2     18      2      2     11      6     13      6      1   2461     -1
      2     18      2      2     12      7     14      1      0   2933     -1
      2     18      2      2     13      6     16      5      0   3133     -1
      2     18      2      2     14      8     16      8      1   1697     -1
      2     18      2      2     15      1      2      6      0   2148     -1
      2     18      2      2     16      7      2      3      0   3301     -1
      2     18      3      1      1      1      5      2      0   2095   3758
      2     18      3      1      2      1      5      1      1   1713    845
      2     18      3      1      3      2      1      4      0    833    825
      2     18      3      1      4      2      1      3      0   1784    777
      2     18      3      1      5      2      1      2      1    797    780
      2     18      3      1      6      2      8      4      0   1895    783
      2     18      3      1      7      2      8      2      1   1051   1049
      2     18      3      1      8      6     12      6      1   1280   1058
      2     18      3      1      9      5     10      5      1    829   1250
      2     18      3      1     10      1     14      7      0   3049   1236
      2     18      3      1     11      1     14      1      1    912    880
      2     18      3      1     12      4     16      1      0   2363   1530
      2     18      3      1     13      4     16      4      1    919   1534
      2     18      3      1     14      5      9      5      1   1054   1082
      2     18      3      1     15      4     11      4      1   2093   3315
      2     18      3      1     16      8      2      6      0   2342    754
      2     18      3      2      1      5      5      5      1   2519     -1
      2     18      3      2      2      1     16      6      0   2199     -1
      2     18      3      2      3      2      4      4      0   1882     -1
      2     18      3      2      4      3      8      8      0   3451     -1
      2     18      3      2      5      6      6      8      0   1515     -1
      2     18      3      2      6      6      7      7      0   1816     -1
      2     18      3      2      7      8      8      6      0   3017     -1
      2     18      3      2      8      8      9      6      0   2450     -1
      2     18      3      2      9      3      7      2      0   2717     -1
      2     18      3      2     10      4      3      3      0   2649     -1
      2     18      3      2     11      7      7      8      0   2133     -1
      2     18      3      2     12      2      5      4      0   1165     -1
      2     18      3      2     13      7     13      1      0   1510     -1
      2     18      3      2     14      1      6      7      0   2329     -1
      2     18      3      2     15      4     14      3      0   1616     -1
      2     18      3      2     16      5      2      5      1   1414     -1
      2     18      4      1      1      8      2      7      0    992   6640
      2     18      4      1      2      8      2      8      1   1022   1815
      2     18      4      1      3      4      8      3      0   1915    812
      2     18      4      1      4      4      8      4      1    780   1041
      2     18      4      1      5      1     11      3      0   1717    738
      2     18      4      1      6      1     11      1      1    970    904
      2     18      4      1      7      1      4      6      0   2331    911
      2     18      4      1      8      1      4      1      1    708   1533
      2     18      4      1      9      1     11      1      1    905    747
      2     18      4      1     10      3     14      7      0   1664    716
      2     18      4      1     11      3     14      3      1   2254   1211
      2     18      4      1     12      5     11      5      1   1546   1415
      2     18      4      1     13      3     16      3      1   1279   1205
      2     18      4      1     14      8     15      6      0   1433    778
      2     18      4      1     15      8     15      8      1    848    828
      2     18      4      1     16      4     13      4      1   1181    683
      2     18      4      2      1      5     14      5      1   1151     -1
      2     18      4      2      2      2      9      4      0   2310     -1
      2     18      4      2      3      6     13      6      1   3901     -1
      2     18      4      2      4      7     14      1      0   1195     -1
      2     18      4      2      5      7      2      2      0   1916     -1
      2     18      4      2      6      4      5      8      0   1649     -1
      2     18      4      2      7      1     16      1      1   1579     -1
      2     18      4      2      8      5     12      5      1   1127     -1
      2     18      4      2      9      6      5      3      0   2550     -1
      2     18      4      2     10      3      6      8      0   2482     -1
      2     18      4      2     11      4     14      4      1   1481     -1
      2     18      4      2     12      3     10      6      0   1610     -1
      2     18      4      2     13      2      4      4      0   1398     -1
      2     18      4      2     14      1      6      7      0   3412     -1
      2     18      4      2     15      8      3      6      0   2782     -1
      2     18      4      2     16      8     14      6      0   1110     -1
      2     18      5      1      1      4     13      2      0   2417   7412
      2     18      5      1      2      4     13      4      1    727    815
      2     18      5      1      3      8     15      2      0   1865    796
      2     18      5      1      4      8     15      8      1   1176    930
      2     18      5      1      5      6     10      6      1   2113    904
      2     18      5      1      6      1     10      3      0   1261    783
      2     18      5      1      7      1     10      1      1    725    656
      2     18      5      1      8      7     10      1      0   1443   1394
      2     18      5      1      9      7     10      7      1   1519   1897
      2     18      5      1     10      6     10      6      1    996   1024
      2     18      5      1     11      6      8      6      1   1437    872
      2     18      5      1     12      2     14      4      0   1034   1070
      2     18      5      1     13      2     14      2      1    986    987
      2     18      5      1     14      7     15      7      1   2569   1053
      2     18      5      1     15      6      9      6      1   1117   1004
      2     18      5      1     16      6     11      3      0   2571    873
      2     18      5      2      1      4      1      1      0   3270     -1
      2     18      5      2      2      2      2      4      0   1014     -1
      2     18      5      2      3      6     16      6      1   3450     -1
      2     18      5      2      4      5      5      5      1   1798     -1
      2     18      5      2      5      1      3      3      0   1598     -1
      2     18      5      2      6      8      8      2      0   3900     -1
      2     18      5      2      7      6      7      7      0   2666     -1
      2     18      5      2      8      5      2      5      1   1360     -1
      2     18      5      2      9      8      6      8      1   2115     -1
      2     18      5      2     10      3      8      3      1   1811     -1
      2     18      5      2     11      7     16      7      1   4685     -1
      2     18      5      2     12      7     13      7      1   1315     -1
      2     18      5      2     13      4      3      3      0   1564     -1
      2     18      5      2     14      1      1      1      1   1898     -1
      2     18      5      2     15      3      9      8      0   2700     -1
      2     18      5      2     16      2      5      4      0   1265     -1
      2     18      6      1      1      8      4      1      0    987   3279
      2     18      6      1      2      8      4      8      1   1296   1198
      2     18      6      1      3      3     15      3      1   1455    872
      2     18      6      1      4      7     12      3      0   1426   3900
      2     18      6      1      5      3     11      3      1    652   1881
      2     18      6      1      6      1      7      3      0    909    981
      2     18      6      1      7      2     13      4      0    912   1070
      2     18      6      1      8      2     13      2      1    990    852
      2     18      6      1      9      8     15      8      1   1492    898
      2     18      6      1     10      3     14      2      0   1105   1310
      2     18      6      1     11      3     14      3      1    906    902
      2     18      6      1     12      3     16      3      1   1130   3067
      2     18      6      1     13      3     12      3      1   1437   1148
      2     18      6      1     14      2      1      4      0    730   1445
      2     18      6      1     15      2      3      3      0    985   1823
      2     18      6      1     16      2      3      2      1   1200   2535
      2     18      6      2      1      3      7      8      0   6205     -1
      2     18      6      2      2      7      7      7      1   1848     -1
      2     18      6      2      3      3      2      3      1   3901     -1
      2     18      6      2      4      4      9      1      0   3572     -1
      2     18      6      2      5      2     16      4      0   2416     -1
      2     18      6      2      6      7      8      7      1   1715     -1
      2     18      6      2      7      8      9      8      1   1749     -1
      2     18      6      2      8      1      2      2      0   3149     -1
      2     18      6      2      9      6      3      6      1   1181     -1
      2     18      6      2     10      4     10      1      0   3066     -1
      2     18      6      2     11      2      6      4      0   1232     -1
      2     18      6      2     12      6      6      3      0   4435     -1
      2     18      6      2     13      5     16      5      1   1293     -1
      2     18      6      2     14      8     16      8      1   1114     -1
      2     18      6      2     15      1      9      3      0   1598     -1
      2     18      6      2     16      5      4      5      1   1065     -1
      2     18      7      1      1      3     16      3      1   2929   1697
      2     18      7      1      2      8     10      8      1   1047   2146
      2     18      7      1      3      8      2      8      1    798   2097
      2     18      7      1      4      8      4      8      1   1146   1758
      2     18      7      1      5      2     13      4      0    862   1976
      2     18      7      1      6      2     13      2      1    992    736
      2     18      7      1      7      4     16      2      0    799    860
      2     18      7      1      8      4     16      4      1    713   1187
      2     18      7      1      9      4     11      4      1    913   1025
      2     18      7      1     10      1     11      4      0    690   2916
      2     18      7      1     11      1      4      1      1    774   1242
      2     18      7      1     12      7      4      1      0   1086   4981
      2     18      7      1     13      6     10      6      1   1915   1202
      2     18      7      1     14      7     15      7      1   1354   1164
      2     18      7      1     15      2     14      8      0   2075   1210
      2     18      7      1     16      2     14      2      1    993   1191
      2     18      7      2      1      1      2      1      1   3237     -1
      2     18      7      2      2      7     13      7      1   2098     -1
      2     18      7      2      3      2      4      4      0   3448     -1
      2     18      7      2      4      6     13      7      0   2849     -1
      2     18      7      2      5      1      9      3      0   3000     -1
      2     18      7      2      6      3      9      1      0   1466     -1
      2     18      7      2      7      7      8      7      1   1231     -1
      2     18      7      2      8      3     10      3      1   1898     -1
      2     18      7      2      9      5     14      5      1   1082     -1
      2     18      7      2     10      6      6      6      1   1515     -1
      2     18      7      2     11      4      9      2      0   2832     -1
      2     18      7      2     12      4      1      1      0   1732     -1
      2     18      7      2     13      8      9      8      1   1062     -1
      2     18      7      2     14      2      6      4      0   1599     -1
      2     18      7      2     15      8      8      8      1   1346     -1
      2     18      7      2     16      5     12      5      1    864     -1
      2     18      8      1      1      5     10      5      1    747   1980
      2     18      8      1      2      6     12      1      0   2233   1182
      2     18      8      1      3      6     12      6      1    592    801
      2     18      8      1      4      6     11      6      1   1200   2435
      2     18      8      1      5      7      6      7      1   1213   5378
      2     18      8      1      6      5      6      5      1    914   1031
      2     18      8      1      7      4     16      2      0   2022   1244
      2     18      8      1      8      4     16      4      1    917    744
      2     18      8      1      9      2     13      2      1    795    977
      2     18      8      1     10      2      1      4      0    607   1349
      2     18      8      1     11      2      1      2      1    742    687
      2     18      8      1     12      6     12      6      1   3085   2128
      2     18      8      1     13      8     15      8      1   1273   1292
      2     18      8      1     14      1     10      3      0   2123   1358
      2     18      8      1     15      1     10      1      1    881    731
      2     18      8      1     16      7     10      7      1   1883    937
      2     18      8      2      1      3      6      1      0   4921     -1
      2     18      8      2      2      3      2      7      0  11592     -1
      2     18      8      2      3      1      6      4      0   2650     -1
      2     18      8      2      4      7     14      1      0   1531     -1
      2     18      8      2      5      4      3      4      1   1749     -1
      2     18      8      2      6      4      5      2      0   3100     -1
      2     18      8      2      7      2     16      2      1   2319     -1
      2     18      8      2      8      2      9      4      0   1168     -1
      2     18      8      2      9      6      3      6      1   1865     -1
      2     18      8      2     10      6      7      6      1   2490     -1
      2     18      8      2     11      1      3      3      0   2130     -1
      2     18      8      2     12      5      5      5      1   1196     -1
      2     18      8      2     13      8      6      8      1   1049     -1
      2     18      8      2     14      7     16      6      0   2282     -1
      2     18      8      2     15      5     16      5      1    998     -1
      2     18      8      2     16      8     14      8      1   1131     -1
      2     18      9      1      1      6      8      6      1    713   2854
      2     18      9      1      2      2      1      2      1   2011    862
      2     18      9      1      3      2      8      4      0    859   1110
      2     18      9      1      4      2      8      2      1    739    593
      2     18      9      1      5      2     13      2      1    889   1358
      2     18      9      1      6      4     16      2      0   1032    958
      2     18      9      1      7      4     16      4      1    935   1751
      2     18      9      1      8      7     12      7      1    818   2276
      2     18      9      1      9      2      3      3      0   1791   1026
      2     18      9      1     10      2      3      2      1    805    879
      2     18      9      1     11      7      5      2      0   1057   1518
      2     18      9      1     12      1      4      2      0    684   7119
      2     18      9      1     13      1     11      1      1    770   1124
      2     18      9      1     14      3     14      1      0    788   1146
      2     18      9      1     15      3     12      3      1    954   2686
      2     18      9      1     16      3     13      3      1    745   1021
      2     18      9      2      1      7      7      7      1   1652     -1
      2     18      9      2      2      8      3      8      1    948     -1
      2     18      9      2      3      6     16      6      1   1766     -1
      2     18      9      2      4      5      4      5      1    893     -1
      2     18      9      2      5      2      5      4      0   2716     -1
      2     18      9      2      6      5      2      5      1    980     -1
      2     18      9      2      7      8     16      8      1    915     -1
      2     18      9      2      8      4     14      1      0   2127     -1
      2     18      9      2      9      1      1      1      1   2415     -1
      2     18      9      2     10      4     10      2      0   2128     -1
      2     18      9      2     11      3      8      7      0   3266     -1
      2     18      9      2     12      7      2      7      1   1364     -1
      2     18      9      2     13      6      5      6      1   1176     -1
      2     18      9      2     14      3      7      3      1   4251     -1
      2     18      9      2     15      2      2      4      0   1448     -1
      2     18      9      2     16      1     16      1      1   1566     -1
