      2     30      1      1      1      5      2      5      1   6969   6209
      2     30      1      1      2      5      8      1      0   4424   3339
      2     30      1      1      3      8      4      2      0   1336   3610
      2     30      1      1      4      4      5      3      0   2437   4288
      2     30      1      1      5      7      6      2      0   1073   8016
      2     30      1      1      6      6     16      3      0   1628   1313
      2     30      1      1      7      3     13      4      0   1845   1097
      2     30      1      1      8      2      3      2      1   1108   1199
      2     30      1      1      9      1      9      8      0   3291   2345
      2     30      1      1     10      6     15      7      0   2352   1604
      2     30      1      1     11      3      6      2      0   1603   1370
      2     30      1      1     12      8      4      4      0   5512   1360
      2     30      1      1     13      8      4      8      1    972   1004
      2     30      1      1     14      8     16      8      1   2056    986
      2     30      1      1     15      8     10      2      0   1843   1829
      2     30      1      1     16      1     10      8      0    872   1103
      2     30      1      2      1      8      9      2      0   3543     -1
      2     30      1      2      2      7      4      1      0   2564     -1
      2     30      1      2      3      6      6      6      1   3876     -1
      2     30      1      2      4      1      4      3      0   1760     -1
      2     30      1      2      5      2     14      8      0   4798     -1
      2     30      1      2      6      8      3      8      1   1113     -1
      2     30      1      2      7      5     10      5      1   1628     -1
      2     30      1      2      8      3     16      2      0   1898     -1
      2     30      1      2      9      4      3      7      0   2928     -1
      2     30      1      2     10      1      6      1      1   1378     -1
      2     30      1      2     11      5      9      5      1   1394     -1
      2     30      1      2     12      3     15      3      1   2498     -1
      2     30      1      2     13      6     13      7      0   2277     -1
      2     30      1      2     14      7     15      6      0   4646     -1
      2     30      1      2     15      4     11      4      1   2029     -1
      2     30      1      2     16      2      8      8      0   3107     -1
      2     30      2      1      1      8      6      8      1   1082   7177
      2     30      2      1      2      6     11      3      0   1125   1315
      2     30      2      1      3      4     15      8      0    929   4462
      2     30      2      1      4      1     11      2      0   1589   1683
      2     30      2      1      5      3      2      1      0   1598   1325
      2     30      2      1      6      5      5      7      0   2706   1085
      2     30      2      1      7      7     13      3      0   1237   1155
      2     30      2      1      8      7      6      7      1   1258   2575
      2     30      2      1      9      6     16      1      0   4589   1235
      2     30      2      1     10      6     11      6      1   1222   1816
      2     30      2      1     11      6     15      7      0   1469    923
      2     30      2      1     12      5     14      7      0   1039   2064
      2     30      2      1     13      6      8      7      0    914   1177
      2     30      2      1     14      6     10      7      0   1005    954
      2     30      2      1     15      3     13      7      0    950   1456
      2     30      2      1     16      1     10      7      0    629   5325
      2     30      2      2      1      8      2      4      0   6290     -1
      2     30      2      2      2      6      3      7      0   5012     -1
      2     30      2      2      3      1      1      1      1   4764     -1
      2     30      2      2      4      7      2      7      1   1729     -1
      2     30      2      2      5      2      5      8      0   2124     -1
      2     30      2      2      6      6     12      2      0   4459     -1
      2     30      2      2      7      4     12      8      0   4763     -1
      2     30      2      2      8      4     16      5      0   2443     -1
      2     30      2      2      9      8      5      8      1   1797     -1
      2     30      2      2     10      3     14      7      0   8210     -1
      2     30      2      2     11      3      8      3      1   2026     -1
      2     30      2      2     12      5      6      5      1   1276     -1
      2     30      2      2     13      1      2      1      1   5590     -1
      2     30      2      2     14      5     12      5      1   1178     -1
      2     30      2      2     15      2      4      8      0   1760     -1
      2     30      2      2     16      7     16      6      0   3276     -1
      2     30      3      1      1      7      6      6      0   3066   7656
      2     30      3      1      2      2      2      6      0    652   1488
      2     30      3      1      3      8     10      6      0   1581   4359
      2     30      3      1      4      5      5      5      1   1120   3726
      2     30      3      1      5      7     12      7      1   1290   4617
      2     30      3      1      6      3      6      3      1   1901   2434
      2     30      3      1      7      1     10      6      0   1527    849
      2     30      3      1      8      4      9      6      0   1250   2567
      2     30      3      1      9      1     16      4      0    805    755
      2     30      3      1     10      3     13      1      0   1604    905
      2     30      3      1     11      3     12      1      0   1693   6122
      2     30      3      1     12      6     16      6      1    866   1557
      2     30      3      1     13      6      5      6      1   1246   2936
      2     30      3      1     14      4      1      1      0   3034   2997
      2     30      3      1     15      2      2      4      0    622   1169
      2     30      3      1     16      2      3      4      0    663   1029
      2     30      3      2      1      1     14      3      0   2176     -1
      2     30      3      2      2      8      8      8      1   1526     -1
      2     30      3      2      3      7     14      4      0   2377     -1
      2     30      3      2      4      2     13      1      0   5892     -1
      2     30      3      2      5      1      3      2      0   1112     -1
      2     30      3      2      6      5     16      5      1   1375     -1
      2     30      3      2      7      3     11      3      1   4693     -1
      2     30      3      2      8      6      9      7      0   1795     -1
      2     30      3      2      9      8     14      8      1   1414     -1
      2     30      3      2     10      5      7      5      1   1344     -1
      2     30      3      2     11      2      9      2      1   1693     -1
      2     30      3      2     12      7      7      1      0   5944     -1
      2     30      3      2     13      6      7      6      1   2628     -1
      2     30      3      2     14      4     13      7      0   3860     -1
      2     30      3      2     15      3      9      3      1   1144     -1
      2     30      3      2     16      4     10      4      1   1810     -1
      2     30      4      1      1      6      8      7      0   1492   2259
      2     30      4      1      2      4     15      2      0   1582   1010
      2     30      4      1      3      1      7      4      0    756   2031
      2     30      4      1      4      7      6      3      0   1038   1004
      2     30      4      1      5      7     12      7      1   1109   1631
      2     30      4      1      6      3     13      3      1   1269    990
      2     30      4      1      7      7     10      7      1   1175    753
      2     30      4      1      8      2     10      4      0   4720   2249
      2     30      4      1      9      2      3      2      1   1805   1319
      2     30      4      1     10      3      2      1      0   3315   1159
      2     30      4      1     11      6     10      7      0   2279    897
      2     30      4      1     12      1      7      1      1   2006    887
      2     30      4      1     13      1     11      1      1    740   1168
      2     30      4      1     14      7      6      7      1   2859    785
      2     30      4      1     15      8     13      4      0    929    963
      2     30      4      1     16      8     15      8      1    678    516
      2     30      4      2      1      4     10      8      0   5143     -1
      2     30      4      2      2      3     16      3      1   2529     -1
      2     30      4      2      3      2      9      2      1   1343     -1
      2     30      4      2      4      3      8      3      1   1998     -1
      2     30      4      2      5      5      9      5      1   1244     -1
      2     30      4      2      6      6      9      7      0   2729     -1
      2     30      4      2      7      4     11      2      0   2578     -1
      2     30      4      2      8      7     15      7      1   3778     -1
      2     30      4      2      9      6      3      6      1   2310     -1
      2     30      4      2     10      8      5      8      1   1176     -1
      2     30      4      2     11      1      4      1      1   1830     -1
      2     30      4      2     12      2      5      8      0   1793     -1
      2     30      4      2     13      7     16      7      1   3525     -1
      2     30      4      2     14      1      1      2      0   1710     -1
      2     30      4      2     15      8     14      8      1    964     -1
      2     30      4      2     16      5     16      5      1   1030     -1
      2     30      5      1      1      8     10      4      0   1085   1007
      2     30      5      1      2      2      1      4      0    727   1048
      2     30      5      1      3      7     12      4      0    592   4782
      2     30      5      1      4      3     13      3      1   1019    891
      2     30      5      1      5      6     10      6      1    768   2235
      2     30      5      1      6      5      8      5      1    806    705
      2     30      5      1      7      3     12      3      1   1126    585
      2     30      5      1      8      4      8      2      0   2290    522
      2     30      5      1      9      4      8      4      1    576    967
      2     30      5      1     10      7      5      4      0    645    782
      2     30      5      1     11      2      1      2      1   1899   3297
      2     30      5      1     12      4     15      3      0   1030   1078
      2     30      5      1     13      1      5      4      0    661   1231
      2     30      5      1     14      1      9      4      0    756   1152
      2     30      5      1     15      4      1      1      0    952    841
      2     30      5      1     16      6      5      6      1   2605   1766
      2     30      5      2      1      2     13      2      1   2825     -1
      2     30      5      2      2      8      2      8      1   1575     -1
      2     30      5      2      3      7      2      7      1   3880     -1
      2     30      5      2      4      4     16      4      1   2142     -1
      2     30      5      2      5      6      7      6      1   1594     -1
      2     30      5      2      6      7      7      7      1   1811     -1
      2     30      5      2      7      3     11      4      0   5112     -1
      2     30      5      2      8      1      6      1      1    909     -1
      2     30      5      2      9      5     10      5      1   1311     -1
      2     30      5      2     10      1      3      2      0   1077     -1
      2     30      5      2     11      5      7      5      1    944     -1
      2     30      5      2     12      6     13      6      1   2828     -1
      2     30      5      2     13      4      3      4      1   3913     -1
      2     30      5      2     14      2      8      2      1   5140     -1
      2     30      5      2     15      8      3      8      1   1160     -1
      2     30      5      2     16      3     14      3      1   5276     -1
      2     30      6      1      1      3     10      1      0   1904   6658
      2     30      6      1      2      6      5      6      1   1649    760
      2     30      6      1      3      3      6      4      0   2482   1325
      2     30      6      1      4      6     11      6      1   1053    890
      2     30      6      1      5      5      2      5      1   1166   1905
      2     30      6      1      6      2      6      2      1   1573   1035
      2     30      6      1      7      8      6      8      1   1146    879
      2     30      6      1      8      3     13      3      1    773   1019
      2     30      6      1      9      7     10      7      1    700   1009
      2     30      6      1     10      7     12      7      1    735    593
      2     30      6      1     11      6     16      6      1    810    585
      2     30      6      1     12      3     12      7      0   1782    878
      2     30      6      1     13      1     10      4      0   1929    649
      2     30      6      1     14      6     15      7      0   5226    766
      2     30      6      1     15      4      5      1      0   1934    893
      2     30      6      1     16      1     16      1      1    891    752
      2     30      6      2      1      4     13      1      0   5326     -1
      2     30      6      2      2      5      6      5      1   1042     -1
      2     30      6      2      3      8      8      8      1    926     -1
      2     30      6      2      4      8      9      8      1   1179     -1
      2     30      6      2      5      7      4      7      1   2893     -1
      2     30      6      2      6      7     14      4      0   2228     -1
      2     30      6      2      7      1      2      2      0   2058     -1
      2     30      6      2      8      3     15      3      1   1993     -1
      2     30      6      2      9      6     12      6      1   1363     -1
      2     30      6      2     10      2     14      8      0   1226     -1
      2     30      6      2     11      5     12      5      1    996     -1
      2     30      6      2     12      2      4      2      1   2175     -1
      2     30      6      2     13      3      9      3      1   1128     -1
      2     30      6      2     14      1     14      1      1   6243     -1
      2     30      6      2     15      6      6      3      0   1627     -1
      2     30      6      2     16      4     12      2      0   1661     -1
      2     30      7      1      1      2      6      2      1   1803   6560
      2     30      7      1      2      2      3      2      1   3001    527
      2     30      7      1      3      2      2      2      1    588    855
      2     30      7      1      4      4     15      4      1    831    746
      2     30      7      1      5      1      5      1      1    903    808
      2     30      7      1      6      3      2      1      0   2403   1072
      2     30      7      1      7      7     13      7      1    790   1002
      2     30      7      1      8      3      7      3      1    960    551
      2     30      7      1      9      6     10      6      1   2252    791
      2     30      7      1     10      1      9      2      0    898    779
      2     30      7      1     11      5      5      5      1    958    670
      2     30      7      1     12      8     16      8      1    686    625
      2     30      7      1     13      8     10      8      1   1079   1146
      2     30      7      1     14      2      1      2      1   1190    654
      2     30      7      1     15      7      6      7      1   1063   1145
      2     30      7      1     16      4      8      4      1   2396   1278
      2     30      7      2      1      2     13      2      1   3442     -1
      2     30      7      2      2      5      7      5      1    880     -1
      2     30      7      2      3      1      1      1      1   5080     -1
      2     30      7      2      4      5     12      5      1   1626     -1
      2     30      7      2      5      6      3      6      1   1394     -1
      2     30      7      2      6      4     13      4      1   1413     -1
      2     30      7      2      7      3     14      3      1   1098     -1
      2     30      7      2      8      3      8      3      1   1276     -1
      2     30      7      2      9      8     14      8      1    930     -1
      2     30      7      2     10      7      2      7      1   1079     -1
      2     30      7      2     11      7     14      4      0   3627     -1
      2     30      7      2     12      4     16      2      0   2526     -1
      2     30      7      2     13      2      5      2      1   1726     -1
      2     30      7      2     14      1      3      1      1    993     -1
      2     30      7      2     15      8      5      8      1    926     -1
      2     30      7      2     16      6      6      3      0   1194     -1
      2     30      8      1      1      1     10      1      1    783   6114
      2     30      8      1      2      2      3      1      0    837    691
      2     30      8      1      3      7      5      7      1   1332    562
      2     30      8      1      4      8     16      8      1    617    627
      2     30      8      1      5      4     15      4      1    845    566
      2     30      8      1      6      1     11      2      0    763    930
      2     30      8      1      7      2      6      2      1   2120   1852
      2     30      8      1      8      2      2      2      1    616   3530
      2     30      8      1      9      3      7      3      1    769    808
      2     30      8      1     10      7     13      7      1    689   4070
      2     30      8      1     11      6      8      6      1    742   1100
      2     30      8      1     12      7      6      7      1    626   1895
      2     30      8      1     13      6     16      6      1    861   1047
      2     30      8      1     14      5      8      5      1    642   5872
      2     30      8      1     15      4     14      4      1    679    847
      2     30      8      1     16      3     13      3      1   1270   6543
      2     30      8      2      1      3      9      3      1   2510     -1
      2     30      8      2      2      1     14      1      1   5197     -1
      2     30      8      2      3      7     16      7      1   1331     -1
      2     30      8      2      4      4     11      2      0   1260     -1
      2     30      8      2      5      4     10      4      1   2827     -1
      2     30      8      2      6      1      6      1      1   1609     -1
      2     30      8      2      7      5     16      5      1   1176     -1
      2     30      8      2      8      6     12      6      1   1310     -1
      2     30      8      2      9      8      3      8      1   1261     -1
      2     30      8      2     10      8      8      8      1   1046     -1
      2     30      8      2     11      6      9      6      1   1095     -1
      2     30      8      2     12      3     15      3      1   5081     -1
      2     30      8      2     13      2      9      2      1   1409     -1
      2     30      8      2     14      7      4      7      1   1093     -1
      2     30      8      2     15      5      9      5      1    878     -1
      2     30      8      2     16      2      8      2      1   1030     -1
      2     30      9      1      1      8     16      8      1    793   1580
      2     30      9      1      2      4     15      4      1    901    809
      2     30      9      1      3      2      1      2      1   1881   1458
      2     30      9      1      4      1     11      1      1    744   1081
      2     30      9      1      5      6     10      6      1    767    909
      2     30      9      1      6      5      5      5      1    991    935
      2     30      9      1      7      3      2      3      1    889    904
      2     30      9      1      8      1     10      1      1   1861    733
      2     30      9      1      9      3      6      3      1   1658   1731
      2     30      9      1     10      7      6      7      1    953   1536
      2     30      9      1     11      6     11      6      1   1256    937
      2     30      9      1     12      3      6      1      0   1073   1086
      2     30      9      1     13      7      8      7      1    884   4772
      2     30      9      1     14      1      7      1      1    813   1311
      2     30      9      1     15      3      7      3      1    670   1040
      2     30      9      1     16      2      2      2      1    516    728
      2     30      9      2      1      2     14      4      0   2543     -1
      2     30      9      2      2      5      6      5      1    942     -1
      2     30      9      2      3      1      4      1      1   3194     -1
      2     30      9      2      4      6     13      3      0   2344     -1
      2     30      9      2      5      5     10      5      1   1160     -1
      2     30      9      2      6      4      3      2      0    863     -1
      2     30      9      2      7      8      2      8      1   1142     -1
      2     30      9      2      8      3     11      3      1   1677     -1
      2     30      9      2      9      3     16      1      0   3009     -1
      2     30      9      2     10      7     15      7      1    979     -1
      2     30      9      2     11      7      7      7      1   1077     -1
      2     30      9      2     12      1      2      1      1   5224     -1
      2     30      9      2     13      8      9      8      1   1143     -1
      2     30      9      2     14      4     12      2      0    976     -1
      2     30      9      2     15      6      7      6      1   1276     -1
      2     30      9      2     16      2      4      2      1    877     -1
