      1    159      1      1      1      8      2      3      0   9272
      1    159      1      1      2      2      9      2      1   3127
      1    159      1      1      3      5     16      5      1   3018
      1    159      1      1      4      4      8      6      0   3610
      1    159      1      1      5      5      6      5      1   3467
      1    159      1      1      6      7     10      7      1   4703
      1    159      1      1      7      6     10      7      0   4133
      1    159      1      1      8      1      4      3      0   2485
      1    159      1      1      9      3     12      3      1   9566
      1    159      1      1     10      6     16      4      0  10610
      1    159      1      1     11      7      6      7      1   3773
      1    159      1      1     12      4     12      3      0   2779
      1    159      1      1     13      3     14      1      0   6869
      1    159      1      1     14      2     14      8      0   5348
      1    159      1      1     15      1      7      1      1   2902
      1    159      1      1     16      8      3      8      1   2196
      1    159      1      2      1      4     14      4      1   8783
      1    159      1      2      2      5      8      5      1   2198
      1    159      1      2      3      6     11      6      1   3796
      1    159      1      2      4      2      1      4      0   6837
      1    159      1      2      5      8      8      8      1   2197
      1    159      1      2      6      1      2      3      0   9923
      1    159      1      2      7      3      6      1      0   3517
      1    159      1      2      8      7      7      7      1   2162
      1    159      1      2      9      4      9      2      0   3317
      1    159      1      2     10      3      2      7      0   9773
      1    159      1      2     11      6      3      6      1   2483
      1    159      1      2     12      5     14      5      1   2015
      1    159      1      2     13      8      6      8      1   2283
      1    159      1      2     14      7     16      7      1   4518
      1    159      1      2     15      2      3      4      0   3534
      1    159      1      2     16      1      3      1      1   3250
      1    159      2      1      1      7      2      7      1   2848
      1    159      2      1      2      7     14      6      0   5320
      1    159      2      1      3      3      8      3      1   2372
      1    159      2      1      4      8     13      8      1   1917
      1    159      2      1      5      6      8      6      1   1406
      1    159      2      1      6      1      1      1      1   2956
      1    159      2      1      7      4     11      4      1   2245
      1    159      2      1      8      4      1      7      0   3612
      1    159      2      1      9      2      2      4      0   1299
      1    159      2      1     10      6     12      3      0   8044
      1    159      2      1     11      5      2      5      1   1290
      1    159      2      1     12      2     16      2      1   1400
      1    159      2      1     13      3     11      7      0   2734
      1    159      2      1     14      8      5      8      1   1623
      1    159      2      1     15      1      9      1      1   2002
      1    159      2      1     16      5      7      5      1   1665
      1    159      2      2      1      1      5      1      1   3820
      1    159      2      2      2      5      4      5      1   1394
      1    159      2      2      3      2     13      2      1   2778
      1    159      2      2      4      1      6      1      1   4318
      1    159      2      2      5      6      5      6      1   1833
      1    159      2      2      6      6      7      6      1   1883
      1    159      2      2      7      8     14      8      1   1932
      1    159      2      2      8      2      5      4      0   2482
      1    159      2      2      9      3     13      3      1   4247
      1    159      2      2     10      4      3      3      0   2749
      1    159      2      2     11      7      8      7      1   1811
      1    159      2      2     12      7      4      7      1   4185
      1    159      2      2     13      3      7      6      0   6970
      1    159      2      2     14      4      5      7      0   5402
      1    159      2      2     15      5      9      5      1   1899
      1    159      2      2     16      8     10      8      1   2298
      1    159      3      1      1      8     15      8      1   2259
      1    159      3      1      2      4     10      4      1   1431
      1    159      3      1      3      8      9      8      1   1271
      1    159      3      1      4      1     10      4      0   4403
      1    159      3      1      5      5     10      5      1   1047
      1    159      3      1      6      4     15      1      0   2524
      1    159      3      1      7      2     10      2      1   1697
      1    159      3      1      8      5     11      5      1   1887
      1    159      3      1      9      7     13      7      1   1867
      1    159      3      1     10      3     15      1      0   6691
      1    159      3      1     11      6     13      6      1   1452
      1    159      3      1     12      7      5      7      1   1331
      1    159      3      1     13      3     10      3      1   3094
      1    159      3      1     14      1     11      4      0   3325
      1    159      3      1     15      2      6      4      0   3382
      1    159      3      1     16      6      9      6      1   1097
      1    159      3      2      1      1     16      1      1   4955
      1    159      3      2      2      2      8      2      1   1878
      1    159      3      2      3      4     16      2      0   1848
      1    159      3      2      4      8      4      8      1   1211
      1    159      3      2      5      5      5      5      1   2232
      1    159      3      2      6      5     12      5      1   1481
      1    159      3      2      7      1     14      1      1   2696
      1    159      3      2      8      2      4      4      0   3333
      1    159      3      2      9      7     15      7      1   1716
      1    159      3      2     10      3      9      3      1   2417
      1    159      3      2     11      3     16      3      1   3150
      1    159      3      2     12      4     13      4      1   3567
      1    159      3      2     13      6      6      6      1   2562
      1    159      3      2     14      8     16      8      1   2168
      1    159      3      2     15      6     15      6      1   1328
      1    159      3      2     16      7     12      7      1   1732
      1    159      4      1      1      1      1      3      0   2969
      1    159      4      1      2      4      8      4      1   1744
      1    159      4      1      3      8      5      8      1   1035
      1    159      4      1      4      4      1      1      0   1497
      1    159      4      1      5      6     16      6      1   1158
      1    159      4      1      6      3      8      3      1   1166
      1    159      4      1      7      2     10      2      1   1480
      1    159      4      1      8      7     13      7      1   1187
      1    159      4      1      9      3     14      3      1   1743
      1    159      4      1     10      2     16      2      1   1263
      1    159      4      1     11      8     13      8      1   1063
      1    159      4      1     12      1      7      1      1   2179
      1    159      4      1     13      6     13      6      1   1379
      1    159      4      1     14      7      6      7      1   1147
      1    159      4      1     15      5     16      5      1   1013
      1    159      4      1     16      5      2      5      1   1312
      1    159      4      2      1      5     12      5      1   1100
      1    159      4      2      2      1      6      1      1   1982
      1    159      4      2      3      8     16      8      1   1815
      1    159      4      2      4      6      6      6      1   1499
      1    159      4      2      5      5     14      5      1   1377
      1    159      4      2      6      8      6      8      1   1694
      1    159      4      2      7      3      2      3      1   2344
      1    159      4      2      8      4     13      4      1   3550
      1    159      4      2      9      7     16      7      1   1611
      1    159      4      2     10      6      7      6      1   1448
      1    159      4      2     11      2      8      2      1   1299
      1    159      4      2     12      2     13      2      1   2333
      1    159      4      2     13      1      3      1      1   5103
      1    159      4      2     14      7     15      7      1   1348
      1    159      4      2     15      4      9      4      1   4102
      1    159      4      2     16      3      9      3      1   1332
      1    159      5      1      1      8     15      8      1   1317
      1    159      5      1      2      2      6      2      1   2669
      1    159      5      1      3      6      9      6      1   1640
      1    159      5      1      4      7      5      7      1   1596
      1    159      5      1      5      3     11      3      1   1150
      1    159      5      1      6      4     12      4      1   2108
      1    159      5      1      7      7     14      7      1   1671
      1    159      5      1      8      6      8      6      1   1162
      1    159      5      1      9      8      2      8      1   1136
      1    159      5      1     10      1     10      4      0   1585
      1    159      5      1     11      3     15      3      1   1442
      1    159      5      1     12      5      7      5      1   1057
      1    159      5      1     13      5      6      5      1    989
      1    159      5      1     14      1      9      1      1   1356
      1    159      5      1     15      2     14      2      1   1066
      1    159      5      1     16      4     15      1      0   3615
      1    159      5      2      1      4      3      4      1   5872
      1    159      5      2      2      5      9      5      1   1495
      1    159      5      2      3      3      7      3      1   1232
      1    159      5      2      4      2      3      4      0   1999
      1    159      5      2      5      7      4      6      0   1366
      1    159      5      2      6      5      5      5      1   1210
      1    159      5      2      7      2      5      2      1   2133
      1    159      5      2      8      6     15      6      1   1465
      1    159      5      2      9      7      7      7      1   1295
      1    159      5      2     10      8     14      8      1   1227
      1    159      5      2     11      4     14      4      1   7171
      1    159      5      2     12      1     16      1      1   1898
      1    159      5      2     13      1     14      1      1   1549
      1    159      5      2     14      6      3      6      1   1715
      1    159      5      2     15      8      4      8      1   1331
      1    159      5      2     16      3      6      3      1   1715
      1    159      6      1      1      7      2      7      1   1310
      1    159      6      1      2      3     12      3      1   1117
      1    159      6      1      3      7     10      7      1   1065
      1    159      6      1      4      3     10      3      1   1386
      1    159      6      1      5      1     11      1      1   2370
      1    159      6      1      6      8      3      8      1   1062
      1    159      6      1      7      1      4      1      1   1570
      1    159      6      1      8      8      9      8      1    975
      1    159      6      1      9      5     11      5      1   1111
      1    159      6      1     10      6     12      6      1   1828
      1    159      6      1     11      4     11      4      1   1278
      1    159      6      1     12      6     10      6      1   1073
      1    159      6      1     13      2      2      4      0   1199
      1    159      6      1     14      4     10      2      0   1950
      1    159      6      1     15      2      9      2      1    862
      1    159      6      1     16      5     10      5      1   1197
      1    159      6      2      1      5      4      5      1   1051
      1    159      6      2      2      1      5      1      1   1832
      1    159      6      2      3      6     11      6      1   1298
      1    159      6      2      4      3     16      3      1   2032
      1    159      6      2      5      3     13      3      1   1894
      1    159      6      2      6      5      8      5      1   1278
      1    159      6      2      7      2      1      2      1   1745
      1    159      6      2      8      1      2      4      0   1665
      1    159      6      2      9      8      8      8      1   1731
      1    159      6      2     10      4      5      4      1   6470
      1    159      6      2     11      7      8      7      1   1282
      1    159      6      2     12      2      4      2      1   1231
      1    159      6      2     13      8     10      8      1   1665
      1    159      6      2     14      6      5      6      1   2065
      1    159      6      2     15      7     12      7      1   1732
      1    159      6      2     16      4     16      2      0   3200
      1    159      7      1      1      4      8      4      1   1533
      1    159      7      1      2      2     10      2      1    902
      1    159      7      1      3      7      6      7      1   1002
      1    159      7      1      4      1      1      1      1   2106
      1    159      7      1      5      3      8      3      1    966
      1    159      7      1      6      7      5      7      1   1001
      1    159      7      1      7      2     14      8      0   3287
      1    159      7      1      8      6     16      6      1   1257
      1    159      7      1      9      4      1      4      1   3235
      1    159      7      1     10      8      3      8      1   1024
      1    159      7      1     11      5      7      5      1    951
      1    159      7      1     12      5      2      5      1    951
      1    159      7      1     13      8      5      8      1    950
      1    159      7      1     14      1      4      1      1   1679
      1    159      7      1     15      3     10      3      1   1150
      1    159      7      1     16      6      8      6      1   1857
      1    159      7      2      1      5      9      5      1    952
      1    159      7      2      2      1      3      1      1   1766
      1    159      7      2      3      2      5      2      1   1398
      1    159      7      2      4      7      4      6      0   1164
      1    159      7      2      5      3      7      3      1   1194
      1    159      7      2      6      6      6      6      1   1281
      1    159      7      2      7      8     14      8      1   1248
      1    159      7      2      8      5      4      5      1   1165
      1    159      7      2      9      8      4      8      1   1466
      1    159      7      2     10      2      8      2      1   1531
      1    159      7      2     11      1      5      4      0   5018
      1    159      7      2     12      6      3      6      1   1565
      1    159      7      2     13      3      2      3      1   1782
      1    159      7      2     14      7      7      7      1   1615
      1    159      7      2     15      4      3      4      1   2233
      1    159      7      2     16      4     13      2      0   4167
      1    159      8      1      1      7     14      7      1   2296
      1    159      8      1      2      3     11      3      1   1078
      1    159      8      1      3      5     10      5      1   1066
      1    159      8      1      4      5     16      5      1   1174
      1    159      8      1      5      1     11      1      1   1242
      1    159      8      1      6      2      6      2      1   1216
      1    159      8      1      7      6     13      6      1   1497
      1    159      8      1      8      6     10      6      1   1010
      1    159      8      1      9      8     13      8      1   1028
      1    159      8      1     10      2      2      2      1   1013
      1    159      8      1     11      4     12      4      1   1606
      1    159      8      1     12      1      7      1      1   1999
      1    159      8      1     13      8      2      8      1   1000
      1    159      8      1     14      4     15      4      1   2061
      1    159      8      1     15      7     13      7      1    950
      1    159      8      1     16      3     15      3      1    976
      1    159      8      2      1      4     16      2      0   7941
      1    159      8      2      2      3      6      3      1   1348
      1    159      8      2      3      5     14      5      1   1031
      1    159      8      2      4      5      8      5      1   1699
      1    159      8      2      5      8      8      8      1   1298
      1    159      8      2      6      2      1      2      1   1097
      1    159      8      2      7      7      8      7      1   1581
      1    159      8      2      8      6     15      6      1   1314
      1    159      8      2      9      4      5      4      1   3651
      1    159      8      2     10      6      5      6      1   1098
      1    159      8      2     11      7     12      7      1   1181
      1    159      8      2     12      8     10      8      1   1265
      1    159      8      2     13      1     14      1      1   1549
      1    159      8      2     14      1      6      1      1   1665
      1    159      8      2     15      2      3      4      0   1265
      1    159      8      2     16      3      9      3      1   1081
      1    159      9      1      1      3     12      3      1   1111
      1    159      9      1      2      7     10      7      1   1109
      1    159      9      1      3      2      9      2      1    875
      1    159      9      1      4      5      6      5      1    838
      1    159      9      1      5      4     10      4      1   1763
      1    159      9      1      6      6     12      6      1   1221
      1    159      9      1      7      5     11      5      1    922
      1    159      9      1      8      1     10      4      0   1476
      1    159      9      1      9      4     11      4      1   2057
      1    159      9      1     10      6      9      6      1   1216
      1    159      9      1     11      7      2      7      1    866
      1    159      9      1     12      3     14      3      1   1336
      1    159      9      1     13      8     15      8      1   1034
      1    159      9      1     14      1      9      1      1   1244
      1    159      9      1     15      2     16      2      1   1482
      1    159      9      1     16      8      9      8      1    978
      1    159      9      2      1      6     11      6      1   1184
      1    159      9      2      2      7     16      7      1   3583
      1    159      9      2      3      4     14      4      1   2996
      1    159      9      2      4      5      5      5      1   1397
      1    159      9      2      5      2     13      2      1   1465
      1    159      9      2      6      8     16      8      1   1566
      1    159      9      2      7      4      9      4      1   3267
      1    159      9      2      8      3     16      3      1   1498
      1    159      9      2      9      8      6      8      1   2883
      1    159      9      2     10      7     15      7      1   1399
      1    159      9      2     11      1     16      1      1   1110
      1    159      9      2     12      3     13      3      1   1032
      1    159      9      2     13      6      7      6      1   1147
      1    159      9      2     14      2      4      2      1   1032
      1    159      9      2     15      5     12      5      1   1097
      1    159      9      2     16      1      2      4      0   1531
