      2     74      1      1      1      6      7      1      0   3057   4760
      2     74      1      1      2      6      7      6      1   2062   1490
      2     74      1      1      3      7     15      2      0   1251   5728
      2     74      1      1      4      7     15      7      1   3366   1471
      2     74      1      1      5      8      2      3      0   3727   1438
      2     74      1      1      6      8      2      8      1   1375   1183
      2     74      1      1      7      3      7      4      0   1778   2294
      2     74      1      1      8      3      7      3      1   2191    891
      2     74      1      1      9      3      6      6      0   2159   1334
      2     74      1      1     10      3      6      3      1   2607    756
      2     74      1      1     11      6     16      2      0   1958   2055
      2     74      1      1     12      6     13      5      0   1610   1036
      2     74      1      1     13      7     12      3      0   1836   1191
      2     74      1      1     14      5     16      5      1   1749    916
      2     74      1      1     15      8      3      8      1   4181   1047
      2     74      1      1     16      7      4      3      0   1897   1179
      2     74      1      2      1      3      9      1      0   1775     -1
      2     74      1      2      2      4      1      7      0   4256     -1
      2     74      1      2      3      1     16      3      0   2341     -1
      2     74      1      2      4      8     13      8      1   2612     -1
      2     74      1      2      5      3     14      4      0   3307     -1
      2     74      1      2      6      5      2      5      1   1375     -1
      2     74      1      2      7      7     10      6      0   5009     -1
      2     74      1      2      8      8      9      7      0   1859     -1
      2     74      1      2      9      6      5      6      1   2907     -1
      2     74      1      2     10      6      8      2      0   2409     -1
      2     74      1      2     11      1      9      2      0   3826     -1
      2     74      1      2     12      2      1      2      1   1592     -1
      2     74      1      2     13      7      6      3      0   2146     -1
      2     74      1      2     14      4     16      5      0   1809     -1
      2     74      1      2     15      2      6      5      0   1808     -1
      2     74      1      2     16      5      5      1      0   2860     -1
      2     74      2      1      1      7     15      1      0   2053   5312
      2     74      2      1      2      3      8      7      0    970   7230
      2     74      2      1      3      2     14      6      0   3318   5594
      2     74      2      1      4      8      8      6      0   1921   3449
      2     74      2      1      5      7     13      7      1   1233   3191
      2     74      2      1      6      5      6      5      1   1867   4451
      2     74      2      1      7      3      2      7      0   1497   1000
      2     74      2      1      8      3      8      3      1   1828   3178
      2     74      2      1      9      2      3      2      1   1983   1718
      2     74      2      1     10      4     15      6      0   2137    928
      2     74      2      1     11      8      5      6      0   2801   5700
      2     74      2      1     12      8      8      8      1    927   1298
      2     74      2      1     13      1      1      7      0   1751   1423
      2     74      2      1     14      1     11      2      0   1263   1510
      2     74      2      1     15      6      3      6      1   1379   4116
      2     74      2      1     16      1      5      3      0   3282   3867
      2     74      2      2      1      4      3      1      0  11511     -1
      2     74      2      2      2      1      4      1      1   1977     -1
      2     74      2      2      3      1      7      4      0   3309     -1
      2     74      2      2      4      8     16      8      1   4325     -1
      2     74      2      2      5      4     14      4      1   2308     -1
      2     74      2      2      6      3     15      6      0   7275     -1
      2     74      2      2      7      5     11      5      1   1759     -1
      2     74      2      2      8      3     11      4      0   6075     -1
      2     74      2      2      9      7      2      7      1   1909     -1
      2     74      2      2     10      6      9      3      0   3809     -1
      2     74      2      2     11      2      9      2      1   1863     -1
      2     74      2      2     12      5      4      5      1   1408     -1
      2     74      2      2     13      6     11      1      0   2675     -1
      2     74      2      2     14      8      4      8      1   2558     -1
      2     74      2      2     15      7      8      7      1   2125     -1
      2     74      2      2     16      2      8      5      0   4174     -1
      2     74      3      1      1      7     15      7      1   1504    973
      2     74      3      1      2      6      6      6      1   1072   1484
      2     74      3      1      3      8      6      1      0   1833    915
      2     74      3      1      4      5      8      5      1   1526   1676
      2     74      3      1      5      5     16      5      1    983    817
      2     74      3      1      6      2      2      2      1    881    966
      2     74      3      1      7      2      3      2      1   1040    843
      2     74      3      1      8      7     13      7      1   1212    805
      2     74      3      1      9      1      1      6      0   3090   1499
      2     74      3      1     10      1      5      1      1   1042    792
      2     74      3      1     11      1     11      2      0   1819   1701
      2     74      3      1     12      3     13      1      0   1338   1566
      2     74      3      1     13      3      2      3      1    897   4031
      2     74      3      1     14      8      3      8      1   2961   3181
      2     74      3      1     15      7     14      1      0   1223   1937
      2     74      3      1     16      8      2      1      0    878   3035
      2     74      3      2      1      6     15      4      0   3444     -1
      2     74      3      2      2      8     14      8      1   1693     -1
      2     74      3      2      3      3     10      7      0   2558     -1
      2     74      3      2      4      1      6      7      0   4943     -1
      2     74      3      2      5      5      7      5      1   1592     -1
      2     74      3      2      6      1     10      2      0   3675     -1
      2     74      3      2      7      2     16      2      1   3858     -1
      2     74      3      2      8      6     12      4      0   1325     -1
      2     74      3      2      9      4     13      1      0   5575     -1
      2     74      3      2     10      2      4      5      0   2375     -1
      2     74      3      2     11      3     12      3      1   4325     -1
      2     74      3      2     12      5     10      1      0   4393     -1
      2     74      3      2     13      8     10      3      0   7109     -1
      2     74      3      2     14      4      5      2      0   3074     -1
      2     74      3      2     15      7      7      7      1   1392     -1
      2     74      3      2     16      7      5      7      1   1691     -1
      2     74      4      1      1      3     16      4      0   1693   1547
      2     74      4      1      2      3     13      3      1    829   1361
      2     74      4      1      3      4      8      2      0   1853    993
      2     74      4      1      4      4     10      4      1   1150   1343
      2     74      4      1      5      4     11      4      1    705   3696
      2     74      4      1      6      4     12      4      1    764   1820
      2     74      4      1      7      1      3      2      0   1592   1231
      2     74      4      1      8      2      2      1      0    672   1629
      2     74      4      1      9      1      5      1      1    902   3533
      2     74      4      1     10      7      4      4      0   1954   2482
      2     74      4      1     11      6      3      4      0    788   2629
      2     74      4      1     12      6     10      6      1   1320   2106
      2     74      4      1     13      6     16      4      0    798   3949
      2     74      4      1     14      3     13      7      0   1424   3953
      2     74      4      1     15      2     14      2      1   1028   1245
      2     74      4      1     16      5     14      5      1   1926   2067
      2     74      4      2      1      6     12      6      1   4545     -1
      2     74      4      2      2      6     11      6      1   5307     -1
      2     74      4      2      3      1      7      1      1   6777     -1
      2     74      4      2      4      8     14      8      1   1425     -1
      2     74      4      2      5      7      6      7      1   1826     -1
      2     74      4      2      6      7      8      7      1   1442     -1
      2     74      4      2      7      4     14      2      0   6725     -1
      2     74      4      2      8      1      9      2      0   1246     -1
      2     74      4      2      9      8      9      8      1   1393     -1
      2     74      4      2     10      3     11      7      0   1425     -1
      2     74      4      2     11      4     16      5      0   1778     -1
      2     74      4      2     12      5      5      5      1   1475     -1
      2     74      4      2     13      3     14      6      0   6543     -1
      2     74      4      2     14      5     11      5      1   1225     -1
      2     74      4      2     15      2      9      2      1   1159     -1
      2     74      4      2     16      2     16      2      1   2743     -1
      2     74      5      1      1      4      8      2      0   6571   1331
      2     74      5      1      2      4      8      4      1   1017   1318
      2     74      5      1      3      4     12      4      1   1919    979
      2     74      5      1      4      3      2      7      0    970   2125
      2     74      5      1      5      3      8      3      1    968   2092
      2     74      5      1      6      7     12      3      0   1873   4529
      2     74      5      1      7      1      5      1      1   1552   1388
      2     74      5      1      8      4     15      1      0    797   3308
      2     74      5      1      9      6      7      6      1   2269   2748
      2     74      5      1     10      8      8      8      1   1355   3008
      2     74      5      1     11      7     15      1      0    993    758
      2     74      5      1     12      6     13      6      1   2269   2141
      2     74      5      1     13      6     16      6      1    667   1569
      2     74      5      1     14      4     15      6      0   2623   1334
      2     74      5      1     15      1      1      4      0    945   3854
      2     74      5      1     16      6     10      7      0   1425   3169
      2     74      5      2      1      3     10      1      0   5995     -1
      2     74      5      2      2      4      3      6      0   3175     -1
      2     74      5      2      3      5      2      5      1   1425     -1
      2     74      5      2      4      7      2      7      1   1825     -1
      2     74      5      2      5      2      1      2      1   2109     -1
      2     74      5      2      6      2      4      2      1   2159     -1
      2     74      5      2      7      8      4      8      1   1626     -1
      2     74      5      2      8      6      5      4      0   1759     -1
      2     74      5      2      9      5     10      4      0   1892     -1
      2     74      5      2     10      3     12      7      0   3576     -1
      2     74      5      2     11      4      1      1      0   4760     -1
      2     74      5      2     12      1     10      8      0   5930     -1
      2     74      5      2     13      8     13      8      1   1342     -1
      2     74      5      2     14      7      5      7      1   2425     -1
      2     74      5      2     15      1     16      4      0   2109     -1
      2     74      5      2     16      6      9      4      0   1293     -1
      2     74      6      1      1      7     13      7      1   1179   2712
      2     74      6      1      2      3      7      4      0   1170   1632
      2     74      6      1      3      7     12      3      0    681   2390
      2     74      6      1      4      4      8      1      0   1862   4016
      2     74      6      1      5      6     13      4      0    859   1511
      2     74      6      1      6      6     16      4      0   1053    880
      2     74      6      1      7      3      2      3      1   1963   4312
      2     74      6      1      8      1     14      6      0   4247   1705
      2     74      6      1      9      1      5      1      1    511   7269
      2     74      6      1     10      3     16      7      0   2522   1418
      2     74      6      1     11      3     13      3      1    973   2138
      2     74      6      1     12      3      8      3      1    715   2555
      2     74      6      1     13      7     13      3      0    937   1764
      2     74      6      1     14      1     11      4      0   2975   1070
      2     74      6      1     15      1     14      1      1    636   2730
      2     74      6      1     16      2      2      2      1    847   1981
      2     74      6      2      1      1      6      6      0   4194     -1
      2     74      6      2      2      1      4      6      0   2226     -1
      2     74      6      2      3      8     16      8      1   2610     -1
      2     74      6      2      4      5      7      5      1   1261     -1
      2     74      6      2      5      8     10      4      0   6874     -1
      2     74      6      2      6      2      8      2      1   1675     -1
      2     74      6      2      7      2      6      2      1    944     -1
      2     74      6      2      8      3      9      3      1   8659     -1
      2     74      6      2      9      4     13      6      0   5811     -1
      2     74      6      2     10      3     15      3      1   5893     -1
      2     74      6      2     11      7      7      7      1   1743     -1
      2     74      6      2     12      7     10      7      1   1157     -1
      2     74      6      2     13      6     15      6      1   3592     -1
      2     74      6      2     14      5      4      5      1   1479     -1
      2     74      6      2     15      4      5      7      0   5925     -1
      2     74      6      2     16      6      8      6      1   3059     -1
      2     74      7      1      1      1      5      4      0    939   2721
      2     74      7      1      2      7     12      3      0    709   2266
      2     74      7      1      3      6      7      6      1   2405   1008
      2     74      7      1      4      2     14      2      1   2462   1148
      2     74      7      1      5      3      2      7      0   1801    883
      2     74      7      1      6      1      1      1      1   1288   5613
      2     74      7      1      7      6      6      6      1   1064   3588
      2     74      7      1      8      5     16      5      1   1088   2580
      2     74      7      1      9      5      9      5      1    813   1656
      2     74      7      1     10      3     16      6      0   4079   2360
      2     74      7      1     11      1     14      6      0   1400   3502
      2     74      7      1     12      4      8      1      0    643   5102
      2     74      7      1     13      4     15      4      1    754   8523
      2     74      7      1     14      2      3      2      1    834   2929
      2     74      7      1     15      6     16      6      1   1639   1286
      2     74      7      1     16      7     14      6      0   3647   2014
      2     74      7      2      1      2      4      2      1   5411     -1
      2     74      7      2      2      5      5      5      1   1643     -1
      2     74      7      2      3      7     10      7      1   3575     -1
      2     74      7      2      4      7      5      7      1   1377     -1
      2     74      7      2      5      4      1      4      1   4293     -1
      2     74      7      2      6      6     12      6      1   2826     -1
      2     74      7      2      7      1      6      1      1   3194     -1
      2     74      7      2      8      1      9      1      1   1826     -1
      2     74      7      2      9      6      5      6      1   6008     -1
      2     74      7      2     10      3     15      3      1   4675     -1
      2     74      7      2     11      5      2      5      1   1059     -1
      2     74      7      2     12      4     14      6      0   5774     -1
      2     74      7      2     13      8     16      8      1   3095     -1
      2     74      7      2     14      3     10      7      0   7810     -1
      2     74      7      2     15      8      4      8      1   1376     -1
      2     74      7      2     16      2      8      2      1   1194     -1
      2     74      8      1      1      7     14      1      0    774   1970
      2     74      8      1      2      8      5      8      1   1293   5491
      2     74      8      1      3      6     10      6      1   4828   2165
      2     74      8      1      4      6      3      6      1   1659   1983
      2     74      8      1      5      1     11      1      1    805   2943
      2     74      8      1      6      3      2      7      0   2581    933
      2     74      8      1      7      7      4      3      0   1000   1371
      2     74      8      1      8      8      3      8      1   1032   1309
      2     74      8      1      9      1     11      1      1    573   1236
      2     74      8      1     10      1      5      1      1   2760   1935
      2     74      8      1     11      8      8      8      1    955   1810
      2     74      8      1     12      8      6      8      1    783   1522
      2     74      8      1     13      1      2      1      1   1666   1228
      2     74      8      1     14      2      5      2      1    641    989
      2     74      8      1     15      7     16      7      1   1863   1706
      2     74      8      1     16      3     16      3      1    745   7329
      2     74      8      2      1      5     11      5      1   1045     -1
      2     74      8      2      2      8     10      1      0   4242     -1
      2     74      8      2      3      7      6      7      1   1958     -1
      2     74      8      2      4      1      7      1      1   1309     -1
      2     74      8      2      5      4      5      1      0   5509     -1
      2     74      8      2      6      5      4      5      1   1009     -1
      2     74      8      2      7      3     12      3      1   2926     -1
      2     74      8      2      8      8     14      8      1   1609     -1
      2     74      8      2      9      4     16      4      1   7592     -1
      2     74      8      2     10      1      4      1      1   1509     -1
      2     74      8      2     11      6     11      6      1   2511     -1
      2     74      8      2     12      2      1      2      1   1525     -1
      2     74      8      2     13      6     15      6      1   3625     -1
      2     74      8      2     14      3     14      1      0   3659     -1
      2     74      8      2     15      7      8      7      1   1308     -1
      2     74      8      2     16      2      9      2      1   1225     -1
      2     74      9      1      1      6      6      1      0   1700   2409
      2     74      9      1      2      6     13      6      1    831   2783
      2     74      9      1      3      3      6      1      0    765   2507
      2     74      9      1      4      1      5      1      1    667   1701
      2     74      9      1      5      3      2      7      0    972   4236
      2     74      9      1      6      7     13      7      1   1112   1901
      2     74      9      1      7      3     16      3      1   1252   1664
      2     74      9      1      8      2      3      2      1   3804   2188
      2     74      9      1      9      2     14      2      1   2513   3097
      2     74      9      1     10      7     14      7      1    877   6045
      2     74      9      1     11      7      4      3      0    679   2132
      2     74      9      1     12      4      9      4      1   1236   9712
      2     74      9      1     13      7     12      7      1   1963   2065
      2     74      9      1     14      1     11      1      1    608   1430
      2     74      9      1     15      3     13      3      1   1732   3161
      2     74      9      1     16      7     16      4      0   1212   4898
      2     74      9      2      1      8      9      8      1   1811     -1
      2     74      9      2      2      1     10      1      1   4211     -1
      2     74      9      2      3      3      9      3      1   1709     -1
      2     74      9      2      4      6      8      6      1   3092     -1
      2     74      9      2      5      4      3      3      0   3691     -1
      2     74      9      2      6      8     13      8      1   1675     -1
      2     74      9      2      7      4     13      1      0   6059     -1
      2     74      9      2      8      5      7      5      1   1359     -1
      2     74      9      2      9      6      9      6      1   1526     -1
      2     74      9      2     10      2     16      2      1   8726     -1
      2     74      9      2     11      7      2      7      1   1259     -1
      2     74      9      2     12      2      6      2      1   1276     -1
      2     74      9      2     13      5     10      6      0   1959     -1
      2     74      9      2     14      1     16      1      1   2809     -1
      2     74      9      2     15      7      7      7      1   1176     -1
      2     74      9      2     16      3     11      3      1   4361     -1
