      2     66      1      1      1      5     11      5      1   1606   1066
      2     66      1      1      2      5      8      5      1   1062   3670
      2     66      1      1      3      5      9      5      1    714   1325
      2     66      1      1      4      8      6      8      1   1425   5248
      2     66      1      1      5      8      2      8      1   1099    907
      2     66      1      1      6      8     14      8      1    976   1824
      2     66      1      1      7      6     16      2      0   2363   4571
      2     66      1      1      8      5     10      5      1   1049   2867
      2     66      1      1      9      6     16      6      1    774   1184
      2     66      1      1     10      6     11      6      1    916    848
      2     66      1      1     11      2      8      3      0   5178   6343
      2     66      1      1     12      2      8      2      1   2146   1242
      2     66      1      1     13      2      6      2      1   1229   2769
      2     66      1      1     14      2      9      2      1    815   1113
      2     66      1      1     15      1      9      2      0    836   1010
      2     66      1      1     16      6     10      3      0   4531   1983
      2     66      1      2      1      5      4      5      1   1455     -1
      2     66      1      2      2      4     13      3      0   4711     -1
      2     66      1      2      3      3     16      1      0   4660     -1
      2     66      1      2      4      7      4      1      0   2309     -1
      2     66      1      2      5      1     10      2      0   5307     -1
      2     66      1      2      6      8      5      8      1   1224     -1
      2     66      1      2      7      1      1      4      0   3525     -1
      2     66      1      2      8      3      2      1      0   4679     -1
      2     66      1      2      9      2      5      4      0   1576     -1
      2     66      1      2     10      6      8      6      1   3409     -1
      2     66      1      2     11      2     10      7      0   3559     -1
      2     66      1      2     12      5      7      5      1   2346     -1
      2     66      1      2     13      4      1      4      1   1410     -1
      2     66      1      2     14      7     10      2      0   1308     -1
      2     66      1      2     15      8      4      8      1   1358     -1
      2     66      1      2     16      6      7      6      1   1275     -1
      2     66      2      1      1      1      7      4      0   1068   3195
      2     66      2      1      2      8      2      8      1   1794   2407
      2     66      2      1      3      7     12      1      0   2467   2535
      2     66      2      1      4      1      7      1      1    974   3021
      2     66      2      1      5      3      9      1      0   1229   3394
      2     66      2      1      6      3      8      2      0   1318   1077
      2     66      2      1      7      7     15      2      0   1308   1920
      2     66      2      1      8      7      6      7      1   1389   3363
      2     66      2      1      9      4     14      4      1   1836   1420
      2     66      2      1     10      3     13      1      0   2121   1945
      2     66      2      1     11      7     15      7      1   1879   1409
      2     66      2      1     12      2      6      1      0   2302   1731
      2     66      2      1     13      2      9      2      1    913   1001
      2     66      2      1     14      4     10      8      0   1436    978
      2     66      2      1     15      1      4      1      1   2090   1166
      2     66      2      1     16      7      6      7      1   1526   1905
      2     66      2      2      1      8      9      8      1   1330     -1
      2     66      2      2      2      7     16      7      1   1095     -1
      2     66      2      2      3      3     11      1      0   4693     -1
      2     66      2      2      4      2      1      2      1   4941     -1
      2     66      2      2      5      4     11      2      0   3409     -1
      2     66      2      2      6      5     16      5      1   1159     -1
      2     66      2      2      7      4      3      1      0   3661     -1
      2     66      2      2      8      6      3      7      0   2042     -1
      2     66      2      2      9      1      6      3      0   3093     -1
      2     66      2      2     10      6      6      4      0   1679     -1
      2     66      2      2     11      3     12      1      0   1760     -1
      2     66      2      2     12      5     12      5      1   1225     -1
      2     66      2      2     13      8      3      8      1   1310     -1
      2     66      2      2     14      1     16      4      0   4742     -1
      2     66      2      2     15      7     13      7      1   1212     -1
      2     66      2      2     16      2     16      4      0   2225     -1
      2     66      3      1      1      7      6      7      1    973   2716
      2     66      3      1      2      3      9      1      0    842   1757
      2     66      3      1      3      8     10      8      1   1036   1076
      2     66      3      1      4      6     13      6      1   1638   1189
      2     66      3      1      5      6      9      3      0   2225    890
      2     66      3      1      6      3      8      1      0   1274   2218
      2     66      3      1      7      3      9      3      1   1394   1445
      2     66      3      1      8      6     11      6      1   2502    926
      2     66      3      1      9      1      7      4      0   3405   1269
      2     66      3      1     10      4     16      4      1   1582   3128
      2     66      3      1     11      1     14      4      0   2043   1839
      2     66      3      1     12      7     12      7      1    956   1138
      2     66      3      1     13      3     10      1      0   2165    899
      2     66      3      1     14      3      8      4      0   1175   1152
      2     66      3      1     15      3      9      3      1   1488   1304
      2     66      3      1     16      3     14      3      1    930   1294
      2     66      3      2      1      2     13      4      0   1446     -1
      2     66      3      2      2      4     12      4      1   1975     -1
      2     66      3      2      3      2     14      4      0   2759     -1
      2     66      3      2      4      7      8      7      1   1079     -1
      2     66      3      2      5      8      8      8      1   1892     -1
      2     66      3      2      6      1      2      1      1   2710     -1
      2     66      3      2      7      6     12      1      0   1643     -1
      2     66      3      2      8      6      5      6      1   1109     -1
      2     66      3      2      9      4      9      4      1   4392     -1
      2     66      3      2     10      3      7      3      1   2729     -1
      2     66      3      2     11      5     14      5      1   1192     -1
      2     66      3      2     12      3     15      4      0   9909     -1
      2     66      3      2     13      8     16      8      1   1346     -1
      2     66      3      2     14      1      5      7      0   3342     -1
      2     66      3      2     15      7     14      7      1   1643     -1
      2     66      3      2     16      5      6      5      1   1492     -1
      2     66      4      1      1      7      6      7      1   1031   1407
      2     66      4      1      2      3      9      1      0    768   1696
      2     66      4      1      3      6     13      6      1   1239   1598
      2     66      4      1      4      6      9      7      0    844    983
      2     66      4      1      5      3      8      3      1   3280    933
      2     66      4      1      6      1      7      2      0    857   2973
      2     66      4      1      7      4     16      2      0    812   1556
      2     66      4      1      8      2      6      2      1    698   1652
      2     66      4      1      9      4     16      4      1    722    893
      2     66      4      1     10      8     15      8      1    786   3043
      2     66      4      1     11      7      5      7      1   1519   1549
      2     66      4      1     12      2      4      2      1   2511    609
      2     66      4      1     13      1      7      1      1   4813   3110
      2     66      4      1     14      3      8      3      1    987   3093
      2     66      4      1     15      2      3      4      0   1824    827
      2     66      4      1     16      4     14      4      1    827   2247
      2     66      4      2      1      8     16      8      1   2462     -1
      2     66      4      2      2      7     16      7      1   1129     -1
      2     66      4      2      3      4      3      4      1   7659     -1
      2     66      4      2      4      8      8      8      1   1192     -1
      2     66      4      2      5      4     13      4      1   1691     -1
      2     66      4      2      6      6      8      6      1   2258     -1
      2     66      4      2      7      6     12      3      0   2778     -1
      2     66      4      2      8      5     14      5      1   1241     -1
      2     66      4      2      9      7     13      7      1   1225     -1
      2     66      4      2     10      3     11      3      1   1964     -1
      2     66      4      2     11      1      6      1      1   1358     -1
      2     66      4      2     12      2      1      2      1   2025     -1
      2     66      4      2     13      3      2      3      1   1358     -1
      2     66      4      2     14      1     16      4      0   2292     -1
      2     66      4      2     15      5      6      5      1   1342     -1
      2     66      4      2     16      2     10      2      1   2574     -1
      2     66      5      1      1      5      5      5      1   1353   1083
      2     66      5      1      2      2      3      4      0   1156   1382
      2     66      5      1      3      7      6      7      1   1508    743
      2     66      5      1      4      3      8      3      1   1462   1097
      2     66      5      1      5      2      2      2      1   1205    795
      2     66      5      1      6      5      8      5      1   1192   1200
      2     66      5      1      7      3     14      3      1   2388    956
      2     66      5      1      8      2      6      2      1    956   1171
      2     66      5      1      9      2      9      2      1   3180    798
      2     66      5      1     10      1      9      4      0    526    970
      2     66      5      1     11      1      3      1      1    947   3540
      2     66      5      1     12      4     14      4      1   1189    907
      2     66      5      1     13      3     14      6      0   1610   1822
      2     66      5      1     14      6     16      6      1    882   1179
      2     66      5      1     15      3     13      4      0   3893   1413
      2     66      5      1     16      8     10      8      1    835   2287
      2     66      5      2      1      7     10      7      1   3096     -1
      2     66      5      2      2      8      9      8      1   1158     -1
      2     66      5      2      3      4     12      4      1   3993     -1
      2     66      5      2      4      7      4      1      0   7358     -1
      2     66      5      2      5      5      7      5      1   1341     -1
      2     66      5      2      6      8      5      8      1   1247     -1
      2     66      5      2      7      2     16      4      0   2942     -1
      2     66      5      2      8      1      1      3      0   4059     -1
      2     66      5      2      9      1      2      1      1   1559     -1
      2     66      5      2     10      3     12      3      1   1409     -1
      2     66      5      2     11      4      1      4      1   3979     -1
      2     66      5      2     12      6      3      7      0   1726     -1
      2     66      5      2     13      5      4      5      1    992     -1
      2     66      5      2     14      3     16      3      1   1775     -1
      2     66      5      2     15      2      5      2      1   1875     -1
      2     66      5      2     16      6      5      6      1   1459     -1
      2     66      6      1      1      1      3      2      0    885   7162
      2     66      6      1      2      7      6      7      1   1419   1304
      2     66      6      1      3      4     10      4      1   2698   1147
      2     66      6      1      4      2      8      2      1    904   1232
      2     66      6      1      5      1     11      1      1   2137    861
      2     66      6      1      6      2      3      1      0   3927    724
      2     66      6      1      7      6     11      6      1   1658   3904
      2     66      6      1      8      7      2      7      1    824   2022
      2     66      6      1      9      3      9      3      1    914   3000
      2     66      6      1     10      4     14      4      1   1656   1055
      2     66      6      1     11      6     10      7      0    939   1514
      2     66      6      1     12      5      5      5      1   2359   1364
      2     66      6      1     13      2      3      2      1   1026   4102
      2     66      6      1     14      6     13      6      1   1477   1069
      2     66      6      1     15      3     10      3      1   1646   1523
      2     66      6      1     16      1      3      1      1   1242    956
      2     66      6      2      1      5     16      5      1   1045     -1
      2     66      6      2      2      1     10      1      1   3359     -1
      2     66      6      2      3      7     14      7      1   1875     -1
      2     66      6      2      4      2     14      4      0   1327     -1
      2     66      6      2      5      3     15      3      1   2745     -1
      2     66      6      2      6      6      6      6      1   4776     -1
      2     66      6      2      7      7      8      7      1   1444     -1
      2     66      6      2      8      8      4      8      1    909     -1
      2     66      6      2      9      2     13      2      1   3276     -1
      2     66      6      2     10      4     11      1      0   3475     -1
      2     66      6      2     11      8      3      8      1   1176     -1
      2     66      6      2     12      5     12      5      1   2979     -1
      2     66      6      2     13      1      5      1      1   5346     -1
      2     66      6      2     14      6      7      6      1   2062     -1
      2     66      6      2     15      3      7      6      0   1526     -1
      2     66      6      2     16      4      9      4      1   3860     -1
      2     66      7      1      1      2      2      2      1    985   1942
      2     66      7      1      2      4      5      4      1   1880   1013
      2     66      7      1      3      6     10      6      1   1461    999
      2     66      7      1      4      8     15      8      1    955    877
      2     66      7      1      5      7     15      7      1   1063   1076
      2     66      7      1      6      3      6      3      1   2293   1906
      2     66      7      1      7      2      3      2      1    985    797
      2     66      7      1      8      1      3      1      1    952   1174
      2     66      7      1      9      8     13      8      1   1107   1335
      2     66      7      1     10      7     12      7      1   1264   1162
      2     66      7      1     11      3      9      3      1    915   4016
      2     66      7      1     12      6     13      6      1    662   1526
      2     66      7      1     13      3      8      3      1   1066   1636
      2     66      7      1     14      1     14      6      0   3598    950
      2     66      7      1     15      4      8      4      1   1030   1573
      2     66      7      1     16      2      6      2      1    888   1091
      2     66      7      2      1      2      1      2      1   1230     -1
      2     66      7      2      2      7     14      7      1   3059     -1
      2     66      7      2      3      8      9      8      1   1176     -1
      2     66      7      2      4      4     12      2      0   2775     -1
      2     66      7      2      5      2      5      2      1   1142     -1
      2     66      7      2      6      4      1      1      0   2293     -1
      2     66      7      2      7      5      6      2      0    876     -1
      2     66      7      2      8      7      4      1      0   1893     -1
      2     66      7      2      9      1      1      3      0   9059     -1
      2     66      7      2     10      3     11      3      1   1364     -1
      2     66      7      2     11      6     12      1      0   1459     -1
      2     66      7      2     12      8      4      8      1   1008     -1
      2     66      7      2     13      1      5      1      1   5496     -1
      2     66      7      2     14      3      7      6      0   1296     -1
      2     66      7      2     15      6      8      6      1   1043     -1
      2     66      7      2     16      5     12      5      1    992     -1
      2     66      8      1      1      7      5      7      1   2322   1246
      2     66      8      1      2      3      8      3      1   1272   2849
      2     66      8      1      3      7     12      7      1    867   3306
      2     66      8      1      4      3     10      1      0   1658    744
      2     66      8      1      5      3      6      3      1   1606   4052
      2     66      8      1      6      4      5      4      1   1414   1983
      2     66      8      1      7      7      2      7      1   1073    531
      2     66      8      1      8      3      9      3      1    768   2290
      2     66      8      1      9      3      6      3      1    828   2195
      2     66      8      1     10      2      3      2      1    828    949
      2     66      8      1     11      7     12      7      1    927   1215
      2     66      8      1     12      5      8      5      1   1187    615
      2     66      8      1     13      1     14      1      1   3657   1334
      2     66      8      1     14      1      4      4      0   1423    904
      2     66      8      1     15      1      9      1      1   4767   1701
      2     66      8      1     16      6     15      6      1   1442   1085
      2     66      8      2      1      2     13      4      0   3296     -1
      2     66      8      2      2      4     13      4      1   1092     -1
      2     66      8      2      3      1     10      1      1   1059     -1
      2     66      8      2      4      7     16      7      1   1209     -1
      2     66      8      2      5      4      3      2      0   2058     -1
      2     66      8      2      6      2     10      2      1   1377     -1
      2     66      8      2      7      5     14      5      1   1076     -1
      2     66      8      2      8      3     15      3      1    991     -1
      2     66      8      2      9      3     12      3      1   1292     -1
      2     66      8      2     10      5      4      5      1   1775     -1
      2     66      8      2     11      8     16      8      1   1291     -1
      2     66      8      2     12      7     10      7      1   1174     -1
      2     66      8      2     13      6      6      6      1   1542     -1
      2     66      8      2     14      1      2      1      1   1208     -1
      2     66      8      2     15      6      3      7      0   1258     -1
      2     66      8      2     16      8      3      8      1    941     -1
      2     66      9      1      1      6     16      6      1   1020   2542
      2     66      9      1      2      1      7      1      1    750    768
      2     66      9      1      3      8      2      8      1    813    654
      2     66      9      1      4      7      2      7      1    808    613
      2     66      9      1      5      4     16      4      1   1243    937
      2     66      9      1      6      8     14      8      1   1007    723
      2     66      9      1      7      5      8      5      1    726    857
      2     66      9      1      8      2      9      2      1   1473   1070
      2     66      9      1      9      4     15      4      1   1996   1576
      2     66      9      1     10      2      8      2      1    792    723
      2     66      9      1     11      3     13      3      1   1010   1838
      2     66      9      1     12      4     14      4      1    758    544
      2     66      9      1     13      2      4      2      1    933    664
      2     66      9      1     14      7      7      7      1    841    859
      2     66      9      1     15      6     15      6      1    900   1964
      2     66      9      1     16      3     10      3      1   1216    734
      2     66      9      2      1      1     16      1      1   1264     -1
      2     66      9      2      2      2     14      4      0   1309     -1
      2     66      9      2      3      1      6      1      1   1225     -1
      2     66      9      2      4      4      9      4      1   2508     -1
      2     66      9      2      5      8      8      8      1   1092     -1
      2     66      9      2      6      6      7      6      1   1146     -1
      2     66      9      2      7      8      5      8      1   1046     -1
      2     66      9      2      8      6      5      6      1   1742     -1
      2     66      9      2      9      5      7      5      1   1246     -1
      2     66      9      2     10      7     13      7      1   1462     -1
      2     66      9      2     11      3     16      3      1   1646     -1
      2     66      9      2     12      2     16      4      0   1159     -1
      2     66      9      2     13      4     11      2      0   3694     -1
      2     66      9      2     14      5     16      5      1   1075     -1
      2     66      9      2     15      7      8      7      1   1223     -1
      2     66      9      2     16      3      2      3      1   1158     -1
