      1      8      1      1      1      8     14      8      1   2538
      1      8      1      1      2      2      4      1      0   1748
      1      8      1      1      3      8     15      8      1   4027
      1      8      1      1      4      3      9      3      1   4490
      1      8      1      1      5      7      7      2      0   2212
      1      8      1      1      6      6     12      5      0   2186
      1      8      1      1      7      6      5      4      0   3305
      1      8      1      1      8      5     14      1      0   2350
      1      8      1      1      9      1     16      3      0   3601
      1      8      1      1     10      4     12      1      0   1959
      1      8      1      1     11      1      6      4      0   1893
      1      8      1      1     12      7     10      2      0   2657
      1      8      1      1     13      3     10      3      1   5377
      1      8      1      1     14      2      9      7      0   4548
      1      8      1      1     15      4     14      5      0   4378
      1      8      1      1     16      5      2      1      0   3084
      1      8      1      2      1      3      2      7      0   9576
      1      8      1      2      2      7     13      3      0   5090
      1      8      1      2      3      2     10      2      1   6491
      1      8      1      2      4      4     11      6      0   4925
      1      8      1      2      5      7      5      6      0   3076
      1      8      1      2      6      4     15      5      0   2845
      1      8      1      2      7      8     13      8      1   1243
      1      8      1      2      8      6     15      5      0   3079
      1      8      1      2      9      1      2      3      0   2780
      1      8      1      2     10      8      3      8      1   1380
      1      8      1      2     11      2     14      4      0   3961
      1      8      1      2     12      5     11      5      1   2459
      1      8      1      2     13      6     16      2      0   5227
      1      8      1      2     14      1     11      3      0   3426
      1      8      1      2     15      5      9      5      1   2026
      1      8      1      2     16      3     12      1      0   1510
      1      8      2      1      1      8      8      3      0   3748
      1      8      2      1      2      3      8      1      0   1595
      1      8      2      1      3      2     13      2      1   3906
      1      8      2      1      4      7     15      7      1   2849
      1      8      2      1      5      1      5      6      0   1720
      1      8      2      1      6      5      5      5      1   1763
      1      8      2      1      7      4      9      1      0   6579
      1      8      2      1      8      5      8      5      1   1149
      1      8      2      1      9      3     15      3      1   3665
      1      8      2      1     10      6      9      4      0   2922
      1      8      2      1     11      6     11      4      0   2716
      1      8      2      1     12      8      6      8      1   1273
      1      8      2      1     13      2      8      1      0   3057
      1      8      2      1     14      7     16      7      1   6331
      1      8      2      1     15      4      1      1      0   6057
      1      8      2      1     16      1      3      3      0   4616
      1      8      2      2      1      1     14      1      1   3846
      1      8      2      2      2      7     12      2      0   4711
      1      8      2      2      3      1     10      3      0   4859
      1      8      2      2      4      3     11      3      1   4492
      1      8      2      2      5      5     12      5      1   1063
      1      8      2      2      6      7      8      7      1   4559
      1      8      2      2      7      4      5      7      0   3226
      1      8      2      2      8      2      1      2      1   3393
      1      8      2      2      9      6      6      6      1   2279
      1      8      2      2     10      3     13      4      0   2694
      1      8      2      2     11      2      6      2      1   2408
      1      8      2      2     12      8      9      8      1   1196
      1      8      2      2     13      6     13      6      1   4059
      1      8      2      2     14      5     16      5      1   1057
      1      8      2      2     15      4      8      6      0   1942
      1      8      2      2     16      8     10      8      1   3141
      1      8      3      1      1      4     10      3      0   2206
      1      8      3      1      2      4      3      3      0   2113
      1      8      3      1      3      5     10      5      1   1140
      1      8      3      1      4      7      6      7      1   2201
      1      8      3      1      5      8      5      8      1   1026
      1      8      3      1      6      2      2      1      0   1548
      1      8      3      1      7      2     16      6      0   1842
      1      8      3      1      8      5      6      5      1    965
      1      8      3      1      9      6      3      4      0   2752
      1      8      3      1     10      3      7      3      1   8114
      1      8      3      1     11      1      7      6      0   6450
      1      8      3      1     12      8      4      8      1   1263
      1      8      3      1     13      6     10      4      0   3440
      1      8      3      1     14      1      1      2      0   2426
      1      8      3      1     15      7     14      1      0   2646
      1      8      3      1     16      3     14      7      0   2448
      1      8      3      2      1      6      7      6      1   2012
      1      8      3      2      2      2      3      1      0   3362
      1      8      3      2      3      5      4      5      1   1913
      1      8      3      2      4      6      8      4      0   6077
      1      8      3      2      5      7      2      6      0   2608
      1      8      3      2      6      3      6      7      0   1846
      1      8      3      2      7      1      9      2      0   1294
      1      8      3      2      8      7      4      4      0   2159
      1      8      3      2      9      5      7      5      1   1325
      1      8      3      2     10      4     16      3      0   3761
      1      8      3      2     11      1      4      1      1   2662
      1      8      3      2     12      2      5      2      1   1363
      1      8      3      2     13      8     16      8      1   1158
      1      8      3      2     14      8      2      8      1   1380
      1      8      3      2     15      3     16      1      0   2163
      1      8      3      2     16      4     13      1      0   1259
      1      8      4      1      1      4      3      1      0   1770
      1      8      4      1      2      7     15      3      0   1812
      1      8      4      1      3      2     13      3      0   2727
      1      8      4      1      4      3     15      4      0   3609
      1      8      4      1      5      8      5      8      1   1365
      1      8      4      1      6      4     14      4      1   3128
      1      8      4      1      7      6     11      6      1   2735
      1      8      4      1      8      7     16      6      0   2812
      1      8      4      1      9      5     10      5      1   1060
      1      8      4      1     10      5      6      5      1    965
      1      8      4      1     11      3      7      3      1   2506
      1      8      4      1     12      2      9      2      1   1924
      1      8      4      1     13      1      6      1      1   1242
      1      8      4      1     14      8     15      8      1   1038
      1      8      4      1     15      6      9      6      1   2916
      1      8      4      1     16      1      3      2      0   3366
      1      8      4      2      1      5     16      5      1   1179
      1      8      4      2      2      2      5      2      1   2260
      1      8      4      2      3      3      6      4      0   1808
      1      8      4      2      4      2      6      2      1   1609
      1      8      4      2      5      8      2      8      1   1042
      1      8      4      2      6      4      8      1      0   1593
      1      8      4      2      7      7     13      6      0   2662
      1      8      4      2      8      1      4      4      0   3475
      1      8      4      2      9      8      3      8      1   1062
      1      8      4      2     10      6     16      7      0   2443
      1      8      4      2     11      5      4      5      1   1027
      1      8      4      2     12      1     14      3      0   4125
      1      8      4      2     13      6      8      6      1   1510
      1      8      4      2     14      7     12      7      1   2195
      1      8      4      2     15      3     11      4      0   1993
      1      8      4      2     16      4      5      1      0   1980
      1      8      5      1      1      1     16      1      1   2768
      1      8      5      1      2      6      5      6      1   1340
      1      8      5      1      3      8     14      8      1   1325
      1      8      5      1      4      8      4      8      1   1016
      1      8      5      1      5      2      8      2      1   1781
      1      8      5      1      6      3      8      3      1   2591
      1      8      5      1      7      3     14      4      0   2685
      1      8      5      1      8      4      9      7      0   2085
      1      8      5      1      9      1      7      4      0   4420
      1      8      5      1     10      5     14      5      1   1017
      1      8      5      1     11      7      7      3      0   3313
      1      8      5      1     12      7      6      7      1   4958
      1      8      5      1     13      6     10      6      1   1407
      1      8      5      1     14      4     12      1      0   2322
      1      8      5      1     15      5      5      5      1   1171
      1      8      5      1     16      2      4      2      1   1542
      1      8      5      2      1      1      2      7      0   5528
      1      8      5      2      2      5      9      5      1   1414
      1      8      5      2      3      7      5      7      1   4712
      1      8      5      2      4      6     15      3      0   4479
      1      8      5      2      5      8     10      1      0   2876
      1      8      5      2      6      5      7      5      1   1113
      1      8      5      2      7      1     10      4      0   4009
      1      8      5      2      8      7      4      6      0   2142
      1      8      5      2      9      2     10      1      0   4759
      1      8      5      2     10      3      2      7      0   1293
      1      8      5      2     11      6      6      3      0   3046
      1      8      5      2     12      4     11      1      0   2928
      1      8      5      2     13      3     16      4      0   5207
      1      8      5      2     14      2     14      8      0   1327
      1      8      5      2     15      8     16      8      1    824
      1      8      5      2     16      4     13      1      0   3026
      1      8      6      1      1      5      2      5      1    978
      1      8      6      1      2      8      6      8      1    961
      1      8      6      1      3      2     16      2      1   2945
      1      8      6      1      4      5      8      5      1   1030
      1      8      6      1      5      3      9      7      0   2251
      1      8      6      1      6      6     12      3      0   1307
      1      8      6      1      7      4     10      3      0   3994
      1      8      6      1      8      8      8      8      1   1110
      1      8      6      1      9      7     10      7      1   2073
      1      8      6      1     10      4      1      1      0   2953
      1      8      6      1     11      6      3      6      1   3949
      1      8      6      1     12      1      5      4      0   4162
      1      8      6      1     13      2      2      2      1   1101
      1      8      6      1     14      1      1      1      1   2056
      1      8      6      1     15      3     10      7      0   3155
      1      8      6      1     16      7     14      6      0   2754
      1      8      6      2      1      7      2      7      1   1563
      1      8      6      2      2      4     15      3      0   5711
      1      8      6      2      3      4     16      4      1   3976
      1      8      6      2      4      8      9      8      1   1378
      1      8      6      2      5      5     11      5      1    829
      1      8      6      2      6      6     13      6      1   6679
      1      8      6      2      7      2      1      2      1   1257
      1      8      6      2      8      3     13      3      1   6776
      1      8      6      2      9      7      8      7      1   1576
      1      8      6      2     10      2      3      4      0   1691
      1      8      6      2     11      1     11      1      1   2359
      1      8      6      2     12      3     12      3      1   1927
      1      8      6      2     13      1      9      2      0   2477
      1      8      6      2     14      6      7      6      1   3058
      1      8      6      2     15      8     13      8      1   1242
      1      8      6      2     16      5     12      5      1   1026
      1      8      7      1      1      7      6      7      1   2609
      1      8      7      1      2      2      8      2      1   1163
      1      8      7      1      3      1      1      3      0   2130
      1      8      7      1      4      7     14      3      0   2981
      1      8      7      1      5      8     15      8      1   1053
      1      8      7      1      6      6     12      7      0   2647
      1      8      7      1      7      5      5      5      1   1145
      1      8      7      1      8      8      8      8      1   1014
      1      8      7      1      9      2      4      2      1   1000
      1      8      7      1     10      4     14      3      0   3306
      1      8      7      1     11      1      5      1      1   2266
      1      8      7      1     12      6      3      6      1   2238
      1      8      7      1     13      4      1      1      0   3200
      1      8      7      1     14      3      8      7      0   3259
      1      8      7      1     15      5      6      5      1   1006
      1      8      7      1     16      3     15      3      1   1643
      1      8      7      2      1      5     11      5      1    896
      1      8      7      2      2      8      2      8      1   1145
      1      8      7      2      3      3     16      3      1   2109
      1      8      7      2      4      7      5      7      1   2160
      1      8      7      2      5      6     16      6      1   2642
      1      8      7      2      6      1      4      4      0   4979
      1      8      7      2      7      2      3      1      0   2712
      1      8      7      2      8      4     13      4      1   3059
      1      8      7      2      9      7     13      7      1   1912
      1      8      7      2     10      3     12      3      1   3193
      1      8      7      2     11      1     10      1      1   3227
      1      8      7      2     12      5      9      5      1   1094
      1      8      7      2     13      6      8      6      1   3158
      1      8      7      2     14      8     10      8      1    926
      1      8      7      2     15      4     16      2      0   1275
      1      8      7      2     16      2      1      2      1   1093
      1      8      8      1      1      7     10      7      1   2005
      1      8      8      1      2      4     10      4      1   2798
      1      8      8      1      3      5     14      5      1   1040
      1      8      8      1      4      8      5      8      1   1030
      1      8      8      1      5      2      2      2      1    992
      1      8      8      1      6      3     14      3      1   2505
      1      8      8      1      7      6      5      6      1   2906
      1      8      8      1      8      3      9      3      1   2760
      1      8      8      1      9      1     16      4      0   2912
      1      8      8      1     10      7     15      7      1    994
      1      8      8      1     11      4      3      4      1   2812
      1      8      8      1     12      2     13      3      0   3006
      1      8      8      1     13      6     10      6      1   1816
      1      8      8      1     14      1      3      2      0   2607
      1      8      8      1     15      5     10      5      1    986
      1      8      8      1     16      8      6      8      1   1322
      1      8      8      2      1      1      2      1      1   9980
      1      8      8      2      2      6      6      6      1   2459
      1      8      8      2      3      5     12      5      1   1027
      1      8      8      2      4      2      6      2      1   1224
      1      8      8      2      5      2     14      8      0   1194
      1      8      8      2      6      3      6      3      1   2807
      1      8      8      2      7      5     16      5      1    943
      1      8      8      2      8      4      5      1      0   5641
      1      8      8      2      9      1      9      4      0   2726
      1      8      8      2     10      4      8      4      1   2742
      1      8      8      2     11      7      8      7      1   1760
      1      8      8      2     12      8     13      8      1   1359
      1      8      8      2     13      3     11      3      1   2208
      1      8      8      2     14      6      7      6      1   1612
      1      8      8      2     15      8     16      8      1   1078
      1      8      8      2     16      7     12      7      1   3793
      1      8      9      1      1      7     16      7      1   4441
      1      8      9      1      2      5      8      5      1    835
      1      8      9      1      3      2     16      4      0   3209
      1      8      9      1      4      4     12      4      1   3003
      1      8      9      1      5      1      7      3      0   2154
      1      8      9      1      6      8      4      8      1    953
      1      8      9      1      7      2      9      2      1    845
      1      8      9      1      8      6      9      6      1   1359
      1      8      9      1      9      1      6      1      1   4693
      1      8      9      1     10      3     10      3      1   3199
      1      8      9      1     11      8     14      8      1   1243
      1      8      9      1     12      3      7      3      1   3578
      1      8      9      1     13      6     11      6      1   1263
      1      8      9      1     14      7      7      7      1   1638
      1      8      9      1     15      4      9      4      1   7726
      1      8      9      1     16      5      2      5      1   1050
      1      8      9      2      1      6     13      6      1   5513
      1      8      9      2      2      6     15      6      1   5326
      1      8      9      2      3      8      9      8      1    912
      1      8      9      2      4      2     10      2      1   3009
      1      8      9      2      5      7      4      7      1   5363
      1      8      9      2      6      7      2      7      1   1209
      1      8      9      2      7      3     13      1      0   5509
      1      8      9      2      8      4     15      3      0   4259
      1      8      9      2      9      8      3      8      1   1275
      1      8      9      2     10      3      2      3      1   2109
      1      8      9      2     11      5      4      5      1    957
      1      8      9      2     12      5      7      5      1   2142
      1      8      9      2     13      1     11      3      0   2711
      1      8      9      2     14      1     14      3      0   4693
      1      8      9      2     15      4     11      4      1   3243
      1      8      9      2     16      2      5      2      1   1226
