      1    197      1      1      1      6      8      7      0   7933
      1    197      1      1      2      5     11      5      1   1858
      1    197      1      1      3      7      2      2      0   4082
      1    197      1      1      4      2      2      2      1   2520
      1    197      1      1      5      4     16      3      0   1925
      1    197      1      1      6      1      1      8      0   3997
      1    197      1      1      7      2     10      4      0   2222
      1    197      1      1      8      8     10      8      1   3771
      1    197      1      1      9      1      7      6      0   3917
      1    197      1      1     10      4     14      2      0   2168
      1    197      1      1     11      7      4      8      0   3909
      1    197      1      1     12      8     15      1      0   2282
      1    197      1      1     13      6      6      6      1   3875
      1    197      1      1     14      3     12      1      0   3728
      1    197      1      1     15      5      4      5      1   1282
      1    197      1      1     16      3     13      7      0   3948
      1    197      1      2      1      1      3      1      1   6602
      1    197      1      2      2      3     10      3      1   3874
      1    197      1      2      3      6      3      6      1   2541
      1    197      1      2      4      8     14      8      1   2226
      1    197      1      2      5      7      5      7      1   2790
      1    197      1      2      6      4     11      2      0   3657
      1    197      1      2      7      6     10      6      1   3643
      1    197      1      2      8      5      7      5      1   5258
      1    197      1      2      9      5     12      5      1   1408
      1    197      1      2     10      7      7      4      0   1359
      1    197      1      2     11      2      8      3      0   2958
      1    197      1      2     12      4     13      1      0   7408
      1    197      1      2     13      2      5      2      1   1510
      1    197      1      2     14      1      9      2      0   3659
      1    197      1      2     15      3     11      7      0   5875
      1    197      1      2     16      8      9      8      1   1809
      1    197      2      1      1      1      6      7      0   4791
      1    197      2      1      2      1     11      1      1   1218
      1    197      2      1      3      4      3      4      1   2009
      1    197      2      1      4      5      6      5      1   1729
      1    197      2      1      5      3      2      7      0   3731
      1    197      2      1      6      2      6      2      1   3084
      1    197      2      1      7      7     14      4      0   5380
      1    197      2      1      8      8      3      8      1   1162
      1    197      2      1      9      8      6      8      1   1137
      1    197      2      1     10      4      5      4      1   3126
      1    197      2      1     11      3      9      3      1   1296
      1    197      2      1     12      6     15      6      1   1546
      1    197      2      1     13      2      3      2      1   1327
      1    197      2      1     14      6     12      6      1   1166
      1    197      2      1     15      7     16      4      0   1759
      1    197      2      1     16      5     14      5      1   1513
      1    197      2      2      1      5      5      5      1   2213
      1    197      2      2      2      5      8      5      1   1929
      1    197      2      2      3      8     13      8      1   1375
      1    197      2      2      4      7     15      4      0   5196
      1    197      2      2      5      4      8      2      0   2842
      1    197      2      2      6      3     14      3      1   5442
      1    197      2      2      7      6      9      6      1   2177
      1    197      2      2      8      1      5      2      0   2342
      1    197      2      2      9      2     14      8      0   2158
      1    197      2      2     10      4      9      4      1   2714
      1    197      2      2     11      3      7      3      1   2759
      1    197      2      2     12      6     16      6      1   5896
      1    197      2      2     13      7      8      1      0   1476
      1    197      2      2     14      1      2      4      0   7141
      1    197      2      2     15      8      8      8      1   1742
      1    197      2      2     16      2     13      4      0   1657
      1    197      3      1      1      1     16      3      0  12035
      1    197      3      1      2      2      1      2      1   2680
      1    197      3      1      3      1      4      1      1   2243
      1    197      3      1      4      5     10      5      1   1422
      1    197      3      1      5      4     10      4      1   1236
      1    197      3      1      6      5      2      5      1   1057
      1    197      3      1      7      6     11      6      1   1654
      1    197      3      1      8      8     16      8      1   1583
      1    197      3      1      9      6     13      6      1   1905
      1    197      3      1     10      3      8      3      1   1650
      1    197      3      1     11      7     12      3      0   1642
      1    197      3      1     12      2      9      2      1   2800
      1    197      3      1     13      7      6      7      1   4631
      1    197      3      1     14      8      5      8      1   1004
      1    197      3      1     15      4      1      3      0   2665
      1    197      3      1     16      3      6      3      1   1382
      1    197      3      2      1      6      5      6      1   4012
      1    197      3      2      2      1     14      1      1  10492
      1    197      3      2      3      3     15      1      0   7192
      1    197      3      2      4      4     12      2      0   2309
      1    197      3      2      5      5      9      5      1   1474
      1    197      3      2      6      7     13      7      1   4042
      1    197      3      2      7      1     10      1      1   5364
      1    197      3      2      8      7     10      7      1   3376
      1    197      3      2      9      2      4      4      0   2358
      1    197      3      2     10      4     15      7      0   8175
      1    197      3      2     11      2     16      8      0   2059
      1    197      3      2     12      3     16      6      0   4157
      1    197      3      2     13      8      2      8      1   2008
      1    197      3      2     14      6      7      6      1   1975
      1    197      3      2     15      8      4      8      1   2274
      1    197      3      2     16      5     16      5      1   1308
      1    197      4      1      1      6     11      6      1   1774
      1    197      4      1      2      5      2      5      1   1217
      1    197      4      1      3      2      3      2      1   2987
      1    197      4      1      4      2      2      2      1   1134
      1    197      4      1      5      6      6      3      0   2069
      1    197      4      1      6      4      5      4      1   1360
      1    197      4      1      7      7      2      7      1   3356
      1    197      4      1      8      1      6      1      1   2406
      1    197      4      1      9      3     12      3      1   1643
      1    197      4      1     10      4     14      4      1   3850
      1    197      4      1     11      3      2      3      1   1371
      1    197      4      1     12      8     10      8      1   1108
      1    197      4      1     13      5     14      5      1   1292
      1    197      4      1     14      7     14      7      1   1608
      1    197      4      1     15      8      6      8      1    991
      1    197      4      1     16      1      7      3      0   4892
      1    197      4      2      1      7     15      7      1   1047
      1    197      4      2      2      1      9      2      0  10558
      1    197      4      2      3      6      7      6      1   2780
      1    197      4      2      4      7     13      7      1   1225
      1    197      4      2      5      4      9      3      0   2360
      1    197      4      2      6      2      4      4      0   1309
      1    197      4      2      7      5      7      5      1   2059
      1    197      4      2      8      8      2      8      1   1127
      1    197      4      2      9      8     13      8      1   1364
      1    197      4      2     10      5      8      5      1   1211
      1    197      4      2     11      1     14      1      1   4544
      1    197      4      2     12      6      3      6      1   1664
      1    197      4      2     13      3     15      3      1   3381
      1    197      4      2     14      3      7      3      1   1214
      1    197      4      2     15      4     15      4      1   5997
      1    197      4      2     16      2     13      4      0   2864
      1    197      5      1      1      6     15      6      1   1108
      1    197      5      1      2      8      3      8      1   1044
      1    197      5      1      3      2      6      1      0   3975
      1    197      5      1      4      3      8      3      1   1004
      1    197      5      1      5      5     10      5      1   1551
      1    197      5      1      6      7      4      7      1   3046
      1    197      5      1      7      1      1      3      0   1440
      1    197      5      1      8      6     13      6      1   2208
      1    197      5      1      9      8      5      8      1    914
      1    197      5      1     10      4      3      3      0   1305
      1    197      5      1     11      2     10      2      1   4241
      1    197      5      1     12      4     10      4      1   2779
      1    197      5      1     13      5     11      5      1   1230
      1    197      5      1     14      7     12      7      1   2743
      1    197      5      1     15      1     16      1      1   1915
      1    197      5      1     16      3      9      3      1   1660
      1    197      5      2      1      5     16      5      1   1329
      1    197      5      2      2      7      8      7      1   1626
      1    197      5      2      3      6     10      6      1   2208
      1    197      5      2      4      3     14      3      1   1280
      1    197      5      2      5      2      5      2      1   1474
      1    197      5      2      6      4     12      4      1   1426
      1    197      5      2      7      1      2      1      1   2145
      1    197      5      2      8      4     11      4      1   1729
      1    197      5      2      9      5     12      5      1   1096
      1    197      5      2     10      8      8      8      1   1026
      1    197      5      2     11      6      5      3      0   1343
      1    197      5      2     12      1     10      1      1   3827
      1    197      5      2     13      8     14      8      1   1227
      1    197      5      2     14      3     10      3      1   1808
      1    197      5      2     15      2      8      2      1   3325
      1    197      5      2     16      7     10      7      1   1527
      1    197      6      1      1      5      4      5      1   1184
      1    197      6      1      2      3      6      3      1   1429
      1    197      6      1      3      2      9      2      1   1119
      1    197      6      1      4      6      8      6      1   1487
      1    197      6      1      5      7      6      7      1   1835
      1    197      6      1      6      4      1      1      0   1864
      1    197      6      1      7      8     16      8      1    905
      1    197      6      1      8      1     11      1      1   2254
      1    197      6      1      9      4     16      4      1   1676
      1    197      6      1     10      1      4      1      1   1554
      1    197      6      1     11      6     12      6      1   1142
      1    197      6      1     12      2      1      2      1   1529
      1    197      6      1     13      5      6      5      1   1112
      1    197      6      1     14      8     15      8      1   1032
      1    197      6      1     15      3     13      3      1   1255
      1    197      6      1     16      7     16      7      1   1770
      1    197      6      2      1      4     13      6      0   9147
      1    197      6      2      2      3     11      3      1   1109
      1    197      6      2      3      6     16      6      1   1325
      1    197      6      2      4      1      5      1      1   1209
      1    197      6      2      5      4      8      4      1   1391
      1    197      6      2      6      2     16      8      0   8409
      1    197      6      2      7      3     16      3      1   1125
      1    197      6      2      8      1      3      1      1   1042
      1    197      6      2      9      7      5      7      1   1829
      1    197      6      2     10      8      9      8      1   1109
      1    197      6      2     11      5      9      5      1   1210
      1    197      6      2     12      8      4      8      1   1292
      1    197      6      2     13      6      9      6      1   1896
      1    197      6      2     14      2     14      8      0   1909
      1    197      6      2     15      7      7      7      1   1609
      1    197      6      2     16      5      5      5      1   1576
      1    197      7      1      1      2      2      2      1   1022
      1    197      7      1      2      3      6      3      1   1122
      1    197      7      1      3      6      6      6      1   1358
      1    197      7      1      4      4      1      1      0   1475
      1    197      7      1      5      3      9      3      1    964
      1    197      7      1      6      5      6      5      1    926
      1    197      7      1      7      6     13      6      1   1620
      1    197      7      1      8      4     10      4      1   1409
      1    197      7      1      9      7      6      7      1   1063
      1    197      7      1     10      8      3      8      1    969
      1    197      7      1     11      7      2      7      1   1209
      1    197      7      1     12      8     16      8      1   1141
      1    197      7      1     13      2      3      1      0   1341
      1    197      7      1     14      1      1      3      0   1892
      1    197      7      1     15      5     11      5      1   1809
      1    197      7      1     16      1      7      1      1   2839
      1    197      7      2      1      7     13      7      1   1080
      1    197      7      2      2      1     10      1      1   4192
      1    197      7      2      3      4     11      2      0   1359
      1    197      7      2      4      1      2      1      1   5229
      1    197      7      2      5      2      5      2      1   2193
      1    197      7      2      6      3     14      3      1   1208
      1    197      7      2      7      8      8      8      1   1430
      1    197      7      2      8      7      8      7      1   1441
      1    197      7      2      9      3     10      3      1   1063
      1    197      7      2     10      2      8      2      1   3175
      1    197      7      2     11      4      9      4      1   1093
      1    197      7      2     12      6     16      6      1   1393
      1    197      7      2     13      6      7      6      1   1508
      1    197      7      2     14      5     12      5      1    896
      1    197      7      2     15      8     13      8      1   1059
      1    197      7      2     16      5      5      5      1   1676
      1    197      8      1      1      1     16      1      1   1359
      1    197      8      1      2      5     14      5      1   1142
      1    197      8      1      3      7     16      7      1   1255
      1    197      8      1      4      5     10      5      1   1079
      1    197      8      1      5      7     12      7      1   1402
      1    197      8      1      6      8     10      8      1   1039
      1    197      8      1      7      1      4      1      1   1226
      1    197      8      1      8      4      5      4      1   1130
      1    197      8      1      9      6     15      6      1   1090
      1    197      8      1     10      3      8      3      1    908
      1    197      8      1     11      3      2      3      1    987
      1    197      8      1     12      2      1      2      1    897
      1    197      8      1     13      4      3      3      0   7857
      1    197      8      1     14      8     15      8      1   1015
      1    197      8      1     15      6      8      6      1   1074
      1    197      8      1     16      2      9      2      1    856
      1    197      8      2      1      4     13      1      0   8646
      1    197      8      2      2      3      7      3      1   1042
      1    197      8      2      3      8      2      8      1   1191
      1    197      8      2      4      7     10      7      1   1357
      1    197      8      2      5      1     14      1      1   2358
      1    197      8      2      6      6      9      6      1   1592
      1    197      8      2      7      3     16      3      1   1260
      1    197      8      2      8      2     16      8      0   1792
      1    197      8      2      9      6     10      6      1   1875
      1    197      8      2     10      5      9      5      1   1409
      1    197      8      2     11      4     15      4      1   5975
      1    197      8      2     12      8      4      8      1   1209
      1    197      8      2     13      5      8      5      1   1629
      1    197      8      2     14      1      5      1      1   1274
      1    197      8      2     15      2     14      8      0   1458
      1    197      8      2     16      7      5      7      1   1342
      1    197      9      1      1      7      4      7      1   1304
      1    197      9      1      2      8      5      8      1    933
      1    197      9      1      3      3     13      3      1   1536
      1    197      9      1      4      3     12      3      1   1123
      1    197      9      1      5      8      6      8      1   1329
      1    197      9      1      6      5      2      5      1    981
      1    197      9      1      7      1      6      1      1   1236
      1    197      9      1      8      6     12      6      1   1627
      1    197      9      1      9      2      6      2      1    967
      1    197      9      1     10      6     11      6      1   1385
      1    197      9      1     11      5      4      5      1   1107
      1    197      9      1     12      7     14      7      1   2503
      1    197      9      1     13      4     14      4      1   1469
      1    197      9      1     14      4     16      4      1   1017
      1    197      9      1     15      2     10      2      1    857
      1    197      9      1     16      1     11      1      1   1100
      1    197      9      2      1      1      9      1      1   1277
      1    197      9      2      2      7      7      7      1   1359
      1    197      9      2      3      3     15      3      1   1809
      1    197      9      2      4      5      7      5      1   1226
      1    197      9      2      5      1      3      1      1   1342
      1    197      9      2      6      6      3      6      1   1246
      1    197      9      2      7      2     13      2      1   2141
      1    197      9      2      8      2      4      2      1   1359
      1    197      9      2      9      6      5      3      0   2029
      1    197      9      2     10      4     12      4      1   1708
      1    197      9      2     11      4      8      4      1   1295
      1    197      9      2     12      8      9      8      1   1308
      1    197      9      2     13      7     15      7      1   1276
      1    197      9      2     14      3     11      3      1   1908
      1    197      9      2     15      8     14      8      1   1309
      1    197      9      2     16      5     16      5      1    891
