      2    185      1      1      1      8     13      8      1   4149   2326
      2    185      1      1      2      2      8      5      0   2170   2432
      2    185      1      1      3      5      4      5      1   1780   2043
      2    185      1      1      4      1     11      3      0   1816   1222
      2    185      1      1      5      5      5      2      0   2333   1233
      2    185      1      1      6      7     16      3      0   1772   2264
      2    185      1      1      7      8      6      8      1   1491    807
      2    185      1      1      8      5     12      5      1   1253   1420
      2    185      1      1      9      3     13      3      1   1582   1684
      2    185      1      1     10      1     10      2      0   4911   1281
      2    185      1      1     11      3      2      4      0   1322   1334
      2    185      1      1     12      6      5      7      0   3907   2514
      2    185      1      1     13      5     11      5      1    850   1404
      2    185      1      1     14      2      8      2      1   4798   2470
      2    185      1      1     15      6     10      6      1   4156   1140
      2    185      1      1     16      5      4      5      1    866   1624
      2    185      1      2      1      8      8      8      1   1787
      2    185      1      2      2      7      7      1      0   8879
      2    185      1      2      3      1     16      3      0   2858
      2    185      1      2      4      4     10      4      1   3492
      2    185      1      2      5      1      5      4      0   2256
      2    185      1      2      6      3     14      6      0   2572
      2    185      1      2      7      6      8      3      0   4608
      2    185      1      2      8      8      3      8      1   1829
      2    185      1      2      9      2     13      2      1   2475
      2    185      1      2     10      3      6      7      0   9042
      2    185      1      2     11      6      6      4      0   6447
      2    185      1      2     12      7      5      6      0   2474
      2    185      1      2     13      5     16      5      1   1875
      2    185      1      2     14      2      2      2      1   2492
      2    185      1      2     15      5      9      5      1   2825
      2    185      1      2     16      4      3      3      0   4992
      2    185      2      1      1      7      6      4      0   1269   3886
      2    185      2      1      2      7     12      7      1   1497   1619
      2    185      2      1      3      5      6      5      1   1182   2243
      2    185      2      1      4      3      8      4      0   2221   1240
      2    185      2      1      5      3     11      3      1   1313   1394
      2    185      2      1      6      7     10      3      0   1137   3385
      2    185      2      1      7      3      2      3      1   1121   2434
      2    185      2      1      8      7     13      6      0   2074   1482
      2    185      2      1      9      7     16      7      1   1904   2728
      2    185      2      1     10      4      1      7      0   1728   1834
      2    185      2      1     11      6     16      6      1   2500   1994
      2    185      2      1     12      1      4      2      0   1832   3274
      2    185      2      1     13      2      9      2      1   2110   1004
      2    185      2      1     14      2     16      1      0   1821   1878
      2    185      2      1     15      1     11      1      1   6534   2799
      2    185      2      1     16      7      4      7      1   2409   5133
      2    185      2      2      1      8     10      8      1   2394
      2    185      2      2      2      2      4      2      1   2692
      2    185      2      2      3      6     13      1      0   5509
      2    185      2      2      4      7     15      4      0   3308
      2    185      2      2      5      7      8      3      0   7094
      2    185      2      2      6      6      7      1      0  10309
      2    185      2      2      7      3      9      6      0   2541
      2    185      2      2      8      5      8      5      1   1592
      2    185      2      2      9      4     11      2      0   3258
      2    185      2      2     10      1      2      7      0   9574
      2    185      2      2     11      3     10      3      1   5643
      2    185      2      2     12      1      3      2      0   7277
      2    185      2      2     13      2      1      2      1   3491
      2    185      2      2     14      5      2      5      1   1762
      2    185      2      2     15      8      2      8      1   1625
      2    185      2      2     16      4     15      4      1   7075
      2    185      3      1      1      3      2      3      1   1721   8508
      2    185      3      1      2      3      8      3      1   1065   1374
      2    185      3      1      3      3      7      3      1    957   1250
      2    185      3      1      4      3     12      3      1   1164   2831
      2    185      3      1      5      2      6      2      1    964   3212
      2    185      3      1      6      6     16      6      1   1913   2720
      2    185      3      1      7      6     10      7      0   2208   5708
      2    185      3      1      8      6      5      6      1   1453   6203
      2    185      3      1      9      6      3      6      1   1316   3603
      2    185      3      1     10      6      9      6      1   1371   6122
      2    185      3      1     11      6     12      6      1   1615   8191
      2    185      3      1     12      4      1      7      0   1311   3297
      2    185      3      1     13      3     11      3      1   1495  10342
      2    185      3      1     14      3      7      7      0   1251   1978
      2    185      3      1     15      7      4      7      1   1168   2520
      2    185      3      1     16      1      4      7      0   1158   3214
      2    185      3      2      1      2      5      2      1   4110
      2    185      3      2      2      4     14      4      1   6526
      2    185      3      2      3      7      2      3      0   4125
      2    185      3      2      4      5     10      5      1   1742
      2    185      3      2      5      8     14      8      1   1741
      2    185      3      2      6      7     14      1      0   6842
      2    185      3      2      7      4     12      2      0   3926
      2    185      3      2      8      6     15      6      1   3041
      2    185      3      2      9      1      9      1      1   5225
      2    185      3      2     10      1      7      1      1   3809
      2    185      3      2     11      8      9      8      1   1275
      2    185      3      2     12      5      7      5      1   4826
      2    185      3      2     13      6     11      6      1   2593
      2    185      3      2     14      3     15      3      1   3409
      2    185      3      2     15      3     16      3      1   5825
      2    185      3      2     16      2     10      2      1   1592
      2    185      4      1      1      5      6      5      1   1695   4618
      2    185      4      1      2      1     14      1      1   5016   1275
      2    185      4      1      3      4      5      4      1   1825   2070
      2    185      4      1      4      3     12      3      1   1304   4102
      2    185      4      1      5      6      3      6      1   1735   1651
      2    185      4      1      6      1      1      4      0   1859   4789
      2    185      4      1      7      4     13      4      1   2418   2583
      2    185      4      1      8      4      1      4      1   1683   3111
      2    185      4      1      9      2      3      4      0   3431   1522
      2    185      4      1     10      7     13      3      0   2288   3354
      2    185      4      1     11      7     16      4      0   3384  11485
      2    185      4      1     12      4      1      7      0   1991   9768
      2    185      4      1     13      7     10      3      0   1996   2211
      2    185      4      1     14      4      5      4      1   4013   3406
      2    185      4      1     15      5      5      5      1   2128   5082
      2    185      4      1     16      6     12      6      1   3661   1772
      2    185      4      2      1      1      2      1      1   5077
      2    185      4      2      2      4     11      2      0   3475
      2    185      4      2      3      8      9      8      1   1709
      2    185      4      2      4      4     12      2      0   1659
      2    185      4      2      5      5      8      5      1   1392
      2    185      4      2      6      7      7      7      1   6395
      2    185      4      2      7      6      8      6      1   2725
      2    185      4      2      8      6     13      4      0   6443
      2    185      4      2      9      8      3      8      1   1159
      2    185      4      2     10      3      9      3      1   1576
      2    185      4      2     11      3     15      3      1   1509
      2    185      4      2     12      2     13      2      1   1308
      2    185      4      2     13      5      2      5      1   1475
      2    185      4      2     14      1      7      1      1   1475
      2    185      4      2     15      2      4      2      1   3143
      2    185      4      2     16      7     14      4      0   5192
      2    185      5      1      1      6      5      6      1   1449  12968
      2    185      5      1      2      1     11      1      1   1170   3042
      2    185      5      1      3      7     16      7      1   4059   4574
      2    185      5      1      4      3      2      3      1   1266   2793
      2    185      5      1      5      7     10      7      1   1121   5706
      2    185      5      1      6      3     12      3      1   1469   2795
      2    185      5      1      7      5     14      5      1   2775  15325
      2    185      5      1      8      1      1      1      1   1223  13203
      2    185      5      1      9      2     14      8      0   3640   1464
      2    185      5      1     10      2      3      1      0   1969   2728
      2    185      5      1     11      4      1      7      0   1989   3467
      2    185      5      1     12      1      6      1      1   1768   1829
      2    185      5      1     13      8     16      8      1   1519   8908
      2    185      5      1     14      6      5      6      1   1369   3307
      2    185      5      1     15      1      1      1      1   1814   5245
      2    185      5      1     16      1     14      4      0   4220   2122
      2    185      5      2      1      3     14      1      0   8210
      2    185      5      2      2      6      6      4      0   4759
      2    185      5      2      3      8     14      8      1   1642
      2    185      5      2      4      1      3      1      1   7175
      2    185      5      2      5      5     10      5      1   1277
      2    185      5      2      6      3     10      3      1   4026
      2    185      5      2      7      4     10      2      0   3642
      2    185      5      2      8      7      5      7      1   4497
      2    185      5      2      9      4      3      4      1   6192
      2    185      5      2     10      5     16      5      1   1342
      2    185      5      2     11      7      2      7      1   2726
      2    185      5      2     12      2      2      2      1   1825
      2    185      5      2     13      6     15      6      1   1709
      2    185      5      2     14      8     10      8      1   1442
      2    185      5      2     15      2      1      2      1   1326
      2    185      5      2     16      1      9      1      1   1710
      2    185      6      1      1      1      1      4      0   1595  10459
      2    185      6      1      2      7     16      4      0    927  14347
      2    185      6      1      3      4      8      4      1   2676   7477
      2    185      6      1      4      4      8      4      1   9060   5093
      2    185      6      1      5      3      7      3      1   3012   2098
      2    185      6      1      6      7     13      7      1   1742   4149
      2    185      6      1      7      1      4      1      1   1024   5165
      2    185      6      1      8      4      1      4      1   1817   3439
      2    185      6      1      9      4      5      4      1   2206  10520
      2    185      6      1     10      2      8      2      1   1084   3138
      2    185      6      1     11      3     13      3      1   1137   2271
      2    185      6      1     12      7     12      7      1   1993   1364
      2    185      6      1     13      6     12      6      1   1101   1338
      2    185      6      1     14      8     16      8      1    861   1208
      2    185      6      1     15      8      5      8      1   1188   2368
      2    185      6      1     16      4      9      4      1   1848   1455
      2    185      6      2      1      3     16      3      1   2078
      2    185      6      2      2      4     15      4      1  12926
      2    185      6      2      3      5      9      5      1   1312
      2    185      6      2      4      6      7      6      1   4409
      2    185      6      2      5      3      6      3      1   3842
      2    185      6      2      6      8      8      8      1   1575
      2    185      6      2      7      1      5      1      1   1226
      2    185      6      2      8      7      8      7      1   1908
      2    185      6      2      9      1     16      1      1   2809
      2    185      6      2     10      5      7      5      1   1608
      2    185      6      2     11      8      2      8      1   1342
      2    185      6      2     12      7     15      7      1   1742
      2    185      6      2     13      4     14      4      1   2642
      2    185      6      2     14      2     10      2      1   1275
      2    185      6      2     15      2      5      2      1   1225
      2    185      6      2     16      6     11      6      1   2709
      2    185      7      1      1      4      5      4      1   1181   3243
      2    185      7      1      2      6      3      6      1   1366   1357
      2    185      7      1      3      7     12      7      1   3260   1854
      2    185      7      1      4      7     12      7      1   1330   1294
      2    185      7      1      5      4     13      4      1   1091   2596
      2    185      7      1      6      4     16      2      0   1759   1397
      2    185      7      1      7      2      9      2      1   1364   1914
      2    185      7      1      8      4      1      4      1   1849   5028
      2    185      7      1      9      1      4      1      1   1244   2197
      2    185      7      1     10      6     12      6      1   1500   2521
      2    185      7      1     11      1     11      1      1   1571   1220
      2    185      7      1     12      7     16      7      1   1861   4426
      2    185      7      1     13      3      7      3      1   1635   1338
      2    185      7      1     14      3     13      3      1   1093   2953
      2    185      7      1     15      7     12      7      1   1131   1570
      2    185      7      1     16      7      4      7      1   2113   1917
      2    185      7      2      1      2      4      2      1   1276
      2    185      7      2      2      8      2      8      1   1308
      2    185      7      2      3      8     10      8      1   1158
      2    185      7      2      4      2      5      2      1   1242
      2    185      7      2      5      1      5      1      1   1893
      2    185      7      2      6      7      7      7      1   1910
      2    185      7      2      7      6      8      6      1   1259
      2    185      7      2      8      3      6      3      1   5675
      2    185      7      2      9      5     10      5      1   1309
      2    185      7      2     10      7      5      7      1   2493
      2    185      7      2     11      4      3      4      1   6559
      2    185      7      2     12      4     10      4      1   1210
      2    185      7      2     13      5     16      5      1   1312
      2    185      7      2     14      1      3      1      1   1392
      2    185      7      2     15      6      6      6      1  15626
      2    185      7      2     16      3     14      3      1   1609
      2    185      8      1      1      7     12      7      1   2148   1176
      2    185      8      1      2      4      9      4      1   1264   1205
      2    185      8      1      3      7      6      7      1   1791   2103
      2    185      8      1      4      4      5      4      1    841   2433
      2    185      8      1      5      8     16      8      1    885    945
      2    185      8      1      6      7     13      7      1   1124   1366
      2    185      8      1      7      1     14      1      1   2813   1063
      2    185      8      1      8      2     16      2      1   1305   2594
      2    185      8      1      9      2      8      2      1    954   2139
      2    185      8      1     10      2     14      2      1   2935   1827
      2    185      8      1     11      2      3      1      0   2487   2138
      2    185      8      1     12      6      5      6      1   1342   2213
      2    185      8      1     13      5      5      5      1   1187   2254
      2    185      8      1     14      8     13      8      1    917   1896
      2    185      8      1     15      3     11      3      1   2294   8591
      2    185      8      1     16      4      1      4      1   3667   2042
      2    185      8      2      1      2     13      2      1   2045
      2    185      8      2      2      8      3      8      1   1776
      2    185      8      2      3      6     15      6      1   1442
      2    185      8      2      4      7     14      7      1  20741
      2    185      8      2      5      1     16      1      1   4743
      2    185      8      2      6      3     10      3      1   2776
      2    185      8      2      7      2      1      2      1   1161
      2    185      8      2      8      3     15      3      1   7275
      2    185      8      2      9      6      7      6      1   1693
      2    185      8      2     10      4     14      4      1   4942
      2    185      8      2     11      5      9      5      1   1409
      2    185      8      2     12      5      2      5      1   1360
      2    185      8      2     13      1      7      1      1   2026
      2    185      8      2     14      7      8      7      1   1709
      2    185      8      2     15      8     14      8      1   1176
      2    185      8      2     16      4     12      4      1   7125
      2    185      9      1      1      8      5      8      1    888    955
      2    185      9      1      2      7     12      7      1   1510    964
      2    185      9      1      3      6      9      6      1   1096    820
      2    185      9      1      4      5     14      5      1   1556    989
      2    185      9      1      5      4      5      4      1    962   1261
      2    185      9      1      6      3     12      3      1   2108   1235
      2    185      9      1      7      2     14      2      1   1367   1291
      2    185      9      1      8      2      3      2      1   4802   1191
      2    185      9      1      9      6     12      6      1    756   1187
      2    185      9      1     10      8     15      8      1   1102    733
      2    185      9      1     11      2      8      2      1   2364   1064
      2    185      9      1     12      7     13      7      1   1066   1029
      2    185      9      1     13      2      8      2      1   1510   1182
      2    185      9      1     14      7     16      4      0   1501   1209
      2    185      9      1     15      3     13      3      1    848   2225
      2    185      9      1     16      2     16      2      1   2732   3934
      2    185      9      2      1      6     13      6      1   3177
      2    185      9      2      2      2      2      2      1   1409
      2    185      9      2      3      5      7      5      1   1359
      2    185      9      2      4      3     16      3      1   1291
      2    185      9      2      5      5      8      5      1   1025
      2    185      9      2      6      4     11      4      1   4359
      2    185      9      2      7      8      8      8      1   1175
      2    185      9      2      8      4     15      4      1   4992
      2    185      9      2      9      2     10      2      1   1076
      2    185      9      2     10      8      9      8      1   1842
      2    185      9      2     11      7     15      7      1   1407
      2    185      9      2     12      1      2      1      1   5158
      2    185      9      2     13      6     11      6      1   1342
      2    185      9      2     14      3      9      3      1   1392
      2    185      9      2     15      1      9      1      1   7642
      2    185      9      2     16      7      2      7      1   1591
