      1      4      1      1      1      1     11      3      0   2462
      1      4      1      1      2      3      8      2      0   1934
      1      4      1      1      3      5     11      5      1   2337
      1      4      1      1      4      6     10      2      0   1593
      1      4      1      1      5      8      5      7      0   3294
      1      4      1      1      6      5      6      7      0   3380
      1      4      1      1      7      3      9      3      1   3043
      1      4      1      1      8      7     16      6      0   2198
      1      4      1      1      9      7     12      2      0   1326
      1      4      1      1     10      2      6      5      0   2292
      1      4      1      1     11      1      5      4      0   1641
      1      4      1      1     12      8      4      8      1   1685
      1      4      1      1     13      2      4      2      1   4314
      1      4      1      1     14      4      9      5      0   2168
      1      4      1      1     15      6      6      2      0   2920
      1      4      1      1     16      4      3      2      0   2706
      1      4      1      2      1      5      2      5      1   2022
      1      4      1      2      2      3      2      3      1   2591
      1      4      1      2      3      8      3      8      1   1625
      1      4      1      2      4      5     12      5      1   1310
      1      4      1      2      5      3     12      7      0   5807
      1      4      1      2      6      4      5      6      0   4160
      1      4      1      2      7      6     11      5      0   3509
      1      4      1      2      8      7     10      4      0   2609
      1      4      1      2      9      4      8      4      1   4910
      1      4      1      2     10      2      8      2      1   1659
      1      4      1      2     11      2      3      1      0   2561
      1      4      1      2     12      6     13      7      0   3578
      1      4      1      2     13      7     13      1      0   8510
      1      4      1      2     14      1      2      3      0   2443
      1      4      1      2     15      8      8      8      1   1862
      1      4      1      2     16      1      7      6      0   5877
      1      4      2      1      1      3      7      3      1   2924
      1      4      2      1      2      2     14      1      0   2048
      1      4      2      1      3      6     15      7      0   3015
      1      4      2      1      4      2      5      4      0   1855
      1      4      2      1      5      8     14      8      1   1376
      1      4      2      1      6      1      3      3      0   1165
      1      4      2      1      7      4     13      2      0   2305
      1      4      2      1      8      5     10      5      1   1944
      1      4      2      1      9      1     10      1      1   2340
      1      4      2      1     10      5      5      5      1   1872
      1      4      2      1     11      7      4      6      0   2400
      1      4      2      1     12      8     16      8      1   2409
      1      4      2      1     13      6     12      1      0   2843
      1      4      2      1     14      3      6      3      1   1993
      1      4      2      1     15      7      6      3      0   1547
      1      4      2      1     16      4     11      2      0   3622
      1      4      2      2      1      1      4      1      1   3947
      1      4      2      2      2      2     16      8      0   3010
      1      4      2      2      3      2      2      2      1   2743
      1      4      2      2      4      5     16      5      1   1761
      1      4      2      2      5      6      7      6      1   3509
      1      4      2      2      6      3     10      3      1   2581
      1      4      2      2      7      4     16      4      1   4577
      1      4      2      2      8      1      6      1      1   4943
      1      4      2      2      9      3     16      1      0   1027
      1      4      2      2     10      5      4      5      1   1294
      1      4      2      2     11      6      8      7      0   7060
      1      4      2      2     12      7     14      6      0   2143
      1      4      2      2     13      8      9      8      1   1777
      1      4      2      2     14      7      2      6      0   1627
      1      4      2      2     15      8     15      8      1   1761
      1      4      2      2     16      4     12      4      1   3443
      1      4      3      1      1      5     14      5      1   1383
      1      4      3      1      2      1      9      3      0   2142
      1      4      3      1      3      7      8      6      0   3033
      1      4      3      1      4      2      9      2      1   2364
      1      4      3      1      5      5      8      5      1   1230
      1      4      3      1      6      3     13      3      1   2256
      1      4      3      1      7      8     13      8      1   1527
      1      4      3      1      8      8     10      8      1   2660
      1      4      3      1      9      2      1      2      1   2369
      1      4      3      1     10      7      7      7      1   2371
      1      4      3      1     11      6      5      3      0   4810
      1      4      3      1     12      3     11      7      0   1626
      1      4      3      1     13      4     14      4      1   5757
      1      4      3      1     14      1     14      1      1   2368
      1      4      3      1     15      4      1      4      1   2686
      1      4      3      1     16      6      3      7      0   1554
      1      4      3      2      1      2     10      4      0   2230
      1      4      3      2      2      8      2      8      1   1626
      1      4      3      2      3      3     14      3      1   3577
      1      4      3      2      4      8      6      8      1   1210
      1      4      3      2      5      4     15      1      0   1677
      1      4      3      2      6      7     15      7      1   1178
      1      4      3      2      7      1      1      1      1   6143
      1      4      3      2      8      3     15      3      1   2311
      1      4      3      2      9      2     13      4      0   2027
      1      4      3      2     10      6      9      6      1   2977
      1      4      3      2     11      5      9      5      1   1194
      1      4      3      2     12      5      7      5      1   1394
      1      4      3      2     13      1     16      3      0   2028
      1      4      3      2     14      4     10      4      1   2227
      1      4      3      2     15      6     16      6      1   1528
      1      4      3      2     16      7      5      7      1   1426
      1      4      4      1      1      8     16      8      1   1106
      1      4      4      1      2      8      4      8      1   1311
      1      4      4      1      3      6      3      6      1   1537
      1      4      4      1      4      3      7      3      1   1542
      1      4      4      1      5      7     16      7      1   1301
      1      4      4      1      6      2      6      2      1   1773
      1      4      4      1      7      5      8      5      1   1640
      1      4      4      1      8      7      4      1      0   3738
      1      4      4      1      9      3     13      7      0   2098
      1      4      4      1     10      5     10      5      1   1085
      1      4      4      1     11      4      1      4      1   3537
      1      4      4      1     12      4     11      2      0   2302
      1      4      4      1     13      2     14      8      0   2503
      1      4      4      1     14      6     15      6      1   1491
      1      4      4      1     15      1      9      1      1   3339
      1      4      4      1     16      1      3      1      1   1605
      1      4      4      2      1      5      7      5      1   1530
      1      4      4      2      2      5      2      5      1   1361
      1      4      4      2      3      7      2      7      1   1344
      1      4      4      2      4      1      1      1      1   1614
      1      4      4      2      5      6     16      6      1   1343
      1      4      4      2      6      1      7      6      0   5362
      1      4      4      2      7      2      3      7      0   5444
      1      4      4      2      8      8      6      8      1   1128
      1      4      4      2      9      4     12      4      1   1609
      1      4      4      2     10      4      5      7      0   1327
      1      4      4      2     11      2      2      2      1   1211
      1      4      4      2     12      8      2      8      1   1043
      1      4      4      2     13      6      9      6      1   1194
      1      4      4      2     14      3     12      3      1    895
      1      4      4      2     15      3     15      3      1   1030
      1      4      4      2     16      7     14      7      1   1144
      1      4      5      1      1      1     11      6      0   2796
      1      4      5      1      2      8      5      8      1   1594
      1      4      5      1      3      2      1      4      0   1539
      1      4      5      1      4      7     12      7      1   4588
      1      4      5      1      5      5      5      5      1   1219
      1      4      5      1      6      1      5      1      1   5992
      1      4      5      1      7      8     10      8      1   1142
      1      4      5      1      8      7      7      7      1   1508
      1      4      5      1      9      6      6      3      0   3180
      1      4      5      1     10      3      6      3      1   1135
      1      4      5      1     11      5     14      5      1   1613
      1      4      5      1     12      4      9      4      1   3393
      1      4      5      1     13      2      4      2      1    999
      1      4      5      1     14      6      5      6      1   1659
      1      4      5      1     15      4     14      4      1   1487
      1      4      5      1     16      3      9      3      1   1522
      1      4      5      2      1      6     13      6      1   7312
      1      4      5      2      2      5      9      5      1   1428
      1      4      5      2      3      1      4      1      1   2311
      1      4      5      2      4      6     11      5      0   2226
      1      4      5      2      5      7     15      7      1   1244
      1      4      5      2      6      2     16      4      0   4926
      1      4      5      2      7      3     16      3      1   1393
      1      4      5      2      8      2     13      4      0   5727
      1      4      5      2      9      7      5      7      1   2111
      1      4      5      2     10      8      8      8      1   1281
      1      4      5      2     11      4      8      4      1   3927
      1      4      5      2     12      4     15      3      0   1494
      1      4      5      2     13      8      3      8      1   1377
      1      4      5      2     14      5     12      5      1   1377
      1      4      5      2     15      3     10      3      1   1760
      1      4      5      2     16      1     16      1      1   1394
      1      4      6      1      1      8     13      8      1   1944
      1      4      6      1      2      5      6      5      1   1508
      1      4      6      1      3      1     10      1      1   1974
      1      4      6      1      4      5     11      5      1   1292
      1      4      6      1      5      2      5      2      1   1789
      1      4      6      1      6      3      8      3      1   1247
      1      4      6      1      7      4      3      4      1   1860
      1      4      6      1      8      7      6      7      1   1761
      1      4      6      1      9      3     11      3      1   1110
      1      4      6      1     10      4     13      4      1   5271
      1      4      6      1     11      8     14      8      1   1263
      1      4      6      1     12      6     10      7      0   1084
      1      4      6      1     13      6     12      6      1   2499
      1      4      6      1     14      2      9      2      1   1559
      1      4      6      1     15      7      8      7      1   1676
      1      4      6      1     16      1     14      1      1   3313
      1      4      6      2      1      8     15      8      1   1397
      1      4      6      2      2      5     16      5      1   1243
      1      4      6      2      3      5      4      5      1   1711
      1      4      6      2      4      7     13      7      1   1894
      1      4      6      2      5      3      2      3      1   1311
      1      4      6      2      6      4     16      4      1   1811
      1      4      6      2      7      6      8      6      1   1293
      1      4      6      2      8      2      8      2      1   1309
      1      4      6      2      9      1      6      1      1   1444
      1      4      6      2     10      7     10      7      1   1360
      1      4      6      2     11      6      7      6      1   1744
      1      4      6      2     12      3     14      3      1   1810
      1      4      6      2     13      4     10      4      1   2727
      1      4      6      2     14      8      9      8      1   1494
      1      4      6      2     15      1      2      6      0   6211
      1      4      6      2     16      2     10      4      0   1978
      1      4      7      1      1      5      6      5      1   1177
      1      4      7      1      2      3      8      3      1   1010
      1      4      7      1      3      7     16      7      1   1135
      1      4      7      1      4      2     14      4      0   1235
      1      4      7      1      5      6     10      7      0   1026
      1      4      7      1      6      7      8      7      1   3113
      1      4      7      1      7      4      9      4      1   2872
      1      4      7      1      8      8      4      8      1   1210
      1      4      7      1      9      8     14      8      1   1502
      1      4      7      1     10      1      5      1      1   1524
      1      4      7      1     11      2      5      2      1   1216
      1      4      7      1     12      1     10      1      1   1800
      1      4      7      1     13      3     11      3      1    977
      1      4      7      1     14      6     15      6      1   1395
      1      4      7      1     15      4     14      4      1   2095
      1      4      7      1     16      5      8      5      1   1304
      1      4      7      2      1      5      4      5      1   1247
      1      4      7      2      2      3     10      3      1   4097
      1      4      7      2      3      4      5      4      1   2877
      1      4      7      2      4      6     16      6      1   2044
      1      4      7      2      5      1     16      1      1   2077
      1      4      7      2      6      2      2      2      1   1176
      1      4      7      2      7      8      9      8      1   1195
      1      4      7      2      8      1      4      1      1   1661
      1      4      7      2      9      2     13      2      1   5327
      1      4      7      2     10      3      2      3      1   1177
      1      4      7      2     11      5      2      5      1   1795
      1      4      7      2     12      8     15      8      1   1227
      1      4      7      2     13      4      8      4      1   1962
      1      4      7      2     14      7     15      7      1   1161
      1      4      7      2     15      6      8      6      1    960
      1      4      7      2     16      7     13      7      1   1377
      1      4      8      1      1      7      6      7      1   1730
      1      4      8      1      2      4      3      4      1   4021
      1      4      8      1      3      2      6      2      1    879
      1      4      8      1      4      1      3      1      1   1722
      1      4      8      1      5      3      6      3      1    902
      1      4      8      1      6      4     13      4      1   1953
      1      4      8      1      7      6      5      6      1   1627
      1      4      8      1      8      8     13      8      1   1108
      1      4      8      1      9      8     16      8      1   1252
      1      4      8      1     10      2      1      2      1   1007
      1      4      8      1     11      3      7      3      1   1337
      1      4      8      1     12      5     11      5      1   1094
      1      4      8      1     13      6      3      6      1   1446
      1      4      8      1     14      7      4      7      1   2217
      1      4      8      1     15      5     14      5      1   1068
      1      4      8      1     16      1      9      1      1   2697
      1      4      8      2      1      5     16      5      1   1179
      1      4      8      2      2      6      7      6      1   1594
      1      4      8      2      3      7      2      7      1    927
      1      4      8      2      4      5      7      5      1   1495
      1      4      8      2      5      8      3      8      1   1160
      1      4      8      2      6      8      6      8      1   1110
      1      4      8      2      7      4     16      4      1   1760
      1      4      8      2      8      3     15      3      1   1044
      1      4      8      2      9      1      1      1      1   1311
      1      4      8      2     10      2      8      2      1   1093
      1      4      8      2     11      2     10      4      0   3360
      1      4      8      2     12      3     12      3      1   1127
      1      4      8      2     13      7     10      7      1   1162
      1      4      8      2     14      6      9      6      1   1261
      1      4      8      2     15      1      2      1      1   1777
      1      4      8      2     16      4     12      4      1   1526
      1      4      9      1      1      4      1      4      1   1425
      1      4      9      1      2      7     12      7      1   1177
      1      4      9      1      3      2      4      2      1    975
      1      4      9      1      4      1     14      1      1   2520
      1      4      9      1      5      8      5      8      1   1209
      1      4      9      1      6      4     11      4      1   1996
      1      4      9      1      7      8     10      8      1   1729
      1      4      9      1      8      7      7      7      1   1140
      1      4      9      1      9      5     10      5      1   1297
      1      4      9      1     10      1     11      1      1   2624
      1      4      9      1     11      3      9      3      1   1414
      1      4      9      1     12      6     12      6      1   1508
      1      4      9      1     13      6      6      6      1   4874
      1      4      9      1     14      3     13      3      1   1707
      1      4      9      1     15      2      9      2      1   1793
      1      4      9      1     16      5      5      5      1   1876
      1      4      9      2      1      3     14      3      1    994
      1      4      9      2      2      2      3      4      0   1711
      1      4      9      2      3      6     13      6      1   2478
      1      4      9      2      4      4     15      1      0   9760
      1      4      9      2      5      8      8      8      1   1111
      1      4      9      2      6      4     10      4      1   1648
      1      4      9      2      7      7      5      7      1   1944
      1      4      9      2      8      1      6      1      1   1193
      1      4      9      2      9      8      2      8      1   1077
      1      4      9      2     10      7     14      7      1   1176
      1      4      9      2     11      5     12      5      1   1094
      1      4      9      2     12      5      9      5      1    961
      1      4      9      2     13      6     11      6      1   1627
      1      4      9      2     14      2     16      4      0   1944
      1      4      9      2     15      3     16      3      1   2911
      1      4      9      2     16      1      7      1      1   1244
