      1    152      1      1      1      6     11      1      0   2686
      1    152      1      1      2      3     15      2      0   1790
      1    152      1      1      3      1      3      4      0   1622
      1    152      1      1      4      6     12      7      0   3460
      1    152      1      1      5      5      4      2      0   2503
      1    152      1      1      6      2      6      7      0   4206
      1    152      1      1      7      5      9      5      1   2146
      1    152      1      1      8      4      1      3      0   3439
      1    152      1      1      9      1      1      8      0   4545
      1    152      1      1     10      3      2      7      0   5909
      1    152      1      1     11      7     12      6      0   5627
      1    152      1      1     12      4     10      1      0  14141
      1    152      1      1     13      8     14      3      0   9574
      1    152      1      1     14      8     10      8      1   1226
      1    152      1      1     15      7      8      3      0   4071
      1    152      1      1     16      2      1      1      0   1495
      1    152      1      2      1      3     11      3      1   2481
      1    152      1      2      2      8      9      8      1   2076
      1    152      1      2      3      7      6      6      0   5692
      1    152      1      2      4      3     10      7      0  11476
      1    152      1      2      5      5     10      5      1   2008
      1    152      1      2      6      6     10      6      1   6176
      1    152      1      2      7      2     16      4      0   8592
      1    152      1      2      8      6     16      6      1   2343
      1    152      1      2      9      4     14      1      0   3092
      1    152      1      2     10      2     13      2      1   3210
      1    152      1      2     11      1     16      7      0  13543
      1    152      1      2     12      1      6      1      1   2479
      1    152      1      2     13      4     13      4      1   6110
      1    152      1      2     14      7     15      6      0   6827
      1    152      1      2     15      8     16      8      1   1012
      1    152      1      2     16      5      6      5      1   1341
      1    152      2      1      1      2     14      8      0   1954
      1    152      2      1      2      8     15      8      1    978
      1    152      2      1      3      1      4      2      0   4642
      1    152      2      1      4      7     13      1      0   3677
      1    152      2      1      5      3     12      1      0   6318
      1    152      2      1      6      1      9      2      0   1601
      1    152      2      1      7      5      7      5      1   1122
      1    152      2      1      8      8      5      8      1   1142
      1    152      2      1      9      2      2      2      1   8006
      1    152      2      1     10      3      9      6      0   1860
      1    152      2      1     11      6     13      7      0   3224
      1    152      2      1     12      4     11      1      0   2722
      1    152      2      1     13      6      6      3      0   6355
      1    152      2      1     14      7     10      1      0   2736
      1    152      2      1     15      5     14      5      1   1227
      1    152      2      1     16      4      9      1      0   2620
      1    152      2      2      1      5      8      5      1   1747
      1    152      2      2      2      7      4      7      1   5893
      1    152      2      2      3      8      3      8      1   1310
      1    152      2      2      4      2      9      2      1   5508
      1    152      2      2      5      8     13      8      1   1008
      1    152      2      2      6      4     15      4      1   2608
      1    152      2      2      7      1      2      1      1   7126
      1    152      2      2      8      6      9      6      1   6077
      1    152      2      2      9      4      8      4      1   2910
      1    152      2      2     10      1     14      3      0   2362
      1    152      2      2     11      3      7      7      0   1142
      1    152      2      2     12      6      3      6      1   1675
      1    152      2      2     13      2      5      2      1   1791
      1    152      2      2     14      7     14      4      0   2960
      1    152      2      2     15      3     14      4      0    963
      1    152      2      2     16      5      2      5      1   1008
      1    152      3      1      1      8      2      8      1   1603
      1    152      3      1      2      7     16      4      0   5566
      1    152      3      1      3      1     11      1      1   2988
      1    152      3      1      4      3      8      4      0   2367
      1    152      3      1      5      6      5      6      1   2792
      1    152      3      1      6      2      4      2      1   1295
      1    152      3      1      7      2     10      2      1   1120
      1    152      3      1      8      4      3      3      0   2185
      1    152      3      1      9      1      7      7      0   1390
      1    152      3      1     10      7      2      4      0   4317
      1    152      3      1     11      8      8      8      1   1095
      1    152      3      1     12      6     15      7      0   3598
      1    152      3      1     13      5      5      5      1   1333
      1    152      3      1     14      4      5      3      0   3329
      1    152      3      1     15      5     12      5      1    957
      1    152      3      1     16      3     16      1      0   2311
      1    152      3      2      1      8      4      8      1    963
      1    152      3      2      2      6      7      6      1   6475
      1    152      3      2      3      4     12      1      0   6693
      1    152      3      2      4      6      8      7      0   6829
      1    152      3      2      5      2      8      2      1   1026
      1    152      3      2      6      7      7      3      0   2293
      1    152      3      2      7      1     10      4      0   9463
      1    152      3      2      8      3      6      6      0   3142
      1    152      3      2      9      2      3      1      0   1727
      1    152      3      2     10      1      5      7      0   1993
      1    152      3      2     11      3     13      3      1   2727
      1    152      3      2     12      5     11      5      1   1577
      1    152      3      2     13      4     16      2      0   3375
      1    152      3      2     14      5     16      5      1   1008
      1    152      3      2     15      7      5      1      0   1595
      1    152      3      2     16      8      6      8      1    992
      1    152      4      1      1      4      1      7      0  58461
      1    152      4      1      2      8     15      8      1   1018
      1    152      4      1      3      4      5      7      0   5221
      1    152      4      1      4      7     13      7      1   1295
      1    152      4      1      5      2      4      2      1    851
      1    152      4      1      6      5     14      5      1   1039
      1    152      4      1      7      8      8      8      1   1192
      1    152      4      1      8      1      7      6      0   8681
      1    152      4      1      9      3     16      6      0   6379
      1    152      4      1     10      3     12      3      1   1938
      1    152      4      1     11      6     11      6      1   5747
      1    152      4      1     12      6     15      4      0   5007
      1    152      4      1     13      1      4      1      1   2546
      1    152      4      1     14      2     10      2      1   1363
      1    152      4      1     15      7     10      3      0   1006
      1    152      4      1     16      5      4      5      1   1517
      1    152      4      2      1      5     11      5      1   1094
      1    152      4      2      2      3     11      3      1   2576
      1    152      4      2      3      4     12      7      0   6243
      1    152      4      2      4      8      3      8      1   1009
      1    152      4      2      5      2     16      2      1   1326
      1    152      4      2      6      5     10      5      1   1862
      1    152      4      2      7      7     14      7      1   9993
      1    152      4      2      8      7      5      4      0   5943
      1    152      4      2      9      3     10      3      1   3879
      1    152      4      2     10      6     16      6      1   1278
      1    152      4      2     11      1      6      1      1   1581
      1    152      4      2     12      2      5      2      1   1159
      1    152      4      2     13      4     15      4      1   3809
      1    152      4      2     14      8      9      8      1    976
      1    152      4      2     15      6      3      6      1   1376
      1    152      4      2     16      1     16      3      0   5491
      1    152      5      1      1      4      3      3      0   2275
      1    152      5      1      2      1      9      1      1   1723
      1    152      5      1      3      6      6      6      1   3433
      1    152      5      1      4      8      2      8      1    986
      1    152      5      1      5      4      9      7      0   6582
      1    152      5      1      6      2      6      2      1   1746
      1    152      5      1      7      5      5      5      1   1031
      1    152      5      1      8      5      7      5      1   2533
      1    152      5      1      9      6     13      6      1   2740
      1    152      5      1     10      1     11      1      1   1816
      1    152      5      1     11      2      2      2      1    951
      1    152      5      1     12      3     15      3      1   6617
      1    152      5      1     13      7      8      7      1   5699
      1    152      5      1     14      8     14      8      1   1079
      1    152      5      1     15      3      9      3      1   1580
      1    152      5      1     16      7     12      6      0   5274
      1    152      5      2      1      7     15      7      1   4913
      1    152      5      2      2      1      2      1      1   1726
      1    152      5      2      3      8      6      8      1    859
      1    152      5      2      4      6      7      6      1   3179
      1    152      5      2      5      2      9      2      1    975
      1    152      5      2      6      3     13      3      1   2393
      1    152      5      2      7      5     16      5      1    892
      1    152      5      2      8      1     14      6      0   2242
      1    152      5      2      9      7      4      4      0   7545
      1    152      5      2     10      4     13      7      0   4027
      1    152      5      2     11      4      8      4      1   2825
      1    152      5      2     12      6     10      6      1   1179
      1    152      5      2     13      8      4      8      1   1459
      1    152      5      2     14      2     13      2      1   1192
      1    152      5      2     15      3      7      6      0   3446
      1    152      5      2     16      5      8      5      1   1329
      1    152      6      1      1      6     12      6      1   1135
      1    152      6      1      2      6      5      6      1   1268
      1    152      6      1      3      3      2      3      1    747
      1    152      6      1      4      5      9      5      1    946
      1    152      6      1      5      8      5      8      1    855
      1    152      6      1      6      1      1      1      1   1910
      1    152      6      1      7      7     16      7      1  47968
      1    152      6      1      8      8     10      8      1    974
      1    152      6      1      9      1      3      1      1    959
      1    152      6      1     10      5     12      5      1   1074
      1    152      6      1     11      4     10      4      1   6303
      1    152      6      1     12      7      2      7      1   1128
      1    152      6      1     13      4     11      7      0   5185
      1    152      6      1     14      3      8      3      1    990
      1    152      6      1     15      2      1      2      1    993
      1    152      6      1     16      2     14      2      1   2021
      1    152      6      2      1      3      6      3      1   2096
      1    152      6      2      2      4     16      2      0    992
      1    152      6      2      3      6      9      6      1   1342
      1    152      6      2      4      4     14      1      0   6642
      1    152      6      2      5      8     13      8      1    826
      1    152      6      2      6      1     10      4      0   5709
      1    152      6      2      7      5      2      5      1   1025
      1    152      6      2      8      6      8      6      1    942
      1    152      6      2      9      2      3      1      0   1892
      1    152      6      2     10      8     16      8      1    908
      1    152      6      2     11      1      5      4      0   5558
      1    152      6      2     12      7      6      7      1   1143
      1    152      6      2     13      3     14      3      1   5509
      1    152      6      2     14      5      6      5      1   1395
      1    152      6      2     15      2      8      2      1   1474
      1    152      6      2     16      7      7      7      1   2009
      1    152      7      1      1      2     14      2      1    876
      1    152      7      1      2      5      9      5      1    958
      1    152      7      1      3      3     16      1      0   1473
      1    152      7      1      4      3      9      3      1   2242
      1    152      7      1      5      1      4      1      1   2647
      1    152      7      1      6      4      3      4      1   2537
      1    152      7      1      7      6      6      7      0    843
      1    152      7      1      8      8     14      8      1    869
      1    152      7      1      9      5     14      5      1    831
      1    152      7      1     10      6     11      6      1    810
      1    152      7      1     11      7      8      7      1   3468
      1    152      7      1     12      7     16      4      0   3473
      1    152      7      1     13      8      2      8      1   1157
      1    152      7      1     14      2     10      2      1   1107
      1    152      7      1     15      1      9      1      1   1648
      1    152      7      1     16      4     11      4      1   6764
      1    152      7      2      1      2     13      2      1   1497
      1    152      7      2      2      5     11      5      1   1042
      1    152      7      2      3      3      7      6      0   3658
      1    152      7      2      4      7     15      7      1   2976
      1    152      7      2      5      4     16      2      0   1025
      1    152      7      2      6      1      5      4      0   1977
      1    152      7      2      7      8     16      8      1   1209
      1    152      7      2      8      2      5      2      1   1027
      1    152      7      2      9      5      6      5      1   2359
      1    152      7      2     10      6      3      6      1   1394
      1    152      7      2     11      3     10      3      1   2558
      1    152      7      2     12      1     14      6      0   1792
      1    152      7      2     13      4      8      4      1    876
      1    152      7      2     14      7      5      7      1   1591
      1    152      7      2     15      8      6      8      1    912
      1    152      7      2     16      6     16      6      1   1462
      1    152      8      1      1      6      5      6      1    892
      1    152      8      1      2      4      5      4      1   3168
      1    152      8      1      3      2      2      1      0   2277
      1    152      8      1      4      4      1      4      1   5875
      1    152      8      1      5      5      5      5      1    740
      1    152      8      1      6      7     12      6      0   1707
      1    152      8      1      7      3      8      3      1    823
      1    152      8      1      8      3     12      3      1   2347
      1    152      8      1      9      2      1      2      1    846
      1    152      8      1     10      8      8      8      1    923
      1    152      8      1     11      6     13      6      1    970
      1    152      8      1     12      8     15      8      1   1044
      1    152      8      1     13      7     13      7      1    915
      1    152      8      1     14      5     12      5      1   1084
      1    152      8      1     15      1     11      1      1   2021
      1    152      8      1     16      1      3      1      1   1150
      1    152      8      2      1      3     13      3      1   1947
      1    152      8      2      2      7     14      7      1   3941
      1    152      8      2      3      8      3      8      1   1575
      1    152      8      2      4      3     14      3      1   3709
      1    152      8      2      5      1     10      4      0   3660
      1    152      8      2      6      4     12      4      1   2626
      1    152      8      2      7      2      9      2      1    743
      1    152      8      2      8      8      9      8      1   1042
      1    152      8      2      9      1      6      1      1   1791
      1    152      8      2     10      6      7      6      1   1226
      1    152      8      2     11      5     16      5      1   1476
      1    152      8      2     12      5      2      5      1   1390
      1    152      8      2     13      2      8      2      1   2928
      1    152      8      2     14      7      6      6      0   4610
      1    152      8      2     15      6     10      6      1   1493
      1    152      8      2     16      4     15      4      1   7642
      1    152      9      1      1      4     10      4      1   2298
      1    152      9      1      2      2      6      2      1    730
      1    152      9      1      3      5      4      5      1    700
      1    152      9      1      4      3      2      3      1    792
      1    152      9      1      5      6     15      6      1    985
      1    152      9      1      6      6     12      6      1   1355
      1    152      9      1      7      4      9      4      1   1950
      1    152      9      1      8      5      7      5      1   1002
      1    152      9      1      9      2      4      2      1    709
      1    152      9      1     10      7      2      7      1   1107
      1    152      9      1     11      7     10      4      0   8816
      1    152      9      1     12      3     15      3      1    993
      1    152      9      1     13      8     10      8      1    997
      1    152      9      1     14      1      1      1      1   1423
      1    152      9      1     15      8      5      8      1   1079
      1    152      9      1     16      1      7      1      1   1611
      1    152      9      2      1      1      2      1      1  18611
      1    152      9      2      2      3     11      3      1   1307
      1    152      9      2      3      7      4      7      1   4376
      1    152      9      2      4      8     13      8      1    942
      1    152      9      2      5      6      8      6      1   1242
      1    152      9      2      6      5     10      5      1    895
      1    152      9      2      7      2      3      1      0   1978
      1    152      9      2      8      6      9      6      1   1146
      1    152      9      2      9      3      6      3      1   4344
      1    152      9      2     10      1     16      4      0   1979
      1    152      9      2     11      4     13      4      1   4313
      1    152      9      2     12      2     16      2      1    859
      1    152      9      2     13      7      7      7      1   1995
      1    152      9      2     14      4     14      2      0   4441
      1    152      9      2     15      5      8      5      1   1041
      1    152      9      2     16      8      4      8      1   1258
