      2     51      1      1      1      5      7      2      0  10985   7960
      2     51      1      1      2      5      7      5      1   1450   6466
      2     51      1      1      3      5      4      2      0   4210   4144
      2     51      1      1      4      5      4      5      1   1040   1149
      2     51      1      1      5      5     12      5      1   1440   1504
      2     51      1      1      6      5     10      5      1   1189   1754
      2     51      1      1      7      5      9      5      1   1157   2006
      2     51      1      1      8      3      6      1      0   2529  17817
      2     51      1      1      9      3      6      3      1   2374   1197
      2     51      1      1     10      3      9      3      1   1279   1685
      2     51      1      1     11      3     16      3      1   1117   2127
      2     51      1      1     12      1      6      3      0   1159   5315
      2     51      1      1     13      1      6      1      1   1416   1534
      2     51      1      1     14      4      1      1      0    934   4867
      2     51      1      1     15      4      1      4      1   2283   1357
      2     51      1      1     16      3     15      8      0   1343   2915
      2     51      1      2      1      7     13      6      0   5406     -1
      2     51      1      2      2      4     13      8      0   6774     -1
      2     51      1      2      3      3      8      3      1   2142     -1
      2     51      1      2      4      6     10      6      1   8007     -1
      2     51      1      2      5      4      9      2      0   8178     -1
      2     51      1      2      6      2     10      4      0   3178     -1
      2     51      1      2      7      5     14      5      1   1930     -1
      2     51      1      2      8      1      1      1      1   4293     -1
      2     51      1      2      9      1     10      1      1   1960     -1
      2     51      1      2     10      7     15      6      0   3792     -1
      2     51      1      2     11      6     16      3      0   3759     -1
      2     51      1      2     12      5     16      5      1   1257     -1
      2     51      1      2     13      8     13      8      1   1826     -1
      2     51      1      2     14      2      8      2      1   1274     -1
      2     51      1      2     15      8      3      7      0   3959     -1
      2     51      1      2     16      3     13      3      1   1358     -1
      2     51      2      1      1      6     11      7      0   1913   2092
      2     51      2      1      2      6      5      6      1   1157   2431
      2     51      2      1      3      6      7      6      1    778   2820
      2     51      2      1      4      8     10      8      1   1063   6866
      2     51      2      1      5      8     14      8      1    741   1051
      2     51      2      1      6      7      2      7      1   1193   2692
      2     51      2      1      7      7      6      7      1    956   1987
      2     51      2      1      8      1      6      1      1   1044   2429
      2     51      2      1      9      1      9      1      1   1033    716
      2     51      2      1     10      1      4      3      0   1642   1431
      2     51      2      1     11      4     12      1      0   1006   2401
      2     51      2      1     12      2      9      4      0   1098   3998
      2     51      2      1     13      2     13      2      1    711   1838
      2     51      2      1     14      2      4      2      1    952    767
      2     51      2      1     15      4      5      4      1   1683   1783
      2     51      2      1     16      8      2      8      1    872   4435
      2     51      2      2      1      5      6      5      1   1460     -1
      2     51      2      2      2      5     11      5      1   1791     -1
      2     51      2      2      3      2     16      4      0   3730     -1
      2     51      2      2      4      1     14      3      0   1780     -1
      2     51      2      2      5      1      5      1      1   1093     -1
      2     51      2      2      6      7      7      4      0   1808     -1
      2     51      2      2      7      3     11      3      1   2725     -1
      2     51      2      2      8      6      8      6      1   3425     -1
      2     51      2      2      9      4     15      4      1   3776     -1
      2     51      2      2     10      8      9      8      1   1293     -1
      2     51      2      2     11      3      7      3      1   1142     -1
      2     51      2      2     12      6     15      6      1   1592     -1
      2     51      2      2     13      2      2      1      0   2825     -1
      2     51      2      2     14      7     16      7      1   1626     -1
      2     51      2      2     15      8     16      8      1   1691     -1
      2     51      2      2     16      4      3      3      0   1108     -1
      2     51      3      1      1      7      4      7      1   1004   2475
      2     51      3      1      2      4      5      7      0   1454   2452
      2     51      3      1      3      1      7      3      0   1030   2604
      2     51      3      1      4      6      3      6      1    731   5329
      2     51      3      1      5      1      4      1      1    849   1095
      2     51      3      1      6      2     14      8      0   1744   3264
      2     51      3      1      7      4     16      2      0    710   3428
      2     51      3      1      8      2     13      2      1   1508   1563
      2     51      3      1      9      1      3      1      1   1280   3900
      2     51      3      1     10      4      5      4      1   1075   2531
      2     51      3      1     11      4      1      1      0    899   3064
      2     51      3      1     12      7     14      7      1   2284   3325
      2     51      3      1     13      7     12      7      1   1080   3719
      2     51      3      1     14      7      8      7      1    908   1740
      2     51      3      1     15      7      2      7      1    813   3372
      2     51      3      1     16      3      2      3      1   1489    924
      2     51      3      2      1      6     13      6      1   1979     -1
      2     51      3      2      2      5      2      5      1   1225     -1
      2     51      3      2      3      4     14      2      0   3441     -1
      2     51      3      2      4      8      8      8      1   1392     -1
      2     51      3      2      5      6      6      6      1   1842     -1
      2     51      3      2      6      3     10      3      1   2528     -1
      2     51      3      2      7      5      5      5      1   1609     -1
      2     51      3      2      8      8      5      8      1   1060     -1
      2     51      3      2      9      2      6      2      1  11476     -1
      2     51      3      2     10      2      5      2      1   2992     -1
      2     51      3      2     11      1     16      1      1   4142     -1
      2     51      3      2     12      7     10      7      1   1877     -1
      2     51      3      2     13      1      2      4      0   9124     -1
      2     51      3      2     14      7      5      7      1   1109     -1
      2     51      3      2     15      3     12      3      1   1692     -1
      2     51      3      2     16      4     11      1      0   2326     -1
      2     51      4      1      1      7      6      7      1    806   2515
      2     51      4      1      2      8      2      8      1    848   1732
      2     51      4      1      3      6     12      6      1    728   1180
      2     51      4      1      4      1      4      1      1   1166    734
      2     51      4      1      5      1      3      1      1    759    905
      2     51      4      1      6      3     15      1      0   1219   1386
      2     51      4      1      7      1     11      1      1    817   1255
      2     51      4      1      8      1      6      1      1   1034   1011
      2     51      4      1      9      2     14      2      1   1247   1360
      2     51      4      1     10      7     14      7      1    905   2861
      2     51      4      1     11      4      8      1      0   1078    757
      2     51      4      1     12      2      1      4      0    910   1936
      2     51      4      1     13      4     10      2      0    698   3261
      2     51      4      1     14      2     13      4      0    774   2559
      2     51      4      1     15      5      4      5      1   1126   5279
      2     51      4      1     16      6      9      6      1   1854   1139
      2     51      4      2      1      1      1      4      0   6296     -1
      2     51      4      2      2      7     13      7      1   1592     -1
      2     51      4      2      3      6     13      6      1   1659     -1
      2     51      4      2      4      3     11      3      1   1342     -1
      2     51      4      2      5      1     16      1      1   1258     -1
      2     51      4      2      6      5     14      5      1   1142     -1
      2     51      4      2      7      7      7      7      1   1775     -1
      2     51      4      2      8      2      6      2      1   1376     -1
      2     51      4      2      9      3      8      3      1   1007     -1
      2     51      4      2     10      6     15      6      1   1245     -1
      2     51      4      2     11      8      3      8      1   1608     -1
      2     51      4      2     12      4     11      1      0   1894     -1
      2     51      4      2     13      2      8      2      1   2845     -1
      2     51      4      2     14      5      2      5      1   1179     -1
      2     51      4      2     15      8     16      8      1   1025     -1
      2     51      4      2     16      4     13      4      1   2145     -1
      2     51      5      1      1      3      2      3      1    601   1014
      2     51      5      1      2      4      8      1      0   1041    495
      2     51      5      1      3      5     10      5      1    917    899
      2     51      5      1      4      6      3      6      1    791    708
      2     51      5      1      5      8     15      8      1    939    793
      2     51      5      1      6      8      4      8      1   1125    905
      2     51      5      1      7      8     14      8      1    699    682
      2     51      5      1      8      4      1      4      1   1817   1046
      2     51      5      1      9      3      6      3      1    881    754
      2     51      5      1     10      1      7      1      1   1893   1479
      2     51      5      1     11      6      3      6      1    539   1708
      2     51      5      1     12      1      4      1      1    751    848
      2     51      5      1     13      3     15      1      0    978    790
      2     51      5      1     14      2      9      2      1   1547    837
      2     51      5      1     15      4      8      4      1   1218    666
      2     51      5      1     16      3      2      3      1    644    806
      2     51      5      2      1      2      5      2      1   1646     -1
      2     51      5      2      2      6     16      6      1   2160     -1
      2     51      5      2      3      1     10      1      1   1343     -1
      2     51      5      2      4      1     14      1      1   1676     -1
      2     51      5      2      5      2      2      2      1    926     -1
      2     51      5      2      6      7      5      7      1   1179     -1
      2     51      5      2      7      5      6      5      1   1509     -1
      2     51      5      2      8      4      3      3      0   8524     -1
      2     51      5      2      9      4     14      4      1   1658     -1
      2     51      5      2     10      3      7      3      1   2327     -1
      2     51      5      2     11      6     10      7      0   1194     -1
      2     51      5      2     12      3     13      3      1   2359     -1
      2     51      5      2     13      8      9      8      1   1142     -1
      2     51      5      2     14      7     10      7      1   1143     -1
      2     51      5      2     15      5      5      5      1   1024     -1
      2     51      5      2     16      8      8      8      1    962     -1
      2     51      6      1      1      3     15      3      1   1758   3747
      2     51      6      1      2      6     12      6      1    721    971
      2     51      6      1      3      7      4      6      0   1804    681
      2     51      6      1      4      7      4      7      1    786   1075
      2     51      6      1      5      4     16      4      1   1331    721
      2     51      6      1      6      5      4      5      1   1047    803
      2     51      6      1      7      2      3      1      0   1053   1597
      2     51      6      1      8      4     10      4      1   1385    978
      2     51      6      1      9      7     12      7      1    858   2187
      2     51      6      1     10      4      8      4      1   1759    381
      2     51      6      1     11      7      8      7      1    944    819
      2     51      6      1     12      1     11      1      1    768    767
      2     51      6      1     13      4     12      1      0   1543   1461
      2     51      6      1     14      3      6      3      1    830    852
      2     51      6      1     15      3     16      3      1   1067    733
      2     51      6      1     16      4      1      4      1   1203   1075
      2     51      6      2      1      5     16      5      1   1793     -1
      2     51      6      2      2      1      5      1      1   1342     -1
      2     51      6      2      3      6      8      6      1   1358     -1
      2     51      6      2      4      1      2      4      0   7376     -1
      2     51      6      2      5      4     15      4      1   2279     -1
      2     51      6      2      6      8      5      8      1   1113     -1
      2     51      6      2      7      4      9      4      1   2876     -1
      2     51      6      2      8      7     16      7      1    958     -1
      2     51      6      2      9      5     11      5      1    842     -1
      2     51      6      2     10      3     12      3      1   1546     -1
      2     51      6      2     11      7     15      7      1    945     -1
      2     51      6      2     12      8     13      8      1   1242     -1
      2     51      6      2     13      2     10      2      1   1059     -1
      2     51      6      2     14      2     16      2      1   1025     -1
      2     51      6      2     15      3     10      3      1   1092     -1
      2     51      6      2     16      6      6      6      1   1242     -1
      2     51      7      1      1      7     14      7      1   1091   2900
      2     51      7      1      2      2      1      2      1   1374    954
      2     51      7      1      3      7      4      7      1    873    974
      2     51      7      1      4      7      6      7      1    840    807
      2     51      7      1      5      3     14      3      1   1328    838
      2     51      7      1      6      1      3      1      1   1071   1204
      2     51      7      1      7      8     14      8      1    973    711
      2     51      7      1      8      8     15      8      1    842    954
      2     51      7      1      9      7      8      7      1    808    838
      2     51      7      1     10      5      8      5      1    817   1026
      2     51      7      1     11      8      6      8      1    756   1054
      2     51      7      1     12      2     14      2      1    818    765
      2     51      7      1     13      1     11      1      1    623   1188
      2     51      7      1     14      6      5      4      0   2495   1034
      2     51      7      1     15      4      8      4      1   2327   2019
      2     51      7      1     16      6     12      6      1    979   2063
      2     51      7      2      1      7     15      7      1   1128     -1
      2     51      7      2      2      4     15      4      1   2691     -1
      2     51      7      2      3      5      6      5      1   1128     -1
      2     51      7      2      4      1      5      1      1    976     -1
      2     51      7      2      5      2     10      2      1   1593     -1
      2     51      7      2      6      6      8      6      1   1141     -1
      2     51      7      2      7      4      3      1      0   2109     -1
      2     51      7      2      8      1     10      1      1   1659     -1
      2     51      7      2      9      5      2      5      1   1010     -1
      2     51      7      2     10      3     11      3      1   1825     -1
      2     51      7      2     11      3     12      3      1   1229     -1
      2     51      7      2     12      7      7      7      1   1177     -1
      2     51      7      2     13      2      2      2      1   1308     -1
      2     51      7      2     14      6     15      6      1    992     -1
      2     51      7      2     15      8      3      8      1   1108     -1
      2     51      7      2     16      8      9      8      1   1509     -1
      2     51      8      1      1      1      6      1      1   1085   1696
      2     51      8      1      2      6      3      6      1    948    801
      2     51      8      1      3      6      7      6      1    956   1525
      2     51      8      1      4      6     12      1      0   1270    699
      2     51      8      1      5      2      1      2      1   1752    614
      2     51      8      1      6      7      6      7      1   1202    615
      2     51      8      1      7      3     14      1      0   1019   1205
      2     51      8      1      8      6      9      7      0   1214    867
      2     51      8      1      9      5      7      5      1    868    798
      2     51      8      1     10      2      3      4      0   1822    775
      2     51      8      1     11      4     16      4      1   1655   1023
      2     51      8      1     12      3     14      3      1    874   2922
      2     51      8      1     13      3      2      3      1    825    773
      2     51      8      1     14      3     16      3      1    640    662
      2     51      8      1     15      7     12      7      1    910   1887
      2     51      8      1     16      2     13      2      1    995   1836
      2     51      8      2      1      6     10      7      0   1047     -1
      2     51      8      2      2      4     13      4      1   2926     -1
      2     51      8      2      3      2      8      2      1   1441     -1
      2     51      8      2      4      8     13      8      1   1026     -1
      2     51      8      2      5      7     10      7      1   1475     -1
      2     51      8      2      6      2     16      2      1   3143     -1
      2     51      8      2      7      1      2      1      1  13713     -1
      2     51      8      2      8      8      5      8      1    942     -1
      2     51      8      2      9      3      7      3      1    730     -1
      2     51      8      2     10      6      6      6      1    976     -1
      2     51      8      2     11      5     16      5      1    924     -1
      2     51      8      2     12      5      5      5      1   1341     -1
      2     51      8      2     13      4     11      1      0   1863     -1
      2     51      8      2     14      7     13      7      1   1192     -1
      2     51      8      2     15      3      8      3      1    858     -1
      2     51      8      2     16      1     16      1      1   1026     -1
      2     51      9      1      1      5     10      5      1    950   1583
      2     51      9      1      2      6     11      6      1   1236   1958
      2     51      9      1      3      4     16      4      1   1264    950
      2     51      9      1      4      2     14      2      1    836   1042
      2     51      9      1      5      2     13      2      1    913    933
      2     51      9      1      6      3      6      3      1    690   1465
      2     51      9      1      7      1      4      1      1   1298   4814
      2     51      9      1      8      1      3      4      0   1274   1072
      2     51      9      1      9      1     11      1      1    841    729
      2     51      9      1     10      2      3      4      0   1272   1711
      2     51      9      1     11      4     10      2      0    628   2180
      2     51      9      1     12      1      9      1      1    887   1353
      2     51      9      1     13      4     12      4      1   1216   4325
      2     51      9      1     14      7      8      7      1   1355   1515
      2     51      9      1     15      4     16      4      1   1217   3406
      2     51      9      1     16      1      9      1      1    870   5123
      2     51      9      2      1      3     10      3      1   1329     -1
      2     51      9      2      2      7     16      7      1   1395     -1
      2     51      9      2      3      2      6      2      1   2893     -1
      2     51      9      2      4      2      5      2      1   1507     -1
      2     51      9      2      5      6     16      6      1   1126     -1
      2     51      9      2      6      8      8      8      1   1358     -1
      2     51      9      2      7      7      5      7      1   1229     -1
      2     51      9      2      8      4     14      4      1   2592     -1
      2     51      9      2      9      1      1      4      0   8929     -1
      2     51      9      2     10      8     16      8      1   1242     -1
      2     51      9      2     11      4      9      2      0   3108     -1
      2     51      9      2     12      6     13      6      1   3259     -1
      2     51      9      2     13      3     13      3      1   1792     -1
      2     51      9      2     14      5     11      5      1   1258     -1
      2     51      9      2     15      5     14      5      1   1558     -1
      2     51      9      2     16      1     14      1      1   5825     -1
