      2    163      1      1      1      6      8      2      0   3738   4545
      2    163      1      1      2      6      8      6      1   1493   2614
      2    163      1      1      3      7     13      3      0   1737    992
      2    163      1      1      4      8     14      8      1   3198   4824
      2    163      1      1      5      1     10      4      0   2900    979
      2    163      1      1      6      7     13      7      1   2269   4020
      2    163      1      1      7      1     10      3      0   4227   3382
      2    163      1      1      8      7      4      5      0   3369   2258
      2    163      1      1      9      1     10      1      1   1578   1102
      2    163      1      1     10      7      4      1      0   3216   1912
      2    163      1      1     11      4      8      2      0   4006   2903
      2    163      1      1     12      6      5      2      0   6829   1415
      2    163      1      1     13      3     12      6      0   5946   5642
      2    163      1      1     14      7     13      6      0   1973   5431
      2    163      1      1     15      7      4      7      1   1017   1211
      2    163      1      1     16      5     11      5      1   2095   5791
      2    163      1      2      1      2      8      6      0   4622
      2    163      1      2      2      6     16      7      0   5562
      2    163      1      2      3      7      6      7      1   1346
      2    163      1      2      4      5     10      5      1   1513
      2    163      1      2      5      1      4      1      1   2946
      2    163      1      2      6      6      9      7      0   1730
      2    163      1      2      7      8      4      8      1   1330
      2    163      1      2      8      2     14      4      0   2413
      2    163      1      2      9      5     16      5      1   1312
      2    163      1      2     10      8      9      8      1   1313
      2    163      1      2     11      3      7      2      0   2196
      2    163      1      2     12      3     13      3      1   3613
      2    163      1      2     13      1     11      6      0   2381
      2    163      1      2     14      4      9      5      0   2330
      2    163      1      2     15      7      5      7      1   1296
      2    163      1      2     16      4     13      1      0   2346
      2    163      2      1      1      4     12      4      1   1672   4400
      2    163      2      1      2      4     11      4      1   1070   6682
      2    163      2      1      3      1      7      2      0   1387   2888
      2    163      2      1      4      4      3      1      0   1185   2258
      2    163      2      1      5      3     11      1      0   1138   1573
      2    163      2      1      6      3      9      3      1   1132   5789
      2    163      2      1      7      1      3      1      1    915   1380
      2    163      2      1      8      3     14      1      0   2122   1788
      2    163      2      1      9      6      5      6      1   2475   1253
      2    163      2      1     10      6      8      6      1    957   3501
      2    163      2      1     11      7      2      7      1   1293   1735
      2    163      2      1     12      2      4      1      0   1576   1235
      2    163      2      1     13      8     10      8      1   1381   9199
      2    163      2      1     14      6     13      7      0   6084   2109
      2    163      2      1     15      4     12      4      1   1385   3922
      2    163      2      1     16      5      5      6      0   1758    954
      2    163      2      2      1      7     12      7      1   3347
      2    163      2      2      2      2     10      5      0   2480
      2    163      2      2      3      8      3      8      1   1463
      2    163      2      2      4      4     16      1      0   1946
      2    163      2      2      5      3     10      3      1   2130
      2    163      2      2      6      6     12      2      0   4396
      2    163      2      2      7      1      1      3      0   3648
      2    163      2      2      8      5      9      5      1   1497
      2    163      2      2      9      2     13      2      1   5446
      2    163      2      2     10      7     14      7      1   3946
      2    163      2      2     11      1      9      1      1   1530
      2    163      2      2     12      6      6      7      0   2030
      2    163      2      2     13      5     14      5      1   1363
      2    163      2      2     14      3      8      7      0   3130
      2    163      2      2     15      4      1      4      1   7880
      2    163      2      2     16      8     13      8      1    979
      2    163      3      1      1      6      8      6      1   1704   6548
      2    163      3      1      2      7     13      7      1   1214    782
      2    163      3      1      3      8     14      8      1   1054   1075
      2    163      3      1      4      1     10      3      0   6964    698
      2    163      3      1      5      7      4      7      1   2540   2020
      2    163      3      1      6      4      8      1      0   3113    883
      2    163      3      1      7      6      5      6      1   3493   1784
      2    163      3      1      8      3     12      6      0   2217    946
      2    163      3      1      9      5     11      5      1   1129   1416
      2    163      3      1     10      2      6      4      0   4157   1055
      2    163      3      1     11      3     14      3      1   3056   1123
      2    163      3      1     12      1     16      2      0   3501    928
      2    163      3      1     13      5     12      5      1   1134   1012
      2    163      3      1     14      2      5      4      0   3026   3731
      2    163      3      1     15      4      8      1      0    985  17296
      2    163      3      1     16      2      5      2      1   1245   1033
      2    163      3      2      1      7     10      7      1   1697
      2    163      3      2      2      2      2      2      1   1830
      2    163      3      2      3      7     15      7      1   1180
      2    163      3      2      4      6     10      7      0   1464
      2    163      3      2      5      5      7      6      0   1930
      2    163      3      2      6      2     16      1      0   3363
      2    163      3      2      7      6     11      7      0   1163
      2    163      3      2      8      5      6      6      0   1496
      2    163      3      2      9      8      6      8      1   1413
      2    163      3      2     10      3     16      3      1   5246
      2    163      3      2     11      4     10      4      1   6496
      2    163      3      2     12      4     14      4      1   3829
      2    163      3      2     13      3      6      3      1   3913
      2    163      3      2     14      8     16      8      1   1196
      2    163      3      2     15      1      6      3      0   7164
      2    163      3      2     16      1      5      7      0   2713
      2    163      4      1      1      1      7      3      0   1962   5092
      2    163      4      1      2      6     15      6      1   1394   1135
      2    163      4      1      3      2      3      1      0   1332    814
      2    163      4      1      4      7      2      7      1    937   3837
      2    163      4      1      5      4     12      1      0   1333    962
      2    163      4      1      6      4     11      4      1    983   2643
      2    163      4      1      7      2      9      4      0    870   3055
      2    163      4      1      8      2      1      2      1   1062   1150
      2    163      4      1      9      4      3      3      0   1772   1738
      2    163      4      1     10      1      7      3      0    978   1251
      2    163      4      1     11      3     14      1      0    876   1918
      2    163      4      1     12      1     16      1      1   1627   1883
      2    163      4      1     13      1      2      3      0   1825   3931
      2    163      4      1     14      3      9      3      1   1113   4642
      2    163      4      1     15      7      8      7      1   1281   2128
      2    163      4      1     16      8      8      8      1   1257   1221
      2    163      4      2      1      7      5      7      1   1630
      2    163      4      2      2      1      1      1      1   8196
      2    163      4      2      3      1      5      3      0   6164
      2    163      4      2      4      8      9      8      1   1563
      2    163      4      2      5      7      6      7      1   1629
      2    163      4      2      6      4     10      5      0   7296
      2    163      4      2      7      8     13      8      1   1179
      2    163      4      2      8      3     16      3      1   4879
      2    163      4      2      9      3      7      3      1   3947
      2    163      4      2     10      2     10      2      1   1930
      2    163      4      2     11      5     16      5      1   1297
      2    163      4      2     12      4     13      1      0   3330
      2    163      4      2     13      6      6      6      1   2398
      2    163      4      2     14      5      7      6      0   1230
      2    163      4      2     15      2     14      8      0   6296
      2    163      4      2     16      6     11      7      0   2879
      2    163      5      1      1      4     15      1      0  10291   5213
      2    163      5      1      2      6      3      7      0   2230    966
      2    163      5      1      3      3      2      3      1   3300   1378
      2    163      5      1      4      1     14      1      1   3308   1204
      2    163      5      1      5      4     11      4      1   1309   1436
      2    163      5      1      6      5      5      5      1   1853   1043
      2    163      5      1      7      7      2      7      1   1112   1300
      2    163      5      1      8      8     10      8      1   1297    649
      2    163      5      1      9      3     11      3      1   1606   1888
      2    163      5      1     10      7      7      7      1    849   1513
      2    163      5      1     11      3     15      1      0   2880   2046
      2    163      5      1     12      2      3      1      0   1493   3214
      2    163      5      1     13      2      1      2      1    943   1751
      2    163      5      1     14      1      2      1      1    853   3072
      2    163      5      1     15      3      9      3      1    758   1104
      2    163      5      1     16      1      3      2      0   1597   5291
      2    163      5      2      1      1      4      1      1   2813
      2    163      5      2      2      4      9      5      0   1329
      2    163      5      2      3      2     13      2      1   2946
      2    163      5      2      4      5      9      5      1   1481
      2    163      5      2      5      1     11      1      1   1963
      2    163      5      2      6      8     16      8      1   1646
      2    163      5      2      7      6     10      7      0   1597
      2    163      5      2      8      4     14      4      1   7846
      2    163      5      2      9      7     14      7      1   2430
      2    163      5      2     10      3      6      3      1   1580
      2    163      5      2     11      2     16      4      0   3579
      2    163      5      2     12      6      9      7      0   1697
      2    163      5      2     13      7     10      7      1   1447
      2    163      5      2     14      5     10      5      1   1248
      2    163      5      2     15      3     13      6      0   6296
      2    163      5      2     16      8      6      8      1   1446
      2    163      6      1      1      1      2      1      1   1038  17157
      2    163      6      1      2      3      9      3      1    944   4961
      2    163      6      1      3      6     15      6      1   1104   2305
      2    163      6      1      4      2      9      2      1   1477   1101
      2    163      6      1      5      8     15      8      1   1132    931
      2    163      6      1      6      1      3      2      0   1815   1197
      2    163      6      1      7      4      5      7      0   1802    977
      2    163      6      1      8      6      7      7      0   1166    830
      2    163      6      1      9      7     16      4      0   1542   1003
      2    163      6      1     10      6     13      7      0   2442    954
      2    163      6      1     11      1      7      3      0   1021   1191
      2    163      6      1     12      4      3      4      1   1998    715
      2    163      6      1     13      2      5      2      1    794    635
      2    163      6      1     14      1     16      1      1   2032   1462
      2    163      6      1     15      3     14      3      1    925   1935
      2    163      6      1     16      2      6      2      1    796   1449
      2    163      6      2      1      6     16      6      1   3813
      2    163      6      2      2      4      1      4      1   4348
      2    163      6      2      3      3     10      3      1   2896
      2    163      6      2      4      8      4      8      1   1096
      2    163      6      2      5      3      8      7      0   3046
      2    163      6      2      6      6     12      7      0   2614
      2    163      6      2      7      7     12      7      1   1880
      2    163      6      2      8      1      9      1      1   2613
      2    163      6      2      9      2      8      2      1   1562
      2    163      6      2     10      5     14      5      1   1363
      2    163      6      2     11      7     15      7      1   1396
      2    163      6      2     12      5      6      5      1   3096
      2    163      6      2     13      2      2      2      1   2196
      2    163      6      2     14      4     16      4      1   3546
      2    163      6      2     15      1      6      1      1   1463
      2    163      6      2     16      8      3      8      1   1046
      2    163      7      1      1      1     16      1      1   1854   5000
      2    163      7      1      2      3     14      3      1    993    819
      2    163      7      1      3      2      6      2      1    821    992
      2    163      7      1      4      5     11      5      1    943   1019
      2    163      7      1      5      3     12      3      1   7048    881
      2    163      7      1      6      6      5      6      1   2962    801
      2    163      7      1      7      4      8      4      1   1719    927
      2    163      7      1      8      7      4      7      1    879    817
      2    163      7      1      9      1     10      4      0   2392   1370
      2    163      7      1     10      8     14      8      1    739   3336
      2    163      7      1     11      7     13      7      1    976    986
      2    163      7      1     12      6      8      6      1   1630    848
      2    163      7      1     13      4     12      4      1   1754   2106
      2    163      7      1     14      5      5      5      1   2095   2780
      2    163      7      1     15      4     11      4      1   1470    709
      2    163      7      1     16      1     14      1      1   1770   1059
      2    163      7      2      1      3     16      3      1   1313
      2    163      7      2      2      5     14      5      1   1246
      2    163      7      2      3      6     12      7      0   3996
      2    163      7      2      4      3     10      1      0   2930
      2    163      7      2      5      1      5      1      1   2863
      2    163      7      2      6      8      4      8      1   1113
      2    163      7      2      7      6      9      7      0   1213
      2    163      7      2      8      4     13      1      0   3063
      2    163      7      2      9      7      6      7      1   1113
      2    163      7      2     10      2      8      2      1   1329
      2    163      7      2     11      2     10      2      1   1214
      2    163      7      2     12      7     14      7      1   1680
      2    163      7      2     13      4     10      4      1   3863
      2    163      7      2     14      5      6      5      1   1363
      2    163      7      2     15      8     16      8      1   1364
      2    163      7      2     16      1      6      1      1   1713
      2    163      8      1      1      1     14      1      1   1528   4495
      2    163      8      1      2      3      2      3      1   1139    890
      2    163      8      1      3      6      3      7      0   4380    982
      2    163      8      1      4      4     15      3      0   1997    932
      2    163      8      1      5      5      8      5      1   1163   3828
      2    163      8      1      6      7      2      7      1    779   1033
      2    163      8      1      7      8     10      8      1    730    982
      2    163      8      1      8      3     11      3      1   1739    806
      2    163      8      1      9      8      8      8      1    792    654
      2    163      8      1     10      7      7      7      1    960    769
      2    163      8      1     11      2      4      2      1    739    857
      2    163      8      1     12      3     15      4      0   1100   2293
      2    163      8      1     13      4     15      4      1   1041   1138
      2    163      8      1     14      8      2      8      1    789   1239
      2    163      8      1     15      2      3      4      0   2353   1243
      2    163      8      1     16      2      1      2      1    833    896
      2    163      8      2      1      7      5      7      1   1596
      2    163      8      2      2      3      6      6      0   4113
      2    163      8      2      3      5      7      5      1   1163
      2    163      8      2      4      4     16      2      0   1580
      2    163      8      2      5      6     16      6      1   1863
      2    163      8      2      6      8     13      8      1   1213
      2    163      8      2      7      8      3      8      1   1680
      2    163      8      2      8      2     13      2      1   1263
      2    163      8      2      9      1      4      1      1   2963
      2    163      8      2     10      5      9      5      1   1081
      2    163      8      2     11      1      1      4      0   7813
      2    163      8      2     12      7     10      7      1   1146
      2    163      8      2     13      4      9      2      0   1896
      2    163      8      2     14      6      6      7      0   1397
      2    163      8      2     15      2     14      8      0   1897
      2    163      8      2     16      3      7      6      0   4881
      2    163      9      1      1      1      2      1      1   1125   2251
      2    163      9      1      2      3      9      3      1   1464   1048
      2    163      9      1      3      5      2      5      1    781   1081
      2    163      9      1      4      6     15      6      1    918   1227
      2    163      9      1      5      2      9      2      1   1293   1202
      2    163      9      1      6      8     15      8      1   1352   1043
      2    163      9      1      7      1      3      2      0   2141    888
      2    163      9      1      8      1      3      2      0   2065   7268
      2    163      9      1      9      4      5      1      0  39747    931
      2    163      9      1     10      4      5      4      1   1084   2708
      2    163      9      1     11      6      7      6      1    818   1177
      2    163      9      1     12      7     16      7      1   1088    758
      2    163      9      1     13      6     13      6      1    834    929
      2    163      9      1     14      1      7      1      1   1727   1551
      2    163      9      1     15      4      3      3      0   4005   1456
      2    163      9      1     16      2      5      2      1    708    954
      2    163      9      2      1      6     11      6      1   1563
      2    163      9      2      2      8      6      8      1    896
      2    163      9      2      3      7     15      7      1   1463
      2    163      9      2      4      1     11      1      1   7263
      2    163      9      2      5      8      9      8      1   1463
      2    163      9      2      6      4     14      2      0   8046
      2    163      9      2      7      5     10      5      1   2013
      2    163      9      2      8      5     16      5      1   7962
      2    163      9      2      9      7     12      7      1  13179
      2    163      9      2     10      6     10      7      0   1180
      2    163      9      2     11      2     16      2      1   2081
      2    163      9      2     12      1      9      1      1   4846
      2    163      9      2     13      3     13      7      0   1580
      2    163      9      2     14      4      1      4      1   3713
      2    163      9      2     15      2      2      2      1   1331
      2    163      9      2     16      3      8      7      0   1814
