      1    198      1      1      1      7      2      3      0   5422
      1    198      1      1      2      6     16      2      0   3121
      1    198      1      1      3      8      3      7      0   3722
      1    198      1      1      4      5      2      5      1   2396
      1    198      1      1      5      2      1      3      0   2204
      1    198      1      1      6      1      7      4      0   3312
      1    198      1      1      7      3     12      3      1   2256
      1    198      1      1      8      4      8      8      0   4261
      1    198      1      1      9      8      5      8      1   1518
      1    198      1      1     10      1     11      7      0   2575
      1    198      1      1     11      7     14      6      0   3513
      1    198      1      1     12      4      5      2      0   3033
      1    198      1      1     13      6      6      3      0   4405
      1    198      1      1     14      3      8      1      0   4540
      1    198      1      1     15      5      6      5      1   2242
      1    198      1      1     16      2     16      4      0   3682
      1    198      1      2      1      2      8      3      0   7166
      1    198      1      2      2      5     12      5      1   2036
      1    198      1      2      3      3      6      1      0   4866
      1    198      1      2      4      7      8      2      0   3761
      1    198      1      2      5      1      4      3      0   3549
      1    198      1      2      6      5      8      5      1   1563
      1    198      1      2      7      6      3      7      0   2617
      1    198      1      2      8      3      2      6      0   2150
      1    198      1      2      9      6     11      5      0   2261
      1    198      1      2     10      8      8      8      1   2161
      1    198      1      2     11      1     16      4      0   2511
      1    198      1      2     12      8      4      8      1   2098
      1    198      1      2     13      4     11      4      1   2378
      1    198      1      2     14      4     15      2      0   2148
      1    198      1      2     15      7      6      3      0   4484
      1    198      1      2     16      2     10      1      0   4419
      1    198      2      1      1      3      7      5      0   2838
      1    198      2      1      2      5     11      5      1   1495
      1    198      2      1      3      1      1      6      0   2609
      1    198      2      1      4      2      6      4      0   1883
      1    198      2      1      5      7     10      7      1   3272
      1    198      2      1      6      8     13      8      1   1595
      1    198      2      1      7      4     13      1      0   2130
      1    198      2      1      8      6      7      5      0   2879
      1    198      2      1      9      6      9      7      0   3121
      1    198      2      1     10      7      7      1      0   2041
      1    198      2      1     11      8      6      8      1   1195
      1    198      2      1     12      2     14      8      0   2198
      1    198      2      1     13      4     14      4      1   1622
      1    198      2      1     14      3     14      1      0   2099
      1    198      2      1     15      1     14      3      0   2837
      1    198      2      1     16      5     10      5      1   1700
      1    198      2      2      1      7     16      2      0   5788
      1    198      2      2      2      7     15      6      0   3084
      1    198      2      2      3      3     16      3      1   2300
      1    198      2      2      4      2      3      4      0   4330
      1    198      2      2      5      6     15      7      0   4251
      1    198      2      2      6      6     10      2      0   8017
      1    198      2      2      7      1      3      3      0   4084
      1    198      2      2      8      8     15      8      1   2615
      1    198      2      2      9      5      7      5      1   1499
      1    198      2      2     10      8     16      8      1   1681
      1    198      2      2     11      4     10      2      0   3850
      1    198      2      2     12      2      2      4      0   1597
      1    198      2      2     13      5     16      5      1   1648
      1    198      2      2     14      4      3      1      0   3467
      1    198      2      2     15      3      9      6      0   1915
      1    198      2      2     16      1      5      7      0   3684
      1    198      3      1      1      6      8      1      0   3663
      1    198      3      1      2      2     13      3      0   2795
      1    198      3      1      3      8      2      8      1   1485
      1    198      3      1      4      7      5      6      0   2325
      1    198      3      1      5      1      9      4      0   7121
      1    198      3      1      6      1      2      1      1   9674
      1    198      3      1      7      2      5      2      1   3824
      1    198      3      1      8      6     13      3      0  14421
      1    198      3      1      9      8     14      8      1   2043
      1    198      3      1     10      5     14      5      1   1426
      1    198      3      1     11      3     11      1      0   3263
      1    198      3      1     12      4      9      7      0   5126
      1    198      3      1     13      4     12      2      0  11816
      1    198      3      1     14      7      4      1      0   4332
      1    198      3      1     15      5      5      5      1   1632
      1    198      3      1     16      3     10      1      0   3305
      1    198      3      2      1      8     10      8      1   3654
      1    198      3      2      2      3     13      6      0   6620
      1    198      3      2      3      7     12      7      1   4217
      1    198      3      2      4      7     13      3      0   4484
      1    198      3      2      5      4     16      4      1   3550
      1    198      3      2      6      8      9      8      1   1331
      1    198      3      2      7      5      4      5      1   1394
      1    198      3      2      8      6     12      1      0   3095
      1    198      3      2      9      6      5      2      0   5870
      1    198      3      2     10      4      1      1      0   7254
      1    198      3      2     11      3     15      3      1   3914
      1    198      3      2     12      5      9      5      1   1799
      1    198      3      2     13      2      4      2      1   2916
      1    198      3      2     14      1      6      4      0   1844
      1    198      3      2     15      1     10      4      0   2411
      1    198      3      2     16      2      9      2      1   4568
      1    198      4      1      1      5      5      5      1   1964
      1    198      4      1      2      6      6      7      0   4889
      1    198      4      1      3      7     10      3      0   2714
      1    198      4      1      4      2      6      4      0   1908
      1    198      4      1      5      1      1      3      0   3110
      1    198      4      1      6      4     13      6      0   2802
      1    198      4      1      7      6      8      3      0   3840
      1    198      4      1      8      4      8      4      1   2130
      1    198      4      1      9      1      9      2      0   6708
      1    198      4      1     10      5     10      5      1   1684
      1    198      4      1     11      8     14      8      1   2394
      1    198      4      1     12      8      2      8      1   2045
      1    198      4      1     13      2      5      2      1   1336
      1    198      4      1     14      7      7      6      0   3726
      1    198      4      1     15      3      8      1      0   9880
      1    198      4      1     16      3     11      3      1   2246
      1    198      4      2      1      4     11      2      0   5035
      1    198      4      2      2      7     15      6      0   2917
      1    198      4      2      3      3      9      3      1  10924
      1    198      4      2      4      5     12      5      1   1181
      1    198      4      2      5      8     15      8      1   1394
      1    198      4      2      6      7      8      7      1   3734
      1    198      4      2      7      2      8      2      1   4568
      1    198      4      2      8      3      6      1      0   4251
      1    198      4      2      9      5      7      5      1   1898
      1    198      4      2     10      2      4      2      1   2628
      1    198      4      2     11      6     10      7      0   2066
      1    198      4      2     12      1     10      4      0   2317
      1    198      4      2     13      1      3      1      1   6503
      1    198      4      2     14      8     10      8      1   1865
      1    198      4      2     15      4      3      3      0   4618
      1    198      4      2     16      6     12      6      1   4786
      1    198      5      1      1      6     16      3      0   6641
      1    198      5      1      2      7     14      7      1   1978
      1    198      5      1      3      1     14      1      1   1886
      1    198      5      1      4      8      5      8      1   1387
      1    198      5      1      5      2     13      2      1   5575
      1    198      5      1      6      5      2      5      1   1496
      1    198      5      1      7      5     14      5      1   1746
      1    198      5      1      8      1      2      3      0   5604
      1    198      5      1      9      8     13      8      1   1966
      1    198      5      1     10      4     12      4      1   1916
      1    198      5      1     11      6      7      6      1   3840
      1    198      5      1     12      2     16      2      1   1443
      1    198      5      1     13      7      4      6      0   2740
      1    198      5      1     14      3     12      7      0   2354
      1    198      5      1     15      4      5      1      0   3423
      1    198      5      1     16      3     14      2      0   4304
      1    198      5      2      1      3     16      3      1   2214
      1    198      5      2      2      3      2      7      0   2788
      1    198      5      2      3      7      6      6      0   3217
      1    198      5      2      4      6      5      5      0   1896
      1    198      5      2      5      2      2      2      1   1297
      1    198      5      2      6      1     16      1      1   4936
      1    198      5      2      7      6      3      6      1   7287
      1    198      5      2      8      2     10      2      1   2666
      1    198      5      2      9      8      8      8      1   1249
      1    198      5      2     10      8     16      8      1   1898
      1    198      5      2     11      7     13      1      0   4083
      1    198      5      2     12      4     10      4      1   4514
      1    198      5      2     13      5      4      5      1   1714
      1    198      5      2     14      5      9      5      1   1745
      1    198      5      2     15      1      4      7      0   2349
      1    198      5      2     16      4      1      6      0   2399
      1    198      6      1      1      7      2      7      1   2583
      1    198      6      1      2      8      6      8      1   1348
      1    198      6      1      3      1     11      6      0   4715
      1    198      6      1      4      2     14      8      0   2832
      1    198      6      1      5      3      7      6      0   4492
      1    198      6      1      6      4      9      4      1   7583
      1    198      6      1      7      6     13      6      1   5429
      1    198      6      1      8      6      9      1      0   3811
      1    198      6      1      9      3     10      3      1   2152
      1    198      6      1     10      1      7      7      0   2423
      1    198      6      1     11      4     14      2      0   1850
      1    198      6      1     12      8      3      8      1   1236
      1    198      6      1     13      5      6      5      1   1414
      1    198      6      1     14      5     11      5      1   1163
      1    198      6      1     15      7      5      1      0  13683
      1    198      6      1     16      2      1      4      0   2824
      1    198      6      2      1      3     15      3      1  11261
      1    198      6      2      2      2      9      4      0   9039
      1    198      6      2      3      5      8      5      1   1294
      1    198      6      2      4      3     13      7      0   5386
      1    198      6      2      5      8      4      8      1   1731
      1    198      6      2      6      7     12      1      0   6182
      1    198      6      2      7      7     16      6      0   3780
      1    198      6      2      8      6     11      6      1   1815
      1    198      6      2      9      4     16      4      1   3968
      1    198      6      2     10      6     15      1      0   2032
      1    198      6      2     11      1      6      7      0   5085
      1    198      6      2     12      4     15      3      0   5019
      1    198      6      2     13      5     16      5      1   1280
      1    198      6      2     14      2      3      2      1   1614
      1    198      6      2     15      1      5      6      0   5686
      1    198      6      2     16      8      9      8      1   1678
      1    198      7      1      1      6     13      1      0   3729
      1    198      7      1      2      1      9      7      0   3066
      1    198      7      1      3      5      5      5      1   2095
      1    198      7      1      4      3     11      3      1   2394
      1    198      7      1      5      8      3      8      1   1398
      1    198      7      1      6      6      6      6      1   7213
      1    198      7      1      7      8     13      4      0   3434
      1    198      7      1      8      7     14      7      1   7365
      1    198      7      1      9      4      8      2      0   7390
      1    198      7      1     10      3      7      3      1   3176
      1    198      7      1     11      2     16      2      1   2568
      1    198      7      1     12      5     10      5      1   1225
      1    198      7      1     13      7      2      6      0   2608
      1    198      7      1     14      1      1      3      0   1455
      1    198      7      1     15      4      5      7      0   9537
      1    198      7      1     16      2      5      2      1   1911
      1    198      7      2      1      2      3      4      0   3820
      1    198      7      2      2      5      9      5      1   1299
      1    198      7      2      3      5     16      5      1   1265
      1    198      7      2      4      2     10      2      1   1965
      1    198      7      2      5      4      1      7      0   2999
      1    198      7      2      6      7      8      7      1   3718
      1    198      7      2      7      4     11      1      0   6353
      1    198      7      2      8      1      3      7      0   2315
      1    198      7      2      9      8      4      8      1   1248
      1    198      7      2     10      7     15      6      0   5385
      1    198      7      2     11      3     15      3      1   3250
      1    198      7      2     12      6     12      1      0   1544
      1    198      7      2     13      6     15      1      0   2093
      1    198      7      2     14      3      2      3      1   2962
      1    198      7      2     15      1      4      6      0   2516
      1    198      7      2     16      8     10      8      1   2282
      1    198      8      1      1      3     12      3      1   2251
      1    198      8      1      2      7      5      7      1   3690
      1    198      8      1      3      5     14      5      1   1165
      1    198      8      1      4      2     13      2      1   1395
      1    198      8      1      5      5      2      5      1   1164
      1    198      8      1      6      2      6      2      1   2307
      1    198      8      1      7      3      8      3      1   9423
      1    198      8      1      8      8      2      8      1   1574
      1    198      8      1      9      1     14      6      0   5289
      1    198      8      1     10      6      9      6      1   1978
      1    198      8      1     11      8      5      8      1   1044
      1    198      8      1     12      7      4      7      1   2027
      1    198      8      1     13      1      7      3      0   3938
      1    198      8      1     14      4     12      4      1   2530
      1    198      8      1     15      4     14      4      1   5260
      1    198      8      1     16      6     16      6      1   2565
      1    198      8      2      1      2      8      4      0   5054
      1    198      8      2      2      7     13      6      0   3933
      1    198      8      2      3      4     10      4      1   5534
      1    198      8      2      4      1      6      7      0   6282
      1    198      8      2      5      8      8      8      1   1197
      1    198      8      2      6      2      4      2      1   1309
      1    198      8      2      7      6      3      6      1   1998
      1    198      8      2      8      8      9      8      1   1548
      1    198      8      2      9      5      8      5      1   1364
      1    198      8      2     10      3     13      3      1   3216
      1    198      8      2     11      6     11      6      1   2415
      1    198      8      2     12      1      5      1      1   3647
      1    198      8      2     13      4     15      7      0   5685
      1    198      8      2     14      5      4      5      1   1882
      1    198      8      2     15      7     12      6      0   4835
      1    198      8      2     16      3      6      1      0   4584
      1    198      9      1      1      8     14      8      1   1216
      1    198      9      1      2      4     13      7      0   6863
      1    198      9      1      3      5      6      5      1   1436
      1    198      9      1      4      1     11      2      0  17542
      1    198      9      1      5      2     14      8      0   2006
      1    198      9      1      6      7     10      6      0   3284
      1    198      9      1      7      3     10      3      1   1457
      1    198      9      1      8      5     11      5      1   1189
      1    198      9      1      9      8      6      8      1   1163
      1    198      9      1     10      6      8      6      1   5534
      1    198      9      1     11      6      7      1      0   4126
      1    198      9      1     12      3     14      3      1   4476
      1    198      9      1     13      7      7      7      1   1889
      1    198      9      1     14      1      2      2      0   2018
      1    198      9      1     15      2      1      2      1   1193
      1    198      9      1     16      4      9      4      1   1841
      1    198      9      2      1      3     16      3      1   2653
      1    198      9      2      2      4     16      4      1   6018
      1    198      9      2      3      6      5      6      1   2465
      1    198      9      2      4      5     12      5      1   1811
      1    198      9      2      5      8     15      8      1   1498
      1    198      9      2      6      5      7      5      1   1398
      1    198      9      2      7      1     10      1      1   2983
      1    198      9      2      8      4      3      3      0   2533
      1    198      9      2      9      1     16      7      0   2166
      1    198      9      2     10      2      9      2      1   1332
      1    198      9      2     11      3      9      3      1   2983
      1    198      9      2     12      7      6      6      0   1115
      1    198      9      2     13      8     16      8      1   1481
      1    198      9      2     14      6     10      6      1   2695
      1    198      9      2     15      2      2      4      0   2395
      1    198      9      2     16      7     16      7      1   3629
