      1     11      1      1      1      7      2      6      0   4279
      1     11      1      1      2      8     13      8      1   5132
      1     11      1      1      3      5      5      5      1   3779
      1     11      1      1      4      7     10      4      0   2869
      1     11      1      1      5      2     13      3      0   3377
      1     11      1      1      6      1     11      1      1   2559
      1     11      1      1      7      6      7      8      0   4676
      1     11      1      1      8      6     12      3      0   3561
      1     11      1      1      9      8      2      8      1   2548
      1     11      1      1     10      4     12      5      0   1898
      1     11      1      1     11      2      5      1      0   5710
      1     11      1      1     12      3      2      2      0   2549
      1     11      1      1     13      5      2      5      1   1800
      1     11      1      1     14      1      6      6      0   6362
      1     11      1      1     15      3     10      2      0   3369
      1     11      1      1     16      4     10      3      0   5414
      1     11      1      2      1      6     10      2      0   5643
      1     11      1      2      2      1      9      4      0   4025
      1     11      1      2      3      3     14      1      0   3708
      1     11      1      2      4      4      9      5      0   2327
      1     11      1      2      5      7      6      2      0   2542
      1     11      1      2      6      3     12      7      0   5143
      1     11      1      2      7      5      6      5      1   2227
      1     11      1      2      8      1      2      1      1   1977
      1     11      1      2      9      2      6      4      0   5860
      1     11      1      2     10      2      1      7      0   6393
      1     11      1      2     11      5      4      5      1   1294
      1     11      1      2     12      8      9      8      1   1378
      1     11      1      2     13      8      3      8      1   1510
      1     11      1      2     14      4      1      2      0   5960
      1     11      1      2     15      7      8      2      0   1395
      1     11      1      2     16      6      9      7      0   5280
      1     11      2      1      1      3     15      1      0   3418
      1     11      2      1      2      4     14      3      0   3864
      1     11      2      1      3      6      6      2      0   2645
      1     11      2      1      4      6      3      7      0   2862
      1     11      2      1      5      2      3      1      0   3029
      1     11      2      1      6      1      1      4      0   2212
      1     11      2      1      7      4      3      1      0   2132
      1     11      2      1      8      1      3      1      1   2554
      1     11      2      1      9      8     16      8      1   2995
      1     11      2      1     10      8      6      8      1   1549
      1     11      2      1     11      3     13      2      0   1891
      1     11      2      1     12      7     12      3      0   2265
      1     11      2      1     13      5     10      5      1   1190
      1     11      2      1     14      7     14      7      1   2628
      1     11      2      1     15      2     16      8      0   1823
      1     11      2      1     16      5     14      5      1   1201
      1     11      2      2      1      2      4      1      0   2313
      1     11      2      2      2      2      2      6      0   9361
      1     11      2      2      3      5      9      5      1    945
      1     11      2      2      4      3      9      7      0   5110
      1     11      2      2      5      4     11      3      0   2811
      1     11      2      2      6      1     10      6      0   4662
      1     11      2      2      7      4     13      4      1   2110
      1     11      2      2      8      7      7      4      0   3712
      1     11      2      2      9      5      8      5      1   1227
      1     11      2      2     10      3     11      7      0   2477
      1     11      2      2     11      1      7      7      0   2128
      1     11      2      2     12      6      8      3      0   7327
      1     11      2      2     13      7      5      4      0   1644
      1     11      2      2     14      6     16      3      0   2844
      1     11      2      2     15      8     10      8      1   1293
      1     11      2      2     16      8      4      8      1    893
      1     11      3      1      1      2     10      4      0   2559
      1     11      3      1      2      2      9      2      1   1386
      1     11      3      1      3      1     14      3      0   1259
      1     11      3      1      4      7     13      1      0   1700
      1     11      3      1      5      6     13      3      0   3042
      1     11      3      1      6      3      8      6      0   2502
      1     11      3      1      7      4      8      4      1   3517
      1     11      3      1      8      8     14      8      1   1082
      1     11      3      1      9      5      7      5      1   1146
      1     11      3      1     10      1      5      1      1   2578
      1     11      3      1     11      6     15      3      0   3313
      1     11      3      1     12      5     11      5      1   1039
      1     11      3      1     13      8      8      8      1   1173
      1     11      3      1     14      7      4      4      0   2430
      1     11      3      1     15      3     16      1      0   4016
      1     11      3      1     16      4     15      3      0   2082
      1     11      3      2      1      8     15      8      1   1380
      1     11      3      2      2      8      5      8      1    910
      1     11      3      2      3      2     14      4      0   5527
      1     11      3      2      4      4     16      2      0   8826
      1     11      3      2      5      4      5      3      0   1893
      1     11      3      2      6      1      4      1      1   2561
      1     11      3      2      7      6     11      4      0   2409
      1     11      3      2      8      2      8      2      1   1693
      1     11      3      2      9      6      5      7      0   2660
      1     11      3      2     10      5     16      5      1    976
      1     11      3      2     11      1     16      1      1   1493
      1     11      3      2     12      5     12      5      1   1028
      1     11      3      2     13      7     16      6      0   3126
      1     11      3      2     14      3      7      3      1   2827
      1     11      3      2     15      3      6      4      0   8476
      1     11      3      2     16      7     15      6      0   2110
      1     11      4      1      1      3     16      7      0   2135
      1     11      4      1      2      4     15      3      0   2143
      1     11      4      1      3      1      6      1      1   1344
      1     11      4      1      4      5     11      5      1   1142
      1     11      4      1      5      1     11      1      1   1679
      1     11      4      1      6      2     16      2      1   3348
      1     11      4      1      7      2      3      4      0   1943
      1     11      4      1      8      8     16      8      1   1057
      1     11      4      1      9      7     10      4      0   2222
      1     11      4      1     10      7     14      7      1   1666
      1     11      4      1     11      5      2      5      1   1247
      1     11      4      1     12      6     12      7      0   3303
      1     11      4      1     13      8      8      8      1   1012
      1     11      4      1     14      3     13      7      0   2587
      1     11      4      1     15      4     12      2      0   1625
      1     11      4      1     16      6      7      7      0   2337
      1     11      4      2      1      4      9      6      0   2096
      1     11      4      2      2      6      5      6      1   1977
      1     11      4      2      3      8     10      8      1   1594
      1     11      4      2      4      2      2      2      1   1427
      1     11      4      2      5      7      7      3      0   2760
      1     11      4      2      6      8      3      8      1   1394
      1     11      4      2      7      6     11      4      0   4127
      1     11      4      2      8      1      2      7      0   6810
      1     11      4      2      9      5     12      5      1    978
      1     11      4      2     10      7     15      6      0   3677
      1     11      4      2     11      2      8      2      1   1613
      1     11      4      2     12      5      9      5      1   1046
      1     11      4      2     13      4     13      6      0   4496
      1     11      4      2     14      3     11      3      1   4994
      1     11      4      2     15      1     10      1      1   2345
      1     11      4      2     16      3      6      3      1   3194
      1     11      5      1      1      8      6      8      1    968
      1     11      5      1      2      3     15      6      0   1676
      1     11      5      1      3      7     13      6      0   1768
      1     11      5      1      4      7      2      7      1   1210
      1     11      5      1      5      4      8      4      1   3404
      1     11      5      1      6      2     13      2      1   1375
      1     11      5      1      7      2      9      2      1    993
      1     11      5      1      8      1      3      1      1   1517
      1     11      5      1      9      6      6      6      1   2361
      1     11      5      1     10      6     15      6      1   1665
      1     11      5      1     11      4     14      7      0   3075
      1     11      5      1     12      5     14      5      1    992
      1     11      5      1     13      1      5      1      1   1331
      1     11      5      1     14      8     14      8      1   1313
      1     11      5      1     15      3      8      6      0   2388
      1     11      5      1     16      5     10      5      1   1156
      1     11      5      2      1      5      6      5      1   1113
      1     11      5      2      2      8      4      8      1   1078
      1     11      5      2      3      3      7      3      1   2479
      1     11      5      2      4      8      9      8      1   1211
      1     11      5      2      5      4      1      7      0   2461
      1     11      5      2      6      7      8      7      1   1311
      1     11      5      2      7      3     14      6      0   3243
      1     11      5      2      8      6      8      6      1   1745
      1     11      5      2      9      2      4      2      1   1145
      1     11      5      2     10      1      4      1      1   1478
      1     11      5      2     11      5     16      5      1   1095
      1     11      5      2     12      7      5      7      1   1810
      1     11      5      2     13      6      9      7      0   6212
      1     11      5      2     14      1      7      1      1   1077
      1     11      5      2     15      4     11      4      1   6277
      1     11      5      2     16      2      1      2      1   1811
      1     11      6      1      1      8     13      8      1   1046
      1     11      6      1      2      4      3      4      1   2886
      1     11      6      1      3      6      3      7      0   1427
      1     11      6      1      4      7      4      3      0   2537
      1     11      6      1      5      7     12      7      1   1218
      1     11      6      1      6      1     14      1      1   1211
      1     11      6      1      7      3     10      1      0   4802
      1     11      6      1      8      6     13      4      0   1759
      1     11      6      1      9      5      5      5      1   1687
      1     11      6      1     10      8      2      8      1   1082
      1     11      6      1     11      2      5      2      1   1123
      1     11      6      1     12      1      1      3      0   4152
      1     11      6      1     13      5      7      5      1    881
      1     11      6      1     14      2     10      2      1   1135
      1     11      6      1     15      4     10      4      1   2097
      1     11      6      1     16      3      2      6      0   6943
      1     11      6      2      1      6     16      3      0  10113
      1     11      6      2      2      8      5      8      1   1044
      1     11      6      2      3      1     16      1      1   1044
      1     11      6      2      4      2     14      4      0   2661
      1     11      6      2      5      7      6      6      0   1594
      1     11      6      2      6      2      6      2      1   1093
      1     11      6      2      7      3      9      1      0   2694
      1     11      6      2      8      5      4      5      1   1193
      1     11      6      2      9      4     16      4      1   1693
      1     11      6      2     10      4      5      3      0   3611
      1     11      6      2     11      1      9      1      1   1527
      1     11      6      2     12      8     15      8      1   1044
      1     11      6      2     13      7     16      6      0   1678
      1     11      6      2     14      3     12      7      0   3261
      1     11      6      2     15      6     10      7      0   5544
      1     11      6      2     16      5      8      5      1   1545
      1     11      7      1      1      5     11      5      1   1252
      1     11      7      1      2      2      9      2      1    975
      1     11      7      1      3      7     10      6      0   1195
      1     11      7      1      4      5      7      5      1    903
      1     11      7      1      5      6      6      6      1   1350
      1     11      7      1      6      7      2      7      1    904
      1     11      7      1      7      8      2      8      1   1157
      1     11      7      1      8      4      8      4      1   1418
      1     11      7      1      9      2     10      2      1    994
      1     11      7      1     10      1     11      1      1   1119
      1     11      7      1     11      1     14      1      1   1298
      1     11      7      1     12      6      7      6      1   1767
      1     11      7      1     13      8      8      8      1   1074
      1     11      7      1     14      3      2      3      1   3096
      1     11      7      1     15      3      8      3      1   1106
      1     11      7      1     16      4     14      4      1   1866
      1     11      7      2      1      5     12      5      1    897
      1     11      7      2      2      3     11      3      1   2610
      1     11      7      2      3      4     13      6      0   5544
      1     11      7      2      4      7      7      7      1   1712
      1     11      7      2      5      8     15      8      1   1011
      1     11      7      2      6      4      5      4      1   2094
      1     11      7      2      7      1      2      1      1   1127
      1     11      7      2      8      2      6      2      1   1194
      1     11      7      2      9      6      8      6      1   1360
      1     11      7      2     10      6     10      7      0   1910
      1     11      7      2     11      2      2      2      1   1011
      1     11      7      2     12      5     16      5      1   1076
      1     11      7      2     13      1      9      1      1   1161
      1     11      7      2     14      7     16      3      0   4643
      1     11      7      2     15      3     14      6      0   4027
      1     11      7      2     16      8      3      8      1    960
      1     11      8      1      1      5      2      5      1   1249
      1     11      8      1      2      4     12      4      1   1998
      1     11      8      1      3      7     12      7      1   1489
      1     11      8      1      4      6     12      6      1   1241
      1     11      8      1      5      6     13      4      0   1546
      1     11      8      1      6      1      6      1      1   1014
      1     11      8      1      7      8     14      8      1   1044
      1     11      8      1      8      7     14      6      0   1569
      1     11      8      1      9      2     13      4      0   1844
      1     11      8      1     10      5     14      5      1    932
      1     11      8      1     11      3     15      3      1   2954
      1     11      8      1     12      4     10      3      0   1842
      1     11      8      1     13      1      1      1      1   1252
      1     11      8      1     14      3     10      1      0   1351
      1     11      8      1     15      2     16      8      0   2265
      1     11      8      1     16      8     16      8      1   1125
      1     11      8      2      1      4     11      4      1   2697
      1     11      8      2      2      7      8      7      1   1244
      1     11      8      2      3      8     10      8      1   1193
      1     11      8      2      4      7      5      7      1   2260
      1     11      8      2      5      2      4      2      1   1093
      1     11      8      2      6      1      4      1      1   1060
      1     11      8      2      7      6      9      6      1   1894
      1     11      8      2      8      8      9      8      1   1144
      1     11      8      2      9      3      9      3      1   1644
      1     11      8      2     10      4      1      3      0   4944
      1     11      8      2     11      6     11      6      1   4310
      1     11      8      2     12      5      8      5      1    977
      1     11      8      2     13      3      6      3      1   3944
      1     11      8      2     14      2     14      4      0   8043
      1     11      8      2     15      5      9      5      1    961
      1     11      8      2     16      1     16      1      1   1160
      1     11      9      1      1      5     10      5      1    996
      1     11      9      1      2      4     15      6      0   2631
      1     11      9      1      3      3     16      3      1   5420
      1     11      9      1      4      1      3      1      1   1103
      1     11      9      1      5      8      6      8      1   1344
      1     11      9      1      6      1      5      1      1   1008
      1     11      9      1      7      5      5      5      1   1079
      1     11      9      1      8      2      3      4      0   2589
      1     11      9      1      9      7      4      3      0   2071
      1     11      9      1     10      2      5      2      1   1042
      1     11      9      1     11      3     13      3      1   1498
      1     11      9      1     12      6     15      6      1   1165
      1     11      9      1     13      7     13      7      1    910
      1     11      9      1     14      6      3      6      1   1169
      1     11      9      1     15      4      3      4      1   4233
      1     11      9      1     16      8     13      8      1    980
      1     11      9      2      1      8      4      8      1   1463
      1     11      9      2      2      3     12      3      1   2594
      1     11      9      2      3      2      1      2      1   1512
      1     11      9      2      4      3      7      3      1   3795
      1     11      9      2      5      7     15      7      1   1094
      1     11      9      2      6      5      6      5      1   1061
      1     11      9      2      7      7      6      7      1   3012
      1     11      9      2      8      1     10      1      1   1427
      1     11      9      2      9      2      8      2      1   1859
      1     11      9      2     10      1      7      1      1   1127
      1     11      9      2     11      6      5      3      0   2309
      1     11      9      2     12      4      9      4      1   1676
      1     11      9      2     13      8      5      8      1   1276
      1     11      9      2     14      6     16      3      0   4743
      1     11      9      2     15      4     16      4      1   1944
      1     11      9      2     16      5      4      5      1    878
