      1    172      1      1      1      6      5      4      0   8312
      1    172      1      1      2      7     14      7      1   6478
      1    172      1      1      3      5      8      5      1   1482
      1    172      1      1      4      4      9      8      0   5792
      1    172      1      1      5      7      4      8      0   4115
      1    172      1      1      6      8     13      8      1   2239
      1    172      1      1      7      3     16      1      0   1905
      1    172      1      1      8      8      9      1      0   5927
      1    172      1      1      9      1      3      1      1   1836
      1    172      1      1     10      4      1      3      0   3964
      1    172      1      1     11      2      8      2      1   2262
      1    172      1      1     12      6     12      6      1   8597
      1    172      1      1     13      3      2      3      1  11946
      1    172      1      1     14      5      9      5      1   1295
      1    172      1      1     15      1     16      1      1   1625
      1    172      1      1     16      2     13      2      1   1779
      1    172      1      2      1      4      3      1      0   5182
      1    172      1      2      2      6      7      6      1   3741
      1    172      1      2      3      3      8      3      1   1915
      1    172      1      2      4      1      2      6      0  17943
      1    172      1      2      5      8      6      8      1   1180
      1    172      1      2      6      5      6      5      1   1197
      1    172      1      2      7      1      4      1      1   5159
      1    172      1      2      8      3     14      3      1   9395
      1    172      1      2      9      7     15      7      1   2947
      1    172      1      2     10      8      2      8      1   1777
      1    172      1      2     11      4     11      4      1   8014
      1    172      1      2     12      7      6      7      1   1814
      1    172      1      2     13      2     14      8      0   5159
      1    172      1      2     14      6     15      6      1   6659
      1    172      1      2     15      5      4      5      1   1309
      1    172      1      2     16      2      3      4      0   7080
      1    172      2      1      1      6      6      7      0  15814
      1    172      2      1      2      2      2      2      1   1588
      1    172      2      1      3      1     14      1      1   1892
      1    172      2      1      4      7      7      7      1   1835
      1    172      2      1      5      8      5      8      1   1257
      1    172      2      1      6      4     12      2      0   1997
      1    172      2      1      7      5     16      5      1   1217
      1    172      2      1      8      8      4      8      1   1112
      1    172      2      1      9      2      6      2      1   1196
      1    172      2      1     10      6     16      6      1   3442
      1    172      2      1     11      3     12      3      1   1754
      1    172      2      1     12      5      7      5      1   1055
      1    172      2      1     13      7     10      7      1   1506
      1    172      2      1     14      4      8      4      1   2269
      1    172      2      1     15      1      1      2      0   4891
      1    172      2      1     16      3     11      3      1   1497
      1    172      2      2      1      2      9      2      1   1027
      1    172      2      2      2      4     10      4      1   1093
      1    172      2      2      3      8     10      8      1   1214
      1    172      2      2      4      6     10      7      0   1261
      1    172      2      2      5      1     10      4      0   3361
      1    172      2      2      6      3     10      3      1   1827
      1    172      2      2      7      4     13      1      0   3126
      1    172      2      2      8      5     10      5      1   1077
      1    172      2      2      9      3      7      3      1   1327
      1    172      2      2     10      1      7      1      1   8226
      1    172      2      2     11      2     16      2      1   1328
      1    172      2      2     12      8      3      8      1   1131
      1    172      2      2     13      6      3      7      0   1277
      1    172      2      2     14      5      5      5      1   1231
      1    172      2      2     15      7      5      2      0   4314
      1    172      2      2     16      7      2      7      1   1110
      1    172      3      1      1      4     14      4      1   2588
      1    172      3      1      2      1      6      1      1   1109
      1    172      3      1      3      5     14      5      1   1018
      1    172      3      1      4      7     16      7      1   2008
      1    172      3      1      5      7      8      7      1   1291
      1    172      3      1      6      4     16      2      0   1071
      1    172      3      1      7      2      1      2      1    886
      1    172      3      1      8      8     14      8      1    980
      1    172      3      1      9      6      9      7      0   1159
      1    172      3      1     10      2      5      2      1   1503
      1    172      3      1     11      3     15      3      1   1862
      1    172      3      1     12      8      8      8      1   1206
      1    172      3      1     13      6     11      6      1   1384
      1    172      3      1     14      5     11      5      1   1046
      1    172      3      1     15      3      6      3      1   1340
      1    172      3      1     16      1      9      1      1   1577
      1    172      3      2      1      6      8      6      1   1242
      1    172      3      2      2      1      5      1      1   1331
      1    172      3      2      3      1     11      1      1   1580
      1    172      3      2      4      5      2      5      1    947
      1    172      3      2      5      7     13      7      1    925
      1    172      3      2      6      2      4      2      1    875
      1    172      3      2      7      3     13      3      1   1043
      1    172      3      2      8      6     13      6      1   2543
      1    172      3      2      9      8     16      8      1   1147
      1    172      3      2     10      7     12      7      1   1181
      1    172      3      2     11      8     15      8      1    959
      1    172      3      2     12      4     15      3      0   2709
      1    172      3      2     13      3      9      3      1   1127
      1    172      3      2     14      2     10      2      1    913
      1    172      3      2     15      5     12      5      1   1143
      1    172      3      2     16      4      5      4      1   5559
      1    172      4      1      1      8      5      8      1   1296
      1    172      4      1      2      1      1      4      0   6188
      1    172      4      1      3      1     14      6      0   1729
      1    172      4      1      4      4      8      4      1   2256
      1    172      4      1      5      3      2      3      1    878
      1    172      4      1      6      3      6      3      1   1519
      1    172      4      1      7      8     13      8      1    967
      1    172      4      1      8      6      9      7      0   1088
      1    172      4      1      9      5      8      5      1   1299
      1    172      4      1     10      5      7      5      1   1018
      1    172      4      1     11      6      6      6      1   5014
      1    172      4      1     12      7      8      7      1   1450
      1    172      4      1     13      7      4      7      1    872
      1    172      4      1     14      2      1      2      1    854
      1    172      4      1     15      2      6      2      1    954
      1    172      4      1     16      4     12      4      1   1138
      1    172      4      2      1      5      2      5      1   1009
      1    172      4      2      2      1     11      1      1   1110
      1    172      4      2      3      6     15      6      1   2876
      1    172      4      2      4      7      5      4      0   4364
      1    172      4      2      5      7     13      7      1   1326
      1    172      4      2      6      2      9      2      1   1060
      1    172      4      2      7      3     13      3      1    743
      1    172      4      2      8      2      3      1      0   1327
      1    172      4      2      9      4      3      1      0   2691
      1    172      4      2     10      8      6      8      1    895
      1    172      4      2     11      1      7      1      1   1243
      1    172      4      2     12      3     10      3      1   1681
      1    172      4      2     13      5      6      5      1   1380
      1    172      4      2     14      8     16      8      1   1177
      1    172      4      2     15      6      8      6      1   1130
      1    172      4      2     16      4     10      4      1   1743
      1    172      5      1      1      4     14      4      1   2617
      1    172      5      1      2      7     10      7      1   1240
      1    172      5      1      3      1      3      1      1   1588
      1    172      5      1      4      2      8      2      1    804
      1    172      5      1      5      8      8      8      1    994
      1    172      5      1      6      5     11      5      1   1192
      1    172      5      1      7      1      6      1      1   1195
      1    172      5      1      8      3     11      3      1   1077
      1    172      5      1      9      6      5      6      1   1598
      1    172      5      1     10      5      9      5      1   1036
      1    172      5      1     11      2      2      2      1   1110
      1    172      5      1     12      7     14      7      1   1563
      1    172      5      1     13      4      1      1      0   1827
      1    172      5      1     14      6     11      6      1   1120
      1    172      5      1     15      8     14      8      1    954
      1    172      5      1     16      3     12      3      1    839
      1    172      5      2      1      8      2      8      1   1226
      1    172      5      2      2      2      4      2      1    860
      1    172      5      2      3      3      9      3      1   1010
      1    172      5      2      4      2     16      2      1   1776
      1    172      5      2      5      3      7      3      1   1127
      1    172      5      2      6      5     12      5      1   1262
      1    172      5      2      7      6     13      6      1   1627
      1    172      5      2      8      1      4      1      1   1230
      1    172      5      2      9      4     15      1      0   2614
      1    172      5      2     10      5     10      5      1   1180
      1    172      5      2     11      7     12      7      1   1260
      1    172      5      2     12      7      6      7      1   1159
      1    172      5      2     13      4     11      4      1   4509
      1    172      5      2     14      6      7      6      1   1381
      1    172      5      2     15      8      3      8      1   1131
      1    172      5      2     16      1     10      1      1   1510
      1    172      6      1      1      8      4      8      1   1154
      1    172      6      1      2      6     12      6      1   3731
      1    172      6      1      3      2      5      2      1    916
      1    172      6      1      4      3     16      3      1    933
      1    172      6      1      5      6     16      6      1   1837
      1    172      6      1      6      5     14      5      1   1118
      1    172      6      1      7      1     16      1      1   1047
      1    172      6      1      8      2     13      2      1    830
      1    172      6      1      9      7     16      7      1   1011
      1    172      6      1     10      7      7      7      1   1117
      1    172      6      1     11      8      9      8      1   1248
      1    172      6      1     12      4      9      4      1   2240
      1    172      6      1     13      3     15      3      1   1629
      1    172      6      1     14      1      9      1      1   1265
      1    172      6      1     15      5     16      5      1   1210
      1    172      6      1     16      4     16      4      1   2159
      1    172      6      2      1      5      5      5      1   1243
      1    172      6      2      2      4     13      4      1   1393
      1    172      6      2      3      3      8      3      1    931
      1    172      6      2      4      6      3      7      0   1111
      1    172      6      2      5      8     10      8      1   1129
      1    172      6      2      6      1      5      1      1   1127
      1    172      6      2      7      2     14      4      0   1147
      1    172      6      2      8      7      2      7      1   1231
      1    172      6      2      9      4      5      4      1   1597
      1    172      6      2     10      5      4      5      1   1064
      1    172      6      2     11      2     10      2      1    893
      1    172      6      2     12      8     15      8      1   1131
      1    172      6      2     13      7     15      7      1   1144
      1    172      6      2     14      1      2      6      0   3678
      1    172      6      2     15      6     10      7      0    994
      1    172      6      2     16      3     14      3      1   1194
      1    172      7      1      1      1     16      1      1   1104
      1    172      7      1      2      2      2      2      1    795
      1    172      7      1      3      7      4      7      1   1033
      1    172      7      1      4      6      9      7      0    948
      1    172      7      1      5      4      1      1      0   3650
      1    172      7      1      6      8     14      8      1   1163
      1    172      7      1      7      7     14      7      1   1721
      1    172      7      1      8      5     16      5      1   1053
      1    172      7      1      9      4      8      4      1   1167
      1    172      7      1     10      5     11      5      1   1099
      1    172      7      1     11      3     11      3      1   1125
      1    172      7      1     12      3      2      3      1   2549
      1    172      7      1     13      8      4      8      1    948
      1    172      7      1     14      1      1      1      1   3277
      1    172      7      1     15      6     12      6      1   1499
      1    172      7      1     16      2      5      2      1   1219
      1    172      7      2      1      8     15      8      1   1109
      1    172      7      2      2      7     15      7      1   1513
      1    172      7      2      3      1      7      1      1   2310
      1    172      7      2      4      6     15      6      1   1227
      1    172      7      2      5      8      3      8      1   1530
      1    172      7      2      6      6      3      7      0   1147
      1    172      7      2      7      4     13      4      1   2464
      1    172      7      2      8      1      4      1      1   1514
      1    172      7      2      9      2     10      2      1   1176
      1    172      7      2     10      4      5      4      1   2060
      1    172      7      2     11      3     14      3      1   1010
      1    172      7      2     12      5      4      5      1   1131
      1    172      7      2     13      3      9      3      1    827
      1    172      7      2     14      7     12      7      1   1131
      1    172      7      2     15      2      4      2      1    909
      1    172      7      2     16      5      2      5      1   1014
      1    172      8      1      1      8      5      8      1    884
      1    172      8      1      2      6      6      6      1   2167
      1    172      8      1      3      5      9      5      1   1286
      1    172      8      1      4      7     10      7      1    969
      1    172      8      1      5      1     14      6      0   3184
      1    172      8      1      6      4     12      2      0    867
      1    172      8      1      7      3     16      3      1   1277
      1    172      8      1      8      2     13      2      1    783
      1    172      8      1      9      1      6      1      1   1214
      1    172      8      1     10      2      1      2      1   1133
      1    172      8      1     11      3     12      3      1   1010
      1    172      8      1     12      7      8      7      1   1392
      1    172      8      1     13      6     11      6      1   1039
      1    172      8      1     14      4      9      4      1   1501
      1    172      8      1     15      8      8      8      1   1142
      1    172      8      1     16      5      7      5      1   1203
      1    172      8      2      1      1      2      1      1  15090
      1    172      8      2      2      4     15      1      0   7425
      1    172      8      2      3      5      5      5      1   1429
      1    172      8      2      4      7      5      4      0   3876
      1    172      8      2      5      4      3      4      1   1542
      1    172      8      2      6      5     10      5      1   1098
      1    172      8      2      7      6     10      7      0   1061
      1    172      8      2      8      8     10      8      1   1010
      1    172      8      2      9      7     13      7      1   1009
      1    172      8      2     10      3     10      3      1   1181
      1    172      8      2     11      2      3      7      0   2476
      1    172      8      2     12      8     16      8      1    996
      1    172      8      2     13      2      9      2      1    747
      1    172      8      2     14      1     10      1      1   2977
      1    172      8      2     15      6     13      6      1   1546
      1    172      8      2     16      3      7      3      1    910
      1    172      9      1      1      5      8      5      1   2406
      1    172      9      1      2      7     16      7      1   1288
      1    172      9      1      3      2      8      2      1    910
      1    172      9      1      4      6     16      6      1   1261
      1    172      9      1      5      8     13      8      1   1251
      1    172      9      1      6      5     14      5      1   1502
      1    172      9      1      7      2      6      2      1   1176
      1    172      9      1      8      8      9      8      1    938
      1    172      9      1      9      4     16      4      1   1801
      1    172      9      1     10      1      3      1      1   1177
      1    172      9      1     11      6      5      6      1   1194
      1    172      9      1     12      1      9      1      1   2532
      1    172      9      1     13      3     15      3      1   1023
      1    172      9      1     14      4     14      4      1   1762
      1    172      9      1     15      3      6      3      1    993
      1    172      9      1     16      7      7      7      1   1231
      1    172      9      2      1      5      6      5      1   1176
      1    172      9      2      2      6      8      6      1   1209
      1    172      9      2      3      5     12      5      1   1011
      1    172      9      2      4      2     14      4      0   1060
      1    172      9      2      5      1      5      1      1   1044
      1    172      9      2      6      8      6      8      1    826
      1    172      9      2      7      4     10      4      1   1629
      1    172      9      2      8      2     16      2      1    914
      1    172      9      2      9      6      7      6      1    943
      1    172      9      2     10      3     13      3      1    964
      1    172      9      2     11      1     11      1      1    948
      1    172      9      2     12      3      8      3      1    777
      1    172      9      2     13      8      2      8      1   1026
      1    172      9      2     14      4     11      4      1   1377
      1    172      9      2     15      7      6      7      1    981
      1    172      9      2     16      7      2      7      1   1164
