      1     53      1      1      1      6     16      2      0   8845
      1     53      1      1      2      7      8      4      0   3399
      1     53      1      1      3      3     12      1      0   6272
      1     53      1      1      4      4     12      4      1   3732
      1     53      1      1      5      8      8      8      1   5043
      1     53      1      1      6      3     16      1      0   5771
      1     53      1      1      7      1     11      1      1   6350
      1     53      1      1      8      8      3      8      1   3779
      1     53      1      1      9      6     10      2      0   7087
      1     53      1      1     10      5      2      5      1   3112
      1     53      1      1     11      5      4      5      1   1651
      1     53      1      1     12      1      7      7      0   8167
      1     53      1      1     13      4      9      4      1   4896
      1     53      1      1     14      2      2      7      0   6078
      1     53      1      1     15      7     13      6      0   6835
      1     53      1      1     16      2     13      4      0   6183
      1     53      1      2      1      7     15      8      0   3886
      1     53      1      2      2      4      5      7      0  11873
      1     53      1      2      3      8      6      6      0  17962
      1     53      1      2      4      5     10      5      1   1711
      1     53      1      2      5      7     10      8      0   5535
      1     53      1      2      6      5      6      5      1   2515
      1     53      1      2      7      3     13      3      1   8456
      1     53      1      2      8      6     13      6      1   7250
      1     53      1      2      9      8     15      4      0   9386
      1     53      1      2     10      6     11      5      0   6970
      1     53      1      2     11      2      5      2      1   2162
      1     53      1      2     12      4     10      2      0   8889
      1     53      1      2     13      1      4      1      1   1698
      1     53      1      2     14      1      9      3      0   3300
      1     53      1      2     15      2     10      7      0   2340
      1     53      1      2     16      3     15      3      1   3729
      1     53      2      1      1      8      4      8      1   6548
      1     53      2      1      2      5      5      5      1   1439
      1     53      2      1      3      6     15      6      1   3955
      1     53      2      1      4      7     12      3      0   2430
      1     53      2      1      5      4     13      2      0   2460
      1     53      2      1      6      3     11      3      1   3634
      1     53      2      1      7      1      1      2      0   1674
      1     53      2      1      8      5     14      5      1   1234
      1     53      2      1      9      8      5      8      1   1816
      1     53      2      1     10      2      3      2      1   5566
      1     53      2      1     11      2      4      1      0   2919
      1     53      2      1     12      1     10      1      1   1749
      1     53      2      1     13      3      8      3      1   2621
      1     53      2      1     14      6      9      6      1   5035
      1     53      2      1     15      7      6      7      1   5171
      1     53      2      1     16      4     11      2      0   3649
      1     53      2      2      1      8     10      8      1   2903
      1     53      2      2      2      5      7      5      1   2282
      1     53      2      2      3      6      6      6      1  19401
      1     53      2      2      4      6     12      4      0   2516
      1     53      2      2      5      7      2      7      1   4998
      1     53      2      2      6      4      1      2      0   4852
      1     53      2      2      7      4     15      1      0   6219
      1     53      2      2      8      3     14      3      1   3384
      1     53      2      2      9      5      8      5      1   1399
      1     53      2      2     10      1     14      4      0   2517
      1     53      2      2     11      7      5      7      1   5903
      1     53      2      2     12      8     16      8      1   1610
      1     53      2      2     13      2      8      2      1   5852
      1     53      2      2     14      1     16      6      0   5353
      1     53      2      2     15      3      9      3      1   1583
      1     53      2      2     16      2     14      8      0   3280
      1     53      3      1      1      2      6      2      1   2248
      1     53      3      1      2      7     14      7      1   3580
      1     53      3      1      3      3      6      3      1   2001
      1     53      3      1      4      5     12      5      1   1195
      1     53      3      1      5      8      9      8      1   1561
      1     53      3      1      6      4      3      4      1   7735
      1     53      3      1      7      8     14      8      1   1752
      1     53      3      1      8      7     16      7      1   1923
      1     53      3      1      9      4     16      1      0   7061
      1     53      3      1     10      3     10      3      1   2428
      1     53      3      1     11      6      5      6      1   7472
      1     53      3      1     12      1      3      1      1   3268
      1     53      3      1     13      2      1      2      1   1968
      1     53      3      1     14      6      3      7      0   1735
      1     53      3      1     15      5      9      5      1   1347
      1     53      3      1     16      1      6      1      1  10343
      1     53      3      2      1      6      8      6      1   5623
      1     53      3      2      2      3      7      3      1   8639
      1     53      3      2      3      4      8      4      1   5436
      1     53      3      2      4      3      2      3      1   2249
      1     53      3      2      5      2     16      1      0   7971
      1     53      3      2      6      1      2      1      1  11103
      1     53      3      2      7      7      7      7      1   2700
      1     53      3      2      8      8      2      8      1   1998
      1     53      3      2      9      1      5      6      0   6649
      1     53      3      2     10      5     11      5      1   1065
      1     53      3      2     11      2      9      2      1   2111
      1     53      3      2     12      7      4      7      1   6215
      1     53      3      2     13      5     16      5      1   1265
      1     53      3      2     14      8     13      8      1   3550
      1     53      3      2     15      4     14      1      0   4247
      1     53      3      2     16      6      7      6      1   2066
      1     53      4      1      1      2      2      2      1   1091
      1     53      4      1      2      8     14      8      1   1202
      1     53      4      1      3      5      5      5      1   1929
      1     53      4      1      4      4     13      6      0   6564
      1     53      4      1      5      3     11      3      1   1687
      1     53      4      1      6      7     14      7      1   3784
      1     53      4      1      7      6      3      7      0   1867
      1     53      4      1      8      5      2      5      1   1584
      1     53      4      1      9      8      9      8      1   1191
      1     53      4      1     10      7     13      7      1   1188
      1     53      4      1     11      3     10      3      1   1609
      1     53      4      1     12      4      9      4      1   2329
      1     53      4      1     13      1      7      1      1   3667
      1     53      4      1     14      1     11      1      1   5030
      1     53      4      1     15      2      3      4      0   6206
      1     53      4      1     16      6     10      6      1   1944
      1     53      4      2      1      3     15      3      1   1652
      1     53      4      2      2      3      2      3      1   1943
      1     53      4      2      3      6      6      6      1   6336
      1     53      4      2      4      2      5      2      1   1532
      1     53      4      2      5      1     14      1      1   2166
      1     53      4      2      6      8      6      8      1   1448
      1     53      4      2      7      2     14      8      0   5085
      1     53      4      2      8      5     10      5      1   1715
      1     53      4      2      9      4     15      4      1   9189
      1     53      4      2     10      7     15      7      1   4158
      1     53      4      2     11      5      7      5      1   1164
      1     53      4      2     12      1      9      2      0   2116
      1     53      4      2     13      6     12      6      1   3433
      1     53      4      2     14      7     10      7      1   2516
      1     53      4      2     15      8     10      8      1   1399
      1     53      4      2     16      4      1      1      0   1865
      1     53      5      1      1      3     16      3      1   3104
      1     53      5      1      2      6      9      6      1   5432
      1     53      5      1      3      3      6      3      1   2235
      1     53      5      1      4      7     12      7      1   5162
      1     53      5      1      5      5     12      5      1   1690
      1     53      5      1      6      8      4      8      1   1509
      1     53      5      1      7      6     16      6      1   3523
      1     53      5      1      8      1      1      2      0   4311
      1     53      5      1      9      8      8      8      1   1441
      1     53      5      1     10      2      1      2      1   1147
      1     53      5      1     11      4     12      2      0   3639
      1     53      5      1     12      4     16      1      0   7823
      1     53      5      1     13      5      9      5      1   1373
      1     53      5      1     14      2      4      2      1   1015
      1     53      5      1     15      7     16      6      0   2907
      1     53      5      1     16      1      3      2      0   7616
      1     53      5      2      1      8     13      8      1   2067
      1     53      5      2      2      2      9      2      1   1249
      1     53      5      2      3      6     13      6      1   3317
      1     53      5      2      4      3     13      3      1   2095
      1     53      5      2      5      4     14      4      1   2833
      1     53      5      2      6      3      7      3      1   1794
      1     53      5      2      7      8      2      8      1   1432
      1     53      5      2      8      6      7      6      1   1231
      1     53      5      2      9      2     16      1      0   2033
      1     53      5      2     10      1      5      6      0   2310
      1     53      5      2     11      7      2      7      1   1465
      1     53      5      2     12      4      5      4      1   6670
      1     53      5      2     13      5      6      5      1   1131
      1     53      5      2     14      5      8      5      1   1432
      1     53      5      2     15      1      4      1      1   3366
      1     53      5      2     16      7      5      7      1   2399
      1     53      6      1      1      7      6      7      1   2231
      1     53      6      1      2      8      5      8      1   1457
      1     53      6      1      3      1      6      4      0   5653
      1     53      6      1      4      3      8      3      1   1842
      1     53      6      1      5      6     15      6      1   2325
      1     53      6      1      6      7      8      7      1   1432
      1     53      6      1      7      3     12      3      1   1507
      1     53      6      1      8      1     10      4      0   3103
      1     53      6      1      9      4     11      2      0   2256
      1     53      6      1     10      5     14      5      1   1562
      1     53      6      1     11      8      3      8      1   1478
      1     53      6      1     12      4      3      4      1   4801
      1     53      6      1     13      2      6      2      1   1195
      1     53      6      1     14      2     13      2      1   2354
      1     53      6      1     15      6      5      6      1   1662
      1     53      6      1     16      5      4      5      1   1264
      1     53      6      2      1      5     11      5      1   1268
      1     53      6      2      2      6      8      6      1   1260
      1     53      6      2      3      5     16      5      1   1227
      1     53      6      2      4      8     16      8      1   1831
      1     53      6      2      5      1     16      1      1   6437
      1     53      6      2      6      8     15      8      1   1945
      1     53      6      2      7      6     11      6      1   2398
      1     53      6      2      8      7      7      7      1   1748
      1     53      6      2      9      4      8      4      1  12142
      1     53      6      2     10      3     14      3      1   3913
      1     53      6      2     11      7      4      7      1   2483
      1     53      6      2     12      4     10      1      0   4396
      1     53      6      2     13      1      2      6      0   3401
      1     53      6      2     14      2     10      2      1   1699
      1     53      6      2     15      2      8      2      1   1048
      1     53      6      2     16      3      9      3      1   1099
      1     53      7      1      1      2      4      2      1   1013
      1     53      7      1      2      5      5      5      1   1615
      1     53      7      1      3      4     13      1      0   2754
      1     53      7      1      4      7     13      7      1   1812
      1     53      7      1      5      8      3      8      1   1635
      1     53      7      1      6      1      1      4      0   3605
      1     53      7      1      7      6     16      6      1   1750
      1     53      7      1      8      2      3      4      0   4020
      1     53      7      1      9      1     10      1      1   3817
      1     53      7      1     10      8      8      8      1   1362
      1     53      7      1     11      3      8      3      1   1096
      1     53      7      1     12      4     11      2      0   2600
      1     53      7      1     13      6      9      6      1   2573
      1     53      7      1     14      7     16      7      1   1610
      1     53      7      1     15      3     10      3      1   2410
      1     53      7      1     16      5      2      5      1   1165
      1     53      7      2      1      8     16      8      1   1151
      1     53      7      2      2      1      4      1      1   3567
      1     53      7      2      3      8     15      8      1   1515
      1     53      7      2      4      4      8      1      0   5314
      1     53      7      2      5      7     15      7      1   1494
      1     53      7      2      6      2     10      2      1   1293
      1     53      7      2      7      1      9      4      0   6020
      1     53      7      2      8      3     14      3      1   1382
      1     53      7      2      9      4     14      1      0   8321
      1     53      7      2     10      2     14      8      0   1399
      1     53      7      2     11      5      7      5      1   1048
      1     53      7      2     12      6     13      6      1   1399
      1     53      7      2     13      5     10      5      1   1482
      1     53      7      2     14      3     15      3      1   1281
      1     53      7      2     15      7      5      7      1   2015
      1     53      7      2     16      6      7      6      1   1581
      1     53      8      1      1      3     16      3      1   1163
      1     53      8      1      2      1      6      1      1   3206
      1     53      8      1      3      4     12      4      1   2341
      1     53      8      1      4      1     11      1      1   2141
      1     53      8      1      5      3     12      3      1   1014
      1     53      8      1      6      2     13      2      1   1471
      1     53      8      1      7      6     10      6      1   1248
      1     53      8      1      8      2      6      2      1   1041
      1     53      8      1      9      7     12      7      1   2099
      1     53      8      1     10      7     14      7      1   3961
      1     53      8      1     11      4      9      4      1   5409
      1     53      8      1     12      8      4      8      1   1303
      1     53      8      1     13      6      5      6      1   7797
      1     53      8      1     14      8      5      8      1   1399
      1     53      8      1     15      5     14      5      1   1096
      1     53      8      1     16      5      4      5      1   1750
      1     53      8      2      1      7      7      7      1   2569
      1     53      8      2      2      2      5      2      1   1381
      1     53      8      2      3      6      6      6      1   3150
      1     53      8      2      4      7      4      6      0  11954
      1     53      8      2      5      4      5      1      0   7822
      1     53      8      2      6      2      8      2      1   1191
      1     53      8      2      7      5     11      5      1   1064
      1     53      8      2      8      1     16      1      1   1733
      1     53      8      2      9      3      7      3      1   1114
      1     53      8      2     10      6      8      6      1   1382
      1     53      8      2     11      1      5      1      1   1598
      1     53      8      2     12      5     16      5      1   1227
      1     53      8      2     13      3      2      3      1   1365
      1     53      8      2     14      8     13      8      1   1209
      1     53      8      2     15      4      1      1      0   3917
      1     53      8      2     16      8      2      8      1   1449
      1     53      9      1      1      2      1      2      1   1219
      1     53      9      1      2      6     15      6      1   1187
      1     53      9      1      3      2      2      2      1   1408
      1     53      9      1      4      1      7      3      0   1811
      1     53      9      1      5      4      3      4      1   2024
      1     53      9      1      6      6      3      6      1   1218
      1     53      9      1      7      7      6      7      1   4909
      1     53      9      1      8      8     14      8      1   1260
      1     53      9      1      9      4     16      4      1   2543
      1     53      9      1     10      7      8      7      1   2410
      1     53      9      1     11      5     12      5      1   1223
      1     53      9      1     12      3     11      3      1   1862
      1     53      9      1     13      5      9      5      1   1170
      1     53      9      1     14      1      3      1      1   2765
      1     53      9      1     15      8      9      8      1   1490
      1     53      9      1     16      3      6      3      1   1067
      1     53      9      2      1      4     10      1      0   9509
      1     53      9      2      2      1     14      1      1   2816
      1     53      9      2      3      1      2      1      1   3750
      1     53      9      2      4      3     13      3      1   1615
      1     53      9      2      5      8      6      8      1   1143
      1     53      9      2      6      2      9      2      1   1010
      1     53      9      2      7      6     11      6      1   1314
      1     53      9      2      8      5      8      5      1   2665
      1     53      9      2      9      5      6      5      1   1281
      1     53      9      2     10      7      2      7      1   1865
      1     53      9      2     11      2     16      4      0   1945
      1     53      9      2     12      6     12      6      1   2900
      1     53      9      2     13      3      9      3      1   1465
      1     53      9      2     14      8     10      8      1   1811
      1     53      9      2     15      4     15      4      1   5585
      1     53      9      2     16      7     10      7      1   2080
