      1     19      1      1      1      5      9      5      1   4000
      1     19      1      1      2      5     12      3      0   5500
      1     19      1      1      3      4      9      2      0   4781
      1     19      1      1      4      2      6      4      0   4806
      1     19      1      1      5      3      6      7      0   4090
      1     19      1      1      6      4      5      6      0   5621
      1     19      1      1      7      8      9      8      1   2841
      1     19      1      1      8      6     11      6      1   6125
      1     19      1      1      9      7     12      1      0   2067
      1     19      1      1     10      7      4      8      0   6100
      1     19      1      1     11      1     11      1      1   6797
      1     19      1      1     12      3     12      6      0   4149
      1     19      1      1     13      1      9      2      0   2309
      1     19      1      1     14      6      5      3      0   3451
      1     19      1      1     15      2     14      8      0   4732
      1     19      1      1     16      8      6      8      1   7190
      1     19      1      2      1      5      6      5      1   6577
      1     19      1      2      2      1     14      1      1   4044
      1     19      1      2      3      6      7      7      0   2426
      1     19      1      2      4      2      9      2      1   1493
      1     19      1      2      5      2      4      5      0   2458
      1     19      1      2      6      7     10      4      0   2877
      1     19      1      2      7      1      5      1      1   5177
      1     19      1      2      8      8     16      8      1   3293
      1     19      1      2      9      3     13      3      1   4495
      1     19      1      2     10      5      4      5      1   1577
      1     19      1      2     11      8      3      8      1   2078
      1     19      1      2     12      6     13      6      1   2629
      1     19      1      2     13      7      8      3      0   1395
      1     19      1      2     14      4     16      5      0   4943
      1     19      1      2     15      3     16      2      0   1677
      1     19      1      2     16      4     14      5      0   2211
      1     19      2      1      1      4      1      2      0   2860
      1     19      2      1      2      8     10      8      1   2061
      1     19      2      1      3      6     12      3      0   7162
      1     19      2      1      4      1      2      2      0   1845
      1     19      2      1      5      5      7      5      1   2663
      1     19      2      1      6      7     15      7      1   2677
      1     19      2      1      7      8      8      8      1   3841
      1     19      2      1      8      3      9      3      1   1708
      1     19      2      1      9      5      5      5      1   1927
      1     19      2      1     10      2     16      2      1   3159
      1     19      2      1     11      6      3      7      0   2673
      1     19      2      1     12      4     11      5      0   3925
      1     19      2      1     13      7      6      6      0   7884
      1     19      2      1     14      3     10      1      0   2092
      1     19      2      1     15      1     16      2      0   2014
      1     19      2      1     16      2      2      2      1   5429
      1     19      2      2      1      8     15      8      1   2180
      1     19      2      2      2      7      5      3      0   5362
      1     19      2      2      3      2      1      5      0   3661
      1     19      2      2      4      3     15      3      1   2478
      1     19      2      2      5      4     15      2      0   2327
      1     19      2      2      6      7      2      7      1   1445
      1     19      2      2      7      1      6      1      1   1477
      1     19      2      2      8      8     14      8      1   1344
      1     19      2      2      9      2      8      5      0   1494
      1     19      2      2     10      6      6      6      1   2311
      1     19      2      2     11      4      8      5      0   2194
      1     19      2      2     12      3      8      3      1   7611
      1     19      2      2     13      5     10      5      1   1794
      1     19      2      2     14      1     10      1      1   2612
      1     19      2      2     15      5     11      5      1   1311
      1     19      2      2     16      6      9      7      0   2177
      1     19      3      1      1      1      4      1      1   1549
      1     19      3      1      2      1      7      3      0   3068
      1     19      3      1      3      5     14      5      1   1644
      1     19      3      1      4      2     13      5      0   1390
      1     19      3      1      5      6      8      7      0   5081
      1     19      3      1      6      3     14      2      0   1540
      1     19      3      1      7      7     14      4      0   2739
      1     19      3      1      8      2     10      2      1   3131
      1     19      3      1      9      3      7      7      0   2515
      1     19      3      1     10      5     16      5      1   1360
      1     19      3      1     11      4      3      2      0   2932
      1     19      3      1     12      8     13      8      1   1165
      1     19      3      1     13      4     10      5      0   1703
      1     19      3      1     14      6     16      6      1   3507
      1     19      3      1     15      8      4      8      1   1387
      1     19      3      1     16      7      7      3      0   4820
      1     19      3      2      1      3      2      3      1   6563
      1     19      3      2      2      4     12      2      0   1760
      1     19      3      2      3      4     13      4      1   3512
      1     19      3      2      4      2      3      2      1   1643
      1     19      3      2      5      5      2      5      1   1394
      1     19      3      2      6      7     16      2      0   6044
      1     19      3      2      7      8      2      8      1   1544
      1     19      3      2      8      6     10      7      0   5194
      1     19      3      2      9      2      5      2      1   2778
      1     19      3      2     10      8      5      8      1   1461
      1     19      3      2     11      1      1      4      0   1644
      1     19      3      2     12      3     11      4      0   3711
      1     19      3      2     13      5      8      5      1   1244
      1     19      3      2     14      1      3      1      1   1761
      1     19      3      2     15      7     13      6      0   1927
      1     19      3      2     16      6     15      7      0   3678
      1     19      4      1      1      3     14      3      1   4695
      1     19      4      1      2      3     10      4      0   5479
      1     19      4      1      3      2     10      2      1   1745
      1     19      4      1      4      2      6      5      0   2281
      1     19      4      1      5      1      4      1      1   1736
      1     19      4      1      6      8      6      8      1   1058
      1     19      4      1      7      5     16      5      1   1412
      1     19      4      1      8      7      6      7      1   2950
      1     19      4      1      9      6     16      6      1   4514
      1     19      4      1     10      4      1      4      1   2761
      1     19      4      1     11      4     10      5      0   2585
      1     19      4      1     12      8      8      8      1   1066
      1     19      4      1     13      5     14      5      1   1767
      1     19      4      1     14      7      4      6      0   4658
      1     19      4      1     15      1      9      1      1   1783
      1     19      4      1     16      6      3      7      0   3453
      1     19      4      2      1      1     10      1      1   1877
      1     19      4      2      2      2      3      1      0   4610
      1     19      4      2      3      6      7      7      0   2764
      1     19      4      2      4      3     16      3      1   4678
      1     19      4      2      5      4     16      2      0   1827
      1     19      4      2      6      4     13      2      0   1294
      1     19      4      2      7      6     10      6      1   3177
      1     19      4      2      8      5      4      5      1   1344
      1     19      4      2      9      7      8      3      0   4728
      1     19      4      2     10      8     15      8      1   1861
      1     19      4      2     11      7      5      6      0   3360
      1     19      4      2     12      1      5      1      1   3293
      1     19      4      2     13      2      1      2      1   1627
      1     19      4      2     14      5      2      5      1   1294
      1     19      4      2     15      8     16      8      1   1394
      1     19      4      2     16      3     13      4      0   2528
      1     19      5      1      1      5     12      5      1   1172
      1     19      5      1      2      3     12      3      1   3956
      1     19      5      1      3      1      7      1      1   2090
      1     19      5      1      4      4     11      2      0   2014
      1     19      5      1      5      1     11      1      1   5316
      1     19      5      1      6      5      7      5      1   1244
      1     19      5      1      7      3      9      4      0   2392
      1     19      5      1      8      2     14      2      1   2298
      1     19      5      1      9      8     13      8      1   1021
      1     19      5      1     10      7     15      6      0   3445
      1     19      5      1     11      6     12      4      0   3687
      1     19      5      1     12      2      2      2      1   1631
      1     19      5      1     13      7     14      3      0   3512
      1     19      5      1     14      6     11      6      1   4474
      1     19      5      1     15      4      9      5      0   2713
      1     19      5      1     16      8      4      8      1   1052
      1     19      5      2      1      6      6      7      0   5913
      1     19      5      2      2      7      2      7      1   1679
      1     19      5      2      3      3     11      4      0   4410
      1     19      5      2      4      2      4      2      1   1277
      1     19      5      2      5      6      9      7      0   3177
      1     19      5      2      6      5     11      5      1   1461
      1     19      5      2      7      4      8      2      0   1294
      1     19      5      2      8      1      3      1      1   1996
      1     19      5      2      9      5      8      5      1   1877
      1     19      5      2     10      3      8      3      1   1943
      1     19      5      2     11      1      1      4      0   3843
      1     19      5      2     12      8     14      8      1   1193
      1     19      5      2     13      7     16      2      0   2111
      1     19      5      2     14      8      2      8      1   1577
      1     19      5      2     15      4     14      2      0   3329
      1     19      5      2     16      2      8      2      1   8226
      1     19      6      1      1      8     10      8      1   1617
      1     19      6      1      2      1     16      4      0   5873
      1     19      6      1      3      2     13      2      1   1928
      1     19      6      1      4      6      8      6      1   2455
      1     19      6      1      5      5      5      5      1   2231
      1     19      6      1      6      3      7      3      1   8848
      1     19      6      1      7      6      5      6      1   3215
      1     19      6      1      8      7     12      3      0   3970
      1     19      6      1      9      3      6      3      1   1271
      1     19      6      1     10      5      9      5      1   1213
      1     19      6      1     11      2     16      2      1   1231
      1     19      6      1     12      8      9      8      1   1100
      1     19      6      1     13      4      5      4      1   5338
      1     19      6      1     14      4      3      3      0   2207
      1     19      6      1     15      7      7      7      1   2341
      1     19      6      1     16      1      2      1      1   1415
      1     19      6      2      1      4     15      4      1   7330
      1     19      6      2      2      7     13      7      1   1861
      1     19      6      2      3      4     12      4      1   3578
      1     19      6      2      4      1      6      1      1   1243
      1     19      6      2      5      2      9      2      1   1227
      1     19      6      2      6      1     14      7      0   4277
      1     19      6      2      7      6     13      6      1   4094
      1     19      6      2      8      5      6      5      1   1295
      1     19      6      2      9      2      5      2      1   2793
      1     19      6      2     10      6     15      6      1   2160
      1     19      6      2     11      5     10      5      1   1411
      1     19      6      2     12      8      3      8      1    895
      1     19      6      2     13      7     10      7      1  10161
      1     19      6      2     14      8      5      8      1   1012
      1     19      6      2     15      3      2      3      1   3928
      1     19      6      2     16      3     15      4      0   6594
      1     19      7      1      1      7     15      7      1   2060
      1     19      7      1      2      6      8      6      1    971
      1     19      7      1      3      3     10      3      1   3355
      1     19      7      1      4      1      9      1      1   1426
      1     19      7      1      5      2     16      2      1   1610
      1     19      7      1      6      3     14      4      0   4848
      1     19      7      1      7      5     14      5      1   3429
      1     19      7      1      8      7      6      7      1   2059
      1     19      7      1      9      5     16      5      1   1066
      1     19      7      1     10      1     11      1      1   1115
      1     19      7      1     11      2     10      2      1   1235
      1     19      7      1     12      8      8      8      1   1029
      1     19      7      1     13      4     10      4      1   2067
      1     19      7      1     14      4      5      4      1  10862
      1     19      7      1     15      8      4      8      1    992
      1     19      7      1     16      6     16      6      1   3117
      1     19      7      2      1      1     10      1      1   1630
      1     19      7      2      2      5      6      5      1   1411
      1     19      7      2      3      7      5      7      1   5060
      1     19      7      2      4      5     10      5      1   1411
      1     19      7      2      5      1      3      1      1   1327
      1     19      7      2      6      6      7      6      1   6010
      1     19      7      2      7      6     13      6      1   3028
      1     19      7      2      8      8      3      8      1   1044
      1     19      7      2      9      7     10      7      1   2329
      1     19      7      2     10      3     16      3      1   2661
      1     19      7      2     11      2      4      2      1   1045
      1     19      7      2     12      2      3      4      0   3878
      1     19      7      2     13      3     13      3      1   3094
      1     19      7      2     14      4     14      4      1   1745
      1     19      7      2     15      8     16      8      1   1126
      1     19      7      2     16      4     13      2      0   4544
      1     19      8      1      1      1      7      1      1   2681
      1     19      8      1      2      7     14      7      1   3682
      1     19      8      1      3      2     13      2      1   2332
      1     19      8      1      4      5      9      5      1   1032
      1     19      8      1      5      3      9      3      1   4025
      1     19      8      1      6      5      5      5      1   1264
      1     19      8      1      7      3     12      3      1   2506
      1     19      8      1      8      8     10      8      1   1389
      1     19      8      1      9      4      1      4      1   4237
      1     19      8      1     10      8      6      8      1   1011
      1     19      8      1     11      1      4      1      1   1866
      1     19      8      1     12      7      4      7      1   2083
      1     19      8      1     13      2     14      2      1   1608
      1     19      8      1     14      6      5      6      1   2870
      1     19      8      1     15      6     11      6      1   2833
      1     19      8      1     16      4      3      4      1   2349
      1     19      8      2      1      5      8      5      1   1113
      1     19      8      2      2      6      9      6      1   5961
      1     19      8      2      3      7     16      4      0   5578
      1     19      8      2      4      8     14      8      1   1040
      1     19      8      2      5      2      8      2      1   1893
      1     19      8      2      6      1      6      1      1   1945
      1     19      8      2      7      6     15      6      1   1710
      1     19      8      2      8      3     15      3      1   2643
      1     19      8      2      9      2      5      2      1   1309
      1     19      8      2     10      7      8      7      1   1610
      1     19      8      2     11      4     15      2      0   3827
      1     19      8      2     12      5      4      5      1   1344
      1     19      8      2     13      3      8      3      1   4627
      1     19      8      2     14      8      5      8      1   1245
      1     19      8      2     15      1     14      6      0   6276
      1     19      8      2     16      4     16      2      0   2211
      1     19      9      1      1      7      7      7      1   3154
      1     19      9      1      2      1      2      1      1   1130
      1     19      9      1      3      5     12      5      1   1137
      1     19      9      1      4      1     16      1      1   1408
      1     19      9      1      5      4      9      4      1   3739
      1     19      9      1      6      6      3      6      1   1998
      1     19      9      1      7      5      7      5      1   1060
      1     19      9      1      8      4     11      2      0   3149
      1     19      9      1      9      2      2      2      1   1027
      1     19      9      1     10      3      6      3      1   1194
      1     19      9      1     11      3      7      3      1   1799
      1     19      9      1     12      6     12      6      1   1615
      1     19      9      1     13      7     12      7      1   2089
      1     19      9      1     14      8      9      8      1   1275
      1     19      9      1     15      2      6      2      1   2202
      1     19      9      1     16      8     13      8      1    991
      1     19      9      2      1      6     10      6      1   3097
      1     19      9      2      2      3     11      3      1   2065
      1     19      9      2      3      2      1      2      1   1112
      1     19      9      2      4      7     13      7      1   1511
      1     19      9      2      5      2      9      2      1   1377
      1     19      9      2      6      3      2      3      1   1228
      1     19      9      2      7      5      2      5      1   1127
      1     19      9      2      8      7      2      7      1   1344
      1     19      9      2      9      6      6      6      1   1527
      1     19      9      2     10      8      2      8      1   1011
      1     19      9      2     11      4     12      4      1   1695
      1     19      9      2     12      5     11      5      1   1160
      1     19      9      2     13      1      5      1      1   1262
      1     19      9      2     14      4      8      4      1  12228
      1     19      9      2     15      1      1      4      0   6243
      1     19      9      2     16      8     15      8      1    993
