      1    156      1      1      1      1      3      4      0   3200
      1    156      1      1      2      5      2      5      1   3901
      1    156      1      1      3      7     14      2      0   1221
      1    156      1      1      4      8      5      8      1   2355
      1    156      1      1      5      3      6      4      0   4703
      1    156      1      1      6      6     12      4      0   1981
      1    156      1      1      7      5     16      7      0   4424
      1    156      1      1      8      4      9      3      0   2581
      1    156      1      1      9      7     15      6      0   2547
      1    156      1      1     10      2      3      3      0   2326
      1    156      1      1     11      1      2      2      0   4830
      1    156      1      1     12      3     11      1      0   4347
      1    156      1      1     13      6      9      5      0   1393
      1    156      1      1     14      4     11      4      1   1706
      1    156      1      1     15      8      9      8      1   1155
      1    156      1      1     16      2     13      3      0  12207
      1    156      1      2      1      1     10      2      0   2312
      1    156      1      2      2      4      1      3      0   1864
      1    156      1      2      3      8     13      8      1   1181
      1    156      1      2      4      4      5      3      0   2476
      1    156      1      2      5      6     15      7      0   2181
      1    156      1      2      6      3     12      3      1   1277
      1    156      1      2      7      5     10      5      1   1194
      1    156      1      2      8      8     10      8      1    979
      1    156      1      2      9      2      9      4      0    910
      1    156      1      2     10      3     13      2      0   1993
      1    156      1      2     11      7      8      1      0   1643
      1    156      1      2     12      1      5      6      0   3960
      1    156      1      2     13      5     14      5      1   1164
      1    156      1      2     14      6      5      5      0   2142
      1    156      1      2     15      2      6      4      0   1814
      1    156      1      2     16      7     12      2      0   1160
      1    156      2      1      1      5      4      5      1   1388
      1    156      2      1      2      7      7      7      1   2736
      1    156      2      1      3      6     10      8      0   3610
      1    156      2      1      4      2      5      3      0   2568
      1    156      2      1      5      1      1      3      0   1175
      1    156      2      1      6      1     16      7      0   2659
      1    156      2      1      7      4     14      4      1   2946
      1    156      2      1      8      5      7      5      1   1201
      1    156      2      1      9      8     15      8      1    960
      1    156      2      1     10      7      2      7      1   2493
      1    156      2      1     11      4     15      7      0   1405
      1    156      2      1     12      6     11      3      0   2770
      1    156      2      1     13      3     15      7      0   2935
      1    156      2      1     14      3     10      2      0   1862
      1    156      2      1     15      2      4      4      0   1117
      1    156      2      1     16      8      6      8      1   1060
      1    156      2      2      1      7     13      7      1   2842
      1    156      2      2      2      1      6      3      0   3126
      1    156      2      2      3      8      8      8      1   1044
      1    156      2      2      4      2     14      4      0   2045
      1    156      2      2      5      7     10      7      1   1677
      1    156      2      2      6      6      7      6      1   1844
      1    156      2      2      7      6      3      6      1   1312
      1    156      2      2      8      4      8      1      0   2943
      1    156      2      2      9      2      2      2      1   2897
      1    156      2      2     10      1     14      2      0   1527
      1    156      2      2     11      3     14      1      0   3610
      1    156      2      2     12      5      9      5      1   1244
      1    156      2      2     13      3      8      1      0   2876
      1    156      2      2     14      8     16      8      1    993
      1    156      2      2     15      4      3      4      1   1347
      1    156      2      2     16      5     11      5      1   1061
      1    156      3      1      1      2      8      3      0   1547
      1    156      3      1      2      7      4      6      0   1609
      1    156      3      1      3      6     13      6      1   1700
      1    156      3      1      4      1      9      2      0   1320
      1    156      3      1      5      3     16      1      0   2215
      1    156      3      1      6      8      4      8      1   1074
      1    156      3      1      7      6     16      6      1   1772
      1    156      3      1      8      2      1      2      1   2044
      1    156      3      1      9      5      5      5      1   1045
      1    156      3      1     10      4     12      4      1   2195
      1    156      3      1     11      1      7      3      0   1657
      1    156      3      1     12      8      3      8      1   1039
      1    156      3      1     13      4     13      1      0   2221
      1    156      3      1     14      3      7      6      0   1556
      1    156      3      1     15      5      6      5      1    905
      1    156      3      1     16      7     16      7      1   1647
      1    156      3      2      1      1     11      1      1   4510
      1    156      3      2      2      3      2      3      1   2276
      1    156      3      2      3      6      8      7      0   2442
      1    156      3      2      4      7      6      7      1   1727
      1    156      3      2      5      7      5      7      1   5309
      1    156      3      2      6      2     10      2      1   4459
      1    156      3      2      7      3      9      3      1   1264
      1    156      3      2      8      8      2      8      1   1230
      1    156      3      2      9      5      8      5      1    978
      1    156      3      2     10      8     14      8      1   1059
      1    156      3      2     11      4     10      4      1   4893
      1    156      3      2     12      2     16      4      0   1628
      1    156      3      2     13      4     16      4      1   2697
      1    156      3      2     14      1      4      1      1   1993
      1    156      3      2     15      5     12      5      1   1015
      1    156      3      2     16      6      6      7      0   5111
      1    156      4      1      1      4     14      4      1   3259
      1    156      4      1      2      2      3      1      0   3204
      1    156      4      1      3      7     16      6      0   2051
      1    156      4      1      4      2      4      2      1   1194
      1    156      4      1      5      6      9      7      0   2299
      1    156      4      1      6      7     15      7      1   1178
      1    156      4      1      7      3     11      1      0   2993
      1    156      4      1      8      6     16      1      0   1242
      1    156      4      1      9      5      7      5      1    986
      1    156      4      1     10      3      6      3      1   4082
      1    156      4      1     11      8      9      8      1   1244
      1    156      4      1     12      1      3      1      1   2185
      1    156      4      1     13      8      3      8      1   1022
      1    156      4      1     14      1     16      1      1   3682
      1    156      4      1     15      4     11      4      1   1283
      1    156      4      1     16      5      5      5      1   1351
      1    156      4      2      1      2     10      4      0   3894
      1    156      4      2      2      7      6      6      0   1759
      1    156      4      2      3      5     11      5      1   1198
      1    156      4      2      4      1      6      1      1   1331
      1    156      4      2      5      1     11      1      1   1381
      1    156      4      2      6      7     10      7      1   1531
      1    156      4      2      7      4     16      4      1   2081
      1    156      4      2      8      3      2      3      1    945
      1    156      4      2      9      2      2      2      1   1293
      1    156      4      2     10      4      8      4      1   2794
      1    156      4      2     11      3      9      3      1   1080
      1    156      4      2     12      8     10      8      1   1077
      1    156      4      2     13      8      8      8      1    976
      1    156      4      2     14      6      8      7      0   1796
      1    156      4      2     15      6      3      6      1   2030
      1    156      4      2     16      5      8      5      1   1376
      1    156      5      1      1      1      7      3      0   1442
      1    156      5      1      2      1      1      3      0   1155
      1    156      5      1      3      5      2      5      1   1166
      1    156      5      1      4      4      9      4      1   2655
      1    156      5      1      5      4     13      1      0   2707
      1    156      5      1      6      8      5      8      1   1002
      1    156      5      1      7      7      4      7      1   1353
      1    156      5      1      8      3     16      3      1   1954
      1    156      5      1      9      6     13      6      1   2523
      1    156      5      1     10      6     11      7      0   1829
      1    156      5      1     11      7     14      1      0   2413
      1    156      5      1     12      5     16      5      1   1155
      1    156      5      1     13      3      7      6      0   2454
      1    156      5      1     14      8      6      8      1    941
      1    156      5      1     15      2      8      2      1   1819
      1    156      5      1     16      2      1      4      0   1998
      1    156      5      2      1      8     13      8      1   1292
      1    156      5      2      2      4      3      3      0   4163
      1    156      5      2      3      2     16      4      0   2014
      1    156      5      2      4      5      9      5      1   1161
      1    156      5      2      5      6      5      6      1   1543
      1    156      5      2      6      8     16      8      1   1180
      1    156      5      2      7      2      9      4      0   1998
      1    156      5      2      8      3     14      3      1   1060
      1    156      5      2      9      7     12      1      0   1728
      1    156      5      2     10      1     10      1      1   2244
      1    156      5      2     11      1     14      1      1   1448
      1    156      5      2     12      6      7      6      1   1964
      1    156      5      2     13      3     12      3      1   1510
      1    156      5      2     14      7     13      7      1   1097
      1    156      5      2     15      4     10      4      1   3443
      1    156      5      2     16      5     12      5      1   1248
      1    156      6      1      1      1      2      1      1   1420
      1    156      6      1      2      7      2      7      1   1150
      1    156      6      1      3      5      4      5      1   1119
      1    156      6      1      4      3     10      1      0   3424
      1    156      6      1      5      1      9      3      0   1713
      1    156      6      1      6      7      7      7      1   1096
      1    156      6      1      7      2      5      2      1   1878
      1    156      6      1      8      2     13      4      0   2019
      1    156      6      1      9      4     15      1      0   2239
      1    156      6      1     10      6     12      1      0   1859
      1    156      6      1     11      3     15      3      1   1411
      1    156      6      1     12      8     15      8      1   1028
      1    156      6      1     13      8      4      8      1   1077
      1    156      6      1     14      6     10      6      1   1175
      1    156      6      1     15      5      6      5      1   1291
      1    156      6      1     16      4     12      4      1   1752
      1    156      6      2      1      6      6      6      1   3310
      1    156      6      2      2      1      4      1      1   1510
      1    156      6      2      3      8      2      8      1   1193
      1    156      6      2      4      3     13      6      0   7830
      1    156      6      2      5      5     10      5      1   1279
      1    156      6      2      6      5     14      5      1   1259
      1    156      6      2      7      6     15      6      1   1560
      1    156      6      2      8      4      1      4      1   2244
      1    156      6      2      9      7      5      7      1   1514
      1    156      6      2     10      4      5      4      1   2209
      1    156      6      2     11      1      5      1      1   1327
      1    156      6      2     12      3      8      3      1   1460
      1    156      6      2     13      7      8      7      1   1198
      1    156      6      2     14      8     14      8      1   1096
      1    156      6      2     15      2     14      8      0   1593
      1    156      6      2     16      2      6      2      1   1759
      1    156      7      1      1      6     10      6      1   1395
      1    156      7      1      2      1      9      1      1   1878
      1    156      7      1      3      3      6      1      0   2455
      1    156      7      1      4      5      2      5      1   1085
      1    156      7      1      5      8      9      8      1   1003
      1    156      7      1      6      5      7      5      1   1125
      1    156      7      1      7      6     11      6      1   1751
      1    156      7      1      8      8      4      8      1   1109
      1    156      7      1      9      7     15      7      1   1504
      1    156      7      1     10      2      5      2      1   1341
      1    156      7      1     11      2      8      2      1   1649
      1    156      7      1     12      3     11      3      1   1100
      1    156      7      1     13      4     13      6      0   2445
      1    156      7      1     14      1     16      1      1   3095
      1    156      7      1     15      4     15      4      1   3693
      1    156      7      1     16      7     16      6      0   2461
      1    156      7      2      1      3     13      1      0   5126
      1    156      7      2      2      7      5      7      1   1243
      1    156      7      2      3      1     11      1      1   1844
      1    156      7      2      4      2     10      2      1   2247
      1    156      7      2      5      3      9      3      1   1195
      1    156      7      2      6      1      5      1      1   1528
      1    156      7      2      7      5     11      5      1   1077
      1    156      7      2      8      5      9      5      1   1010
      1    156      7      2      9      6      5      6      1   1381
      1    156      7      2     10      8     13      8      1   1080
      1    156      7      2     11      6      6      7      0   3894
      1    156      7      2     12      4      1      4      1   3010
      1    156      7      2     13      2      9      2      1   2079
      1    156      7      2     14      7      6      7      1   1963
      1    156      7      2     15      8      8      8      1    880
      1    156      7      2     16      4      8      4      1   1927
      1    156      8      1      1      3     10      3      1   1467
      1    156      8      1      2      8      3      8      1    976
      1    156      8      1      3      1      7      6      0   2207
      1    156      8      1      4      2      1      4      0   1463
      1    156      8      1      5      8      5      8      1   1102
      1    156      8      1      6      4      9      4      1   1983
      1    156      8      1      7      1      1      1      1   2218
      1    156      8      1      8      7      2      7      1   1135
      1    156      8      1      9      5      6      5      1   1090
      1    156      8      1     10      6     13      6      1   1418
      1    156      8      1     11      2     13      4      0   1598
      1    156      8      1     12      4     11      4      1   1018
      1    156      8      1     13      7      7      7      1   1331
      1    156      8      1     14      3     15      1      0   2038
      1    156      8      1     15      5      5      5      1   1070
      1    156      8      1     16      6     12      1      0   1897
      1    156      8      2      1      6      3      6      1   1777
      1    156      8      2      2      2      2      2      1   2864
      1    156      8      2      3      5     12      5      1   1260
      1    156      8      2      4      8     14      8      1    877
      1    156      8      2      5      7      8      7      1   1310
      1    156      8      2      6      2     16      4      0   2626
      1    156      8      2      7      5     14      5      1   1447
      1    156      8      2      8      7     13      7      1   1448
      1    156      8      2      9      4     10      4      1   3098
      1    156      8      2     10      3     14      1      0   1281
      1    156      8      2     11      3     12      3      1   1328
      1    156      8      2     12      8     10      8      1   1076
      1    156      8      2     13      1      4      1      1   1212
      1    156      8      2     14      4      5      4      1   2264
      1    156      8      2     15      6     15      6      1   2893
      1    156      8      2     16      1      6      1      1   1161
      1    156      9      1      1      2      3      1      0   1896
      1    156      9      1      2      6     16      6      1   1488
      1    156      9      1      3      5     16      5      1   1055
      1    156      9      1      4      4     12      4      1   3340
      1    156      9      1      5      8     15      8      1   1156
      1    156      9      1      6      2      4      2      1   1508
      1    156      9      1      7      7     14      3      0   5663
      1    156      9      1      8      7      4      7      1   1393
      1    156      9      1      9      1      3      1      1   1362
      1    156      9      1     10      4     14      3      0   3318
      1    156      9      1     11      6      9      6      1   1184
      1    156      9      1     12      5      4      5      1   1048
      1    156      9      1     13      8      6      8      1    953
      1    156      9      1     14      3     16      1      0   2194
      1    156      9      1     15      3      7      1      0   1628
      1    156      9      1     16      1      2      1      1   1255
      1    156      9      2      1      1     14      1      1   2394
      1    156      9      2      2      2     14      4      0   2177
      1    156      9      2      3      4      3      2      0   5279
      1    156      9      2      4      8     16      8      1    931
      1    156      9      2      5      7     12      7      1   2097
      1    156      9      2      6      2      6      2      1   1193
      1    156      9      2      7      6      7      6      1   1226
      1    156      9      2      8      5     10      5      1   1493
      1    156      9      2      9      5      8      5      1   1181
      1    156      9      2     10      3      2      3      1   1776
      1    156      9      2     11      1     10      4      0   1994
      1    156      9      2     12      6      8      6      1   1394
      1    156      9      2     13      7     10      7      1   1343
      1    156      9      2     14      4     16      4      1   5247
      1    156      9      2     15      8      2      8      1   1031
      1    156      9      2     16      3      8      3      1   2947
