      2     25      1      1      1      8      9      6      0   4462   7145
      2     25      1      1      2      8      9      8      1   1917   4399
      2     25      1      1      3      5     12      2      0   1605   1754
      2     25      1      1      4      5     12      5      1   2123   1200
      2     25      1      1      5      5      2      5      1   3132   3199
      2     25      1      1      6      5     12      5      1   3499   1940
      2     25      1      1      7      3      8      1      0   5376   6454
      2     25      1      1      8      8     14      1      0   2972   1727
      2     25      1      1      9      8      9      8      1   1126   1263
      2     25      1      1     10      5      6      5      1   3278   2114
      2     25      1      1     11      6     10      7      0   2115   1781
      2     25      1      1     12      5      9      5      1   1176   8615
      2     25      1      1     13      7      7      3      0   2005   1694
      2     25      1      1     14      8      8      8      1   2112   1029
      2     25      1      1     15      2      8      2      1   2069   1532
      2     25      1      1     16      2      6      2      1   1320   1089
      2     25      1      2      1      5      7      5      1   4803     -1
      2     25      1      2      2      2      4      2      1   4025     -1
      2     25      1      2      3      4     13      4      1   1775     -1
      2     25      1      2      4      1      3      1      1   3493     -1
      2     25      1      2      5      7     15      7      1   2160     -1
      2     25      1      2      6      8      4      8      1   1925     -1
      2     25      1      2      7      8      2      8      1   1061     -1
      2     25      1      2      8      6      9      6      1   2462     -1
      2     25      1      2      9      3     12      1      0   1711     -1
      2     25      1      2     10      7     13      7      1   1544     -1
      2     25      1      2     11      2      3      2      1   2227     -1
      2     25      1      2     12      6     11      5      0   1960     -1
      2     25      1      2     13      1      7      4      0   2026     -1
      2     25      1      2     14      4      1      7      0   2361     -1
      2     25      1      2     15      5     14      5      1   1194     -1
      2     25      1      2     16      3      7      6      0   1561     -1
      2     25      2      1      1      7      4      7      1   1170   4054
      2     25      2      1      2      6      3      6      1   2031   1126
      2     25      2      1      3      1      6      1      1   2580   1964
      2     25      2      1      4      2      6      2      1   1200   1403
      2     25      2      1      5      6      5      2      0   2726   1230
      2     25      2      1      6      5      5      5      1   1671    940
      2     25      2      1      7      8     13      8      1    905   1579
      2     25      2      1      8      6      6      4      0   1966   2010
      2     25      2      1      9      1     11      4      0   1115   1550
      2     25      2      1     10      7     12      7      1   1437   2072
      2     25      2      1     11      7     14      7      1   1982   3911
      2     25      2      1     12      8      3      8      1    865   2125
      2     25      2      1     13      3     16      7      0   9903   1106
      2     25      2      1     14      8      8      8      1    969    992
      2     25      2      1     15      1      4      6      0   2935    747
      2     25      2      1     16      3      9      7      0   4029    996
      2     25      2      2      1      5      4      5      1   1579     -1
      2     25      2      2      2      7     10      7      1   3594     -1
      2     25      2      2      3      1      1      2      0   1477     -1
      2     25      2      2      4      2     13      2      1   1577     -1
      2     25      2      2      5      4     15      1      0   1692     -1
      2     25      2      2      6      4     14      1      0   1344     -1
      2     25      2      2      7      2      5      2      1   1176     -1
      2     25      2      2      8      5     16      5      1   1043     -1
      2     25      2      2      9      8     15      8      1   1326     -1
      2     25      2      2     10      6     16      7      0   1928     -1
      2     25      2      2     11      1      9      7      0   1162     -1
      2     25      2      2     12      6      8      5      0   1394     -1
      2     25      2      2     13      8      6      8      1    877     -1
      2     25      2      2     14      3      2      6      0   1094     -1
      2     25      2      2     15      3     13      7      0   1859     -1
      2     25      2      2     16      7     16      7      1   2093     -1
      2     25      3      1      1      1      4      1      1   3916   1585
      2     25      3      1      2      3      9      3      1   1921    775
      2     25      3      1      3      7     14      7      1   2767    600
      2     25      3      1      4      2      9      2      1   1250    910
      2     25      3      1      5      3     11      6      0   1584   1157
      2     25      3      1      6      3     15      3      1   1131   2323
      2     25      3      1      7      4     10      2      0   4134    828
      2     25      3      1      8      3     15      3      1   1171   3889
      2     25      3      1      9      6      6      7      0   2232    995
      2     25      3      1     10      1     10      2      0   1431   1109
      2     25      3      1     11      8      9      8      1    950    765
      2     25      3      1     12      6     15      6      1   6032    685
      2     25      3      1     13      5     12      5      1    857   1085
      2     25      3      1     14      4     11      2      0   1368    713
      2     25      3      1     15      3      6      3      1   2004   3252
      2     25      3      1     16      4     12      2      0    885    860
      2     25      3      2      1      3     14      3      1   4097     -1
      2     25      3      2      2      2     14      1      0   5259     -1
      2     25      3      2      3      5     11      5      1   1143     -1
      2     25      3      2      4      1     14      6      0   8644     -1
      2     25      3      2      5      1     16      3      0   1078     -1
      2     25      3      2      6      7      8      7      1   2961     -1
      2     25      3      2      7      3     10      3      1   1193     -1
      2     25      3      2      8      6     12      1      0   3044     -1
      2     25      3      2      9      8     10      8      1   1027     -1
      2     25      3      2     10      6      7      5      0   2127     -1
      2     25      3      2     11      4      5      1      0   5277     -1
      2     25      3      2     12      4      8      4      1   2663     -1
      2     25      3      2     13      8      5      8      1    860     -1
      2     25      3      2     14      2      2      2      1   1361     -1
      2     25      3      2     15      5     10      5      1   1244     -1
      2     25      3      2     16      7      5      7      1   1727     -1
      2     25      4      1      1      3      6      3      1   1119   9250
      2     25      4      1      2      4     12      2      0   1063    785
      2     25      4      1      3      7      4      1      0   1045    850
      2     25      4      1      4      5      6      5      1   1183   1437
      2     25      4      1      5      5      8      5      1    836   1334
      2     25      4      1      6      2      1      2      1    923   1380
      2     25      4      1      7      4     11      3      0   1747   2683
      2     25      4      1      8      6     10      6      1   1319    631
      2     25      4      1      9      7     12      3      0   1055    661
      2     25      4      1     10      7      7      3      0    922   1036
      2     25      4      1     11      1     11      2      0   1414    587
      2     25      4      1     12      4      9      4      1   2541    823
      2     25      4      1     13      3      8      3      1   5039   1070
      2     25      4      1     14      2      6      2      1    790   1213
      2     25      4      1     15      8     14      8      1    803    743
      2     25      4      1     16      1      2      3      0   1266    863
      2     25      4      2      1      5     11      5      1   1314     -1
      2     25      4      2      2      8     15      8      1   1030     -1
      2     25      4      2      3      4     15      1      0   1945     -1
      2     25      4      2      4      2     13      4      0   3911     -1
      2     25      4      2      5      1      9      2      0   1893     -1
      2     25      4      2      6      7      8      3      0   1613     -1
      2     25      4      2      7      3     10      3      1   1028     -1
      2     25      4      2      8      6      9      6      1   1144     -1
      2     25      4      2      9      2      4      2      1   2461     -1
      2     25      4      2     10      4     14      1      0   1893     -1
      2     25      4      2     11      8      4      8      1    978     -1
      2     25      4      2     12      7     15      7      1   3228     -1
      2     25      4      2     13      5     14      5      1   1060     -1
      2     25      4      2     14      3      2      3      1   1443     -1
      2     25      4      2     15      1     14      1      1   2027     -1
      2     25      4      2     16      6     16      1      0   5695     -1
      2     25      5      1      1      2      6      2      1    912   6304
      2     25      5      1      2      1      2      1      1   1270   2023
      2     25      5      1      3      4      3      4      1   4850    742
      2     25      5      1      4      1      5      1      1   5251    909
      2     25      5      1      5      4     16      4      1   2950   3713
      2     25      5      1      6      5      9      5      1    725    952
      2     25      5      1      7      3     16      1      0   3213   1193
      2     25      5      1      8      8      3      8      1    884    829
      2     25      5      1      9      6     13      1      0   1324    773
      2     25      5      1     10      8      8      8      1    849   1189
      2     25      5      1     11      7      6      6      0   2374   2001
      2     25      5      1     12      2     16      4      0  10943    885
      2     25      5      1     13      6      3      6      1   1397   2243
      2     25      5      1     14      2      8      2      1    856   1659
      2     25      5      1     15      8     13      8      1   1067   1402
      2     25      5      1     16      1      6      3      0   1303    891
      2     25      5      2      1      8      2      8      1    945     -1
      2     25      5      2      2      5      4      5      1    811     -1
      2     25      5      2      3      1      1      4      0   3811     -1
      2     25      5      2      4      7     16      6      0   2993     -1
      2     25      5      2      5      4     13      7      0   8127     -1
      2     25      5      2      6      2      3      2      1   2027     -1
      2     25      5      2      7      4      5      4      1   7177     -1
      2     25      5      2      8      6     11      5      0   1210     -1
      2     25      5      2      9      8      6      8      1   1010     -1
      2     25      5      2     10      3     13      3      1   1361     -1
      2     25      5      2     11      6      7      5      0   1111     -1
      2     25      5      2     12      3      7      3      1   1111     -1
      2     25      5      2     13      5     16      5      1   1077     -1
      2     25      5      2     14      7      5      7      1   1828     -1
      2     25      5      2     15      1     16      3      0   1294     -1
      2     25      5      2     16      2      5      2      1    876     -1
      2     25      6      1      1      6      3      6      1    916   7148
      2     25      6      1      2      1      6      3      0    900    945
      2     25      6      1      3      5      5      5      1   1101   1091
      2     25      6      1      4      8     16      8      1    908   1279
      2     25      6      1      5      7      2      7      1   2019   1236
      2     25      6      1      6      2     10      2      1   1017    973
      2     25      6      1      7      6      5      3      0   1176   1098
      2     25      6      1      8      1      4      1      1   5104   1957
      2     25      6      1      9      3      9      3      1   1172    726
      2     25      6      1     10      7     14      7      1   3784   1268
      2     25      6      1     11      2      9      2      1   1125    854
      2     25      6      1     12      3     11      3      1   2230    652
      2     25      6      1     13      3     15      3      1   1303    645
      2     25      6      1     14      4     10      4      1   2447    604
      2     25      6      1     15      6      6      6      1   3275    885
      2     25      6      1     16      1     10      8      0   2378   1278
      2     25      6      2      1      5     10      5      1   1030     -1
      2     25      6      2      2      4      8      4      1   3911     -1
      2     25      6      2      3      8     10      8      1   1177     -1
      2     25      6      2      4      7     10      7      1   3744     -1
      2     25      6      2      5      3     12      3      1   1160     -1
      2     25      6      2      6      6      8      6      1   3194     -1
      2     25      6      2      7      3     14      3      1    978     -1
      2     25      6      2      8      2     14      8      0   1277     -1
      2     25      6      2      9      7     13      6      0   1727     -1
      2     25      6      2     10      1      3      2      0   1144     -1
      2     25      6      2     11      4      1      7      0   7394     -1
      2     25      6      2     12      8      5      8      1   1310     -1
      2     25      6      2     13      1      7      1      1   1828     -1
      2     25      6      2     14      5      7      5      1    994     -1
      2     25      6      2     15      2      2      2      1    944     -1
      2     25      6      2     16      6     12      7      0  24194     -1
      2     25      7      1      1      1     10      1      1   1523   5587
      2     25      7      1      2      6     15      7      0   4313   2096
      2     25      7      1      3      4     11      2      0    900   1715
      2     25      7      1      4      3      6      3      1    978    883
      2     25      7      1      5      4     12      4      1   3435   2022
      2     25      7      1      6      7      4      6      0   1228   1439
      2     25      7      1      7      2      1      2      1   1550   4993
      2     25      7      1      8      6     10      6      1   1489    773
      2     25      7      1      9      7     12      3      0    700    991
      2     25      7      1     10      7      7      7      1   1106    823
      2     25      7      1     11      1     11      1      1   1253   1007
      2     25      7      1     12      1     11      1      1    741   4032
      2     25      7      1     13      4      9      4      1   1945    965
      2     25      7      1     14      3      8      3      1   2028    916
      2     25      7      1     15      2      6      2      1   1294    836
      2     25      7      1     16      1      2      1      1   4028   1507
      2     25      7      2      1      5     10      5      1   1180     -1
      2     25      7      2      2      6      7      6      1   5161     -1
      2     25      7      2      3      1      7      1      1   1478     -1
      2     25      7      2      4      5      7      5      1   1193     -1
      2     25      7      2      5      2      5      2      1    943     -1
      2     25      7      2      6      4      1      7      0   4228     -1
      2     25      7      2      7      7      8      7      1   1560     -1
      2     25      7      2      8      7     15      7      1   1444     -1
      2     25      7      2      9      3      7      3      1   3178     -1
      2     25      7      2     10      3     12      3      1    912     -1
      2     25      7      2     11      6     12      1      0   3277     -1
      2     25      7      2     12      1     16      1      1   2460     -1
      2     25      7      2     13      8     10      8      1   1060     -1
      2     25      7      2     14      8      5      8      1   1078     -1
      2     25      7      2     15      4      5      4      1   4161     -1
      2     25      7      2     16      2      3      2      1   7227     -1
      2     25      8      1      1      7     12      7      1   1209  10591
      2     25      8      1      2      7      7      7      1    886    794
      2     25      8      1      3      4      9      4      1   1528   1588
      2     25      8      1      4      3      8      7      0   1786   1170
      2     25      8      1      5      4      3      4      1   5683   2321
      2     25      8      1      6      1      5      1      1   1248   2486
      2     25      8      1      7      4     16      4      1   2389    873
      2     25      8      1      8      3     16      3      1   1363   2700
      2     25      8      1      9      6     13      1      0   2378    949
      2     25      8      1     10      7      6      7      1   2018   3548
      2     25      8      1     11      2     16      4      0   3644   2488
      2     25      8      1     12      6      3      6      1   1132   1598
      2     25      8      1     13      2      8      2      1   1016   4941
      2     25      8      1     14      1      6      1      1   1411    721
      2     25      8      1     15      5      5      5      1   1520   1383
      2     25      8      1     16      7      2      7      1   1581   1143
      2     25      8      2      1      6     11      6      1   3813     -1
      2     25      8      2      2      8      4      8      1   1461     -1
      2     25      8      2      3      1     14      1      1   4027     -1
      2     25      8      2      4      4     15      4      1   4643     -1
      2     25      8      2      5      1      1      4      0   6627     -1
      2     25      8      2      6      2     13      2      1   2278     -1
      2     25      8      2      7      5     11      5      1    877     -1
      2     25      8      2      8      6     16      6      1   9912     -1
      2     25      8      2      9      3     14      3      1   1210     -1
      2     25      8      2     10      3     13      3      1   1593     -1
      2     25      8      2     11      7     16      7      1   5394     -1
      2     25      8      2     12      4     13      4      1   6212     -1
      2     25      8      2     13      7      5      7      1   1377     -1
      2     25      8      2     14      8     15      8      1   1195     -1
      2     25      8      2     15      5     16      5      1    893     -1
      2     25      8      2     16      2      4      2      1   1061     -1
      2     25      9      1      1      6     15      6      1   1518  11687
      2     25      9      1      2      7     14      7      1   2006    969
      2     25      9      1      3      7      6      7      1   1227   3375
      2     25      9      1      4      3     16      3      1   1360   1378
      2     25      9      1      5      6      3      6      1   1030    799
      2     25      9      1      6      6      5      6      1   4213    651
      2     25      9      1      7      6     10      6      1    795   1326
      2     25      9      1      8      1      4      1      1   1233   1500
      2     25      9      1      9      1     10      1      1   6324   1427
      2     25      9      1     10      4     16      4      1   2365   2403
      2     25      9      1     11      3     16      3      1   1010   2918
      2     25      9      1     12      1      6      3      0   1064   1979
      2     25      9      1     13      3      6      7      0   1424   1839
      2     25      9      1     14      6      6      6      1   1830   1783
      2     25      9      1     15      7      4      7      1   1124   1050
      2     25      9      1     16      3      8      3      1    975   3063
      2     25      9      2      1      1      3      1      1   1497     -1
      2     25      9      2      2      7     10      7      1   1677     -1
      2     25      9      2      3      2      2      2      1   1043     -1
      2     25      9      2      4      7     13      6      0   1531     -1
      2     25      9      2      5      5     14      5      1   1293     -1
      2     25      9      2      6      4      8      4      1   5877     -1
      2     25      9      2      7      8      2      8      1   1143     -1
      2     25      9      2      8      6      9      6      1   2994     -1
      2     25      9      2      9      2     14      8      0   4394     -1
      2     25      9      2     10      5      4      5      1   1060     -1
      2     25      9      2     11      6      8      6      1   1444     -1
      2     25      9      2     12      3      2      3      1   1094     -1
      2     25      9      2     13      1      9      1      1   1527     -1
      2     25      9      2     14      3     10      3      1   1744     -1
      2     25      9      2     15      8      6      8      1   1060     -1
      2     25      9      2     16      4     14      4      1   4476     -1
