      2    144      1      1      1      5      6      6      0   4560   8797
      2    144      1      1      2      5      6      5      1   1603   2870
      2    144      1      1      3      5      9      3      0   1429   2930
      2    144      1      1      4      5      9      5      1    941   2120
      2    144      1      1      5      5      6      5      1   2492   1602
      2    144      1      1      6      6     16      5      0   1770   1923
      2    144      1      1      7      6     16      6      1   1467   2093
      2    144      1      1      8      5      9      5      1   1018   1427
      2    144      1      1      9      6     16      6      1   2191   1054
      2    144      1      1     10      5      6      5      1   1425    721
      2    144      1      1     11      2      1      3      0   1234   1776
      2    144      1      1     12      2      9      2      1   1146   1332
      2    144      1      1     13      3      2      2      0   1053   1142
      2    144      1      1     14      3      2      3      1    773   1555
      2    144      1      1     15      5      6      5      1   1060   1019
      2    144      1      1     16      5      9      5      1    890    740
      2    144      1      2      1      8      3      5      0   4119
      2    144      1      2      2      3     15      6      0   1863
      2    144      1      2      3      5      4      2      0   3179
      2    144      1      2      4      6     10      7      0   2730
      2    144      1      2      5      7      6      5      0   2230
      2    144      1      2      6      4     15      3      0   1480
      2    144      1      2      7      4     10      3      0   3196
      2    144      1      2      8      2      2      5      0   3346
      2    144      1      2      9      5     11      2      0   1180
      2    144      1      2     10      1     11      5      0   1263
      2    144      1      2     11      7     13      1      0   3629
      2    144      1      2     12      8     16      4      0   1130
      2    144      1      2     13      3     14      8      0   2214
      2    144      1      2     14      1      2      6      0   1529
      2    144      1      2     15      2      3      5      0   1546
      2    144      1      2     16      6      3      6      1   1514
      2    144      2      1      1      6     16      5      0   1302   3172
      2    144      2      1      2      3      2      6      0   1727   1717
      2    144      2      1      3      3      2      3      1   1278   1001
      2    144      2      1      4      8      6      5      0    988   2555
      2    144      2      1      5      8      6      8      1   1158   1137
      2    144      2      1      6      8     14      8      1    993   2050
      2    144      2      1      7      7      4      1      0   1257   1405
      2    144      2      1      8      7      4      7      1   1146   1199
      2    144      2      1      9      8      8      3      0   1017   1726
      2    144      2      1     10      8      8      8      1   1413    733
      2    144      2      1     11      2      5      8      0   1294   2116
      2    144      2      1     12      2      5      2      1    751    728
      2    144      2      1     13      6      6      8      0   1334   3058
      2    144      2      1     14      6      6      7      0    944    903
      2    144      2      1     15      5     12      2      0   1162   1017
      2    144      2      1     16      5      5      2      0   1031   1663
      2    144      2      2      1      5      2      2      0   2463
      2    144      2      2      2      8      9      8      1   3446
      2    144      2      2      3      1      6      8      0   2696
      2    144      2      2      4      3     12      5      0   1763
      2    144      2      2      5      3      7      5      0   2131
      2    144      2      2      6      2     14      4      0   1446
      2    144      2      2      7      6      9      6      1   2131
      2    144      2      2      8      1     10      7      0   2497
      2    144      2      2      9      4      8      6      0   2030
      2    144      2      2     10      8      2      7      0   3063
      2    144      2      2     11      2      4      3      0   2546
      2    144      2      2     12      4     11      3      0   1913
      2    144      2      2     13      6      7      2      0   1313
      2    144      2      2     14      7     14      8      0   1196
      2    144      2      2     15      5      7      7      0   3763
      2    144      2      2     16      7     15      2      0   2196
      2    144      3      1      1      6     15      8      0   1229   2447
      2    144      3      1      2      1      7      8      0   1507   3185
      2    144      3      1      3      5      5      1      0    685   3105
      2    144      3      1      4      3     13      1      0    941   1903
      2    144      3      1      5      5     14      8      0   1287   4617
      2    144      3      1      6      8      8      5      0   1016    929
      2    144      3      1      7      5      6      5      1   1365   1928
      2    144      3      1      8      2      1      1      0    908   2850
      2    144      3      1      9      2      8      2      1    796   1032
      2    144      3      1     10      1      3      2      0    905   1140
      2    144      3      1     11      1      9      1      1   1044    735
      2    144      3      1     12      1      1      1      1    864    765
      2    144      3      1     13      7      5      1      0   1012   1017
      2    144      3      1     14      5     12      1      0   1171   4084
      2    144      3      1     15      2      6      1      0    630    998
      2    144      3      1     16      3     10      2      0   1833   1162
      2    144      3      2      1      4     12      1      0   5779
      2    144      3      2      2      8      4      8      1   3563
      2    144      3      2      3      2     16      4      0   1429
      2    144      3      2      4      8     10      4      0   1979
      2    144      3      2      5      4     13      8      0   1297
      2    144      3      2      6      6      5      1      0   1246
      2    144      3      2      7      3     11      2      0   1230
      2    144      3      2      8      2     13      2      1   1163
      2    144      3      2      9      5      8      6      0   1779
      2    144      3      2     10      1      5      7      0   1797
      2    144      3      2     11      7     12      5      0   1297
      2    144      3      2     12      6     11      1      0   1279
      2    144      3      2     13      5     16      2      0   1012
      2    144      3      2     14      1     16      2      0   1646
      2    144      3      2     15      7     10      2      0   1280
      2    144      3      2     16      3      9      2      0   1163
      2    144      4      1      1      2      9      2      1   1007   3084
      2    144      4      1      2      5      5      3      0    683   1029
      2    144      4      1      3      1      9      1      1    998   2245
      2    144      4      1      4      6     15      7      0   1457   1720
      2    144      4      1      5      6     15      1      0   1250   1677
      2    144      4      1      6      5     10      7      0   1084   1045
      2    144      4      1      7      8      8      7      0   1572   2421
      2    144      4      1      8      8      8      8      1   1363    849
      2    144      4      1      9      2      6      5      0   1058   1037
      2    144      4      1     10      3     16      3      1   1708   1702
      2    144      4      1     11      6     12      3      0    691    939
      2    144      4      1     12      8      5      5      0   1285   1326
      2    144      4      1     13      3      2      8      0    987   4417
      2    144      4      1     14      3      2      3      1    826    870
      2    144      4      1     15      3     16      8      0   1105   3102
      2    144      4      1     16      3     16      3      1   1319   1858
      2    144      4      2      1      3     15      3      1   1613
      2    144      4      2      2      2     13      1      0   1813
      2    144      4      2      3      1      5      8      0   1864
      2    144      4      2      4      6      7      8      0   1563
      2    144      4      2      5      8      9      4      0   1164
      2    144      4      2      6      4      8      4      1   1280
      2    144      4      2      7      4     15      3      0   1297
      2    144      4      2      8      8     16      3      0   1030
      2    144      4      2      9      7     13      5      0   2996
      2    144      4      2     10      7     10      7      1    914
      2    144      4      2     11      5     16      6      0    946
      2    144      4      2     12      1      2      2      0   1396
      2    144      4      2     13      3     12      3      1    763
      2    144      4      2     14      5      8      8      0   1363
      2    144      4      2     15      6      3      1      0   1380
      2    144      4      2     16      2     16      3      0   1913
      2    144      5      1      1      6     16      6      1   1273  12928
      2    144      5      1      2      3      2      3      1    983   1828
      2    144      5      1      3      8      5      6      0   1556    857
      2    144      5      1      4      8      6      8      1    904   1541
      2    144      5      1      5      8      8      2      0    842   2583
      2    144      5      1      6      8     13      8      1   1163  23914
      2    144      5      1      7      5      6      5      1   2484   2010
      2    144      5      1      8      6      8      6      1    953   7763
      2    144      5      1      9      6     15      8      0   1168   1027
      2    144      5      1     10      7     16      7      1   1344   4728
      2    144      5      1     11      4      5      6      0   1045   1217
      2    144      5      1     12      4      1      4      1    716   2244
      2    144      5      1     13      3      8      4      0    973    906
      2    144      5      1     14      8     14      4      0    718   2075
      2    144      5      1     15      8      6      8      1    814   1031
      2    144      5      1     16      3     16      1      0   1515   1762
      2    144      5      2      1      4     11      3      0   1746
      2    144      5      2      2      2      2      2      1   1296
      2    144      5      2      3      6     11      5      0   2229
      2    144      5      2      4      2      3      6      0   2313
      2    144      5      2      5      5      7      7      0   2347
      2    144      5      2      6      4     10      4      1   1497
      2    144      5      2      7      1     16      4      0   1446
      2    144      5      2      8      6      5      8      0   2163
      2    144      5      2      9      1     10      8      0   1413
      2    144      5      2     10      8      3      8      1   1579
      2    144      5      2     11      8      4      8      1   1280
      2    144      5      2     12      5      2      7      0   2680
      2    144      5      2     13      7     14      4      0   1363
      2    144      5      2     14      3     11      3      1   1096
      2    144      5      2     15      7      6      1      0   1096
      2    144      5      2     16      3      9      5      0   1946
      2    144      6      1      1      5     10      1      0   1430   2645
      2    144      6      1      2      5     10      5      1   1510    935
      2    144      6      1      3      3     13      8      0   1019    826
      2    144      6      1      4      5      6      5      1    926    853
      2    144      6      1      5      6     13      5      0   1388    874
      2    144      6      1      6      1      3      7      0    967   1228
      2    144      6      1      7      1      9      1      1    923    674
      2    144      6      1      8      1      1      2      0    922   1206
      2    144      6      1      9      7      5      1      0   1000   1078
      2    144      6      1     10      6     15      6      1   1373   1072
      2    144      6      1     11      6      8      7      0    898   1763
      2    144      6      1     12      3      2      8      0   1517   2958
      2    144      6      1     13      2      5      3      0   1430    999
      2    144      6      1     14      2      8      2      1    674   2235
      2    144      6      1     15      2      1      2      1   1242   1020
      2    144      6      1     16      2      9      2      1    673   1422
      2    144      6      2      1      6     10      3      0   3480
      2    144      6      2      2      8      2      8      1   1496
      2    144      6      2      3      5      4      7      0   1679
      2    144      6      2      4      2      4      2      1   1596
      2    144      6      2      5      4     13      4      1   1146
      2    144      6      2      6      2     14      8      0   1263
      2    144      6      2      7      8     10      8      1   1246
      2    144      6      2      8      7     12      8      0   1230
      2    144      6      2      9      3     14      7      0   2964
      2    144      6      2     10      6      9      5      0   1313
      2    144      6      2     11      1      6      3      0   1230
      2    144      6      2     12      1     11      1      1   1597
      2    144      6      2     13      3      7      1      0   1397
      2    144      6      2     14      7     15      3      0   1080
      2    144      6      2     15      5     11      6      0   1313
      2    144      6      2     16      4     12      8      0   1579
      2    144      7      1      1      2      5      2      1    826  28973
      2    144      7      1      2      7      8      3      0    684   1328
      2    144      7      1      3      8      8      2      0   1367   6683
      2    144      7      1      4      5     14      6      0   2073   3534
      2    144      7      1      5      5     14      5      1   1356    890
      2    144      7      1      6      2      8      2      1    646   1133
      2    144      7      1      7      5      9      5      1   1432   1530
      2    144      7      1      8      5      6      5      1   1195   4376
      2    144      7      1      9      3     16      3      1    990   2086
      2    144      7      1     10      3      2      3      1    742   3216
      2    144      7      1     11      1      7      3      0    959   1901
      2    144      7      1     12      8     14      8      1   2804   1440
      2    144      7      1     13      5     14      5      1    991   1619
      2    144      7      1     14      5     12      5      1    789   4632
      2    144      7      1     15      7     16      6      0   1333    796
      2    144      7      1     16      1      4      4      0   1279   1732
      2    144      7      2      1      1      6      5      0   2396
      2    144      7      2      2      4     13      5      0   1715
      2    144      7      2      3      2      2      2      1   1830
      2    144      7      2      4      7     15      1      0   1096
      2    144      7      2      5      6     11      3      0   1996
      2    144      7      2      6      5      7      6      0   2030
      2    144      7      2      7      1     11      7      0   1830
      2    144      7      2      8      2     13      3      0   1646
      2    144      7      2      9      5      2      5      1   2029
      2    144      7      2     10      4     15      8      0   1063
      2    144      7      2     11      8      2      8      1   1148
      2    144      7      2     12      7     14      8      0   1580
      2    144      7      2     13      3     15      5      0   1330
      2    144      7      2     14      6      5      5      0   1547
      2    144      7      2     15      8     16      8      1   1197
      2    144      7      2     16      3     14      6      0   2796
      2    144      8      1      1      6      8      6      1    924   7839
      2    144      8      1      2      5      6      5      1   1255   1556
      2    144      8      1      3      5     14      5      1   1096    817
      2    144      8      1      4      8      5      8      1   1760   1401
      2    144      8      1      5      8     14      8      1    835   1343
      2    144      8      1      6      3     16      1      0   1358   1220
      2    144      8      1      7      3     16      3      1    752   1210
      2    144      8      1      8      3      8      3      1    928   2864
      2    144      8      1      9      1      7      5      0   1226   1885
      2    144      8      1     10      1      9      1      1    706    789
      2    144      8      1     11      4     16      2      0    774    855
      2    144      8      1     12      2     10      4      0    840   1970
      2    144      8      1     13      8     14      8      1    771   1174
      2    144      8      1     14      7     16      6      0   1877   1517
      2    144      8      1     15      4      5      7      0   1403   1242
      2    144      8      1     16      2      9      8      0    857   1437
      2    144      8      2      1      1     10      8      0   7030
      2    144      8      2      2      5     16      5      1   1913
      2    144      8      2      3      7      6      7      1   2763
      2    144      8      2      4      3     11      6      0   1279
      2    144      8      2      5      2     14      3      0   1813
      2    144      8      2      6      1      2      4      0   3329
      2    144      8      2      7      2      4      2      1   3581
      2    144      8      2      8      6      3      1      0   1963
      2    144      8      2      9      4     10      3      0   1263
      2    144      8      2     10      7     13      6      0   2929
      2    144      8      2     11      4     12      5      0   2063
      2    144      8      2     12      8      3      3      0   1430
      2    144      8      2     13      8     10      4      0   1463
      2    144      8      2     14      3      9      4      0   1163
      2    144      8      2     15      6     10      7      0   3214
      2    144      8      2     16      5     11      5      1   1947
      2    144      9      1      1      7      4      6      0   1118  36746
      2    144      9      1      2      7     16      7      1    882   1363
      2    144      9      1      3      3      2      7      0    838   3702
      2    144      9      1      4      3      2      7      0    903   2373
      2    144      9      1      5      6      6      8      0    992   1286
      2    144      9      1      6      7      7      2      0    777   1151
      2    144      9      1      7      4     16      6      0   1115   1047
      2    144      9      1      8      6      6      4      0    746   1582
      2    144      9      1      9      7      5      5      0    993   2982
      2    144      9      1     10      4      9      4      1   1585   1459
      2    144      9      1     11      6     16      1      0   1248   1646
      2    144      9      1     12      7      4      7      1   1193   1119
      2    144      9      1     13      5     14      5      1   1004   1839
      2    144      9      1     14      8     13      6      0   1350   1178
      2    144      9      1     15      6      8      7      0    848   6402
      2    144      9      1     16      8      8      8      1   1454   1324
      2    144      9      2      1      8      4      8      1   2612
      2    144      9      2      2      6      9      4      0   3030
      2    144      9      2      3      1      5      7      0   4213
      2    144      9      2      4      2     16      3      0   2780
      2    144      9      2      5      3     12      6      0   1247
      2    144      9      2      6      7     10      7      1   2446
      2    144      9      2      7      1     16      4      0   1096
      2    144      9      2      8      5      8      5      1   1346
      2    144      9      2      9      3      7      3      1   2830
      2    144      9      2     10      6      7      5      0   1296
      2    144      9      2     11      4     11      3      0   1396
      2    144      9      2     12      4      8      2      0   1815
      2    144      9      2     13      2      3      1      0   1363
      2    144      9      2     14      5      4      5      1   1513
      2    144      9      2     15      8      9      8      1   1363
      2    144      9      2     16      7     12      4      0   1930
