      1    185      1      1      1      7     16      7      1   5907
      1    185      1      1      2      1      3      2      0   5568
      1    185      1      1      3      2      2      4      0   6343
      1    185      1      1      4      5      8      5      1   2337
      1    185      1      1      5      2      3      6      0   4636
      1    185      1      1      6      3     12      4      0   6025
      1    185      1      1      7      4      5      3      0   3368
      1    185      1      1      8      1      4      8      0   5642
      1    185      1      1      9      6      5      8      0   8738
      1    185      1      1     10      8     10      8      1  12231
      1    185      1      1     11      5      6      5      1   2787
      1    185      1      1     12      4      1      2      0   5606
      1    185      1      1     13      3     15      2      0   5890
      1    185      1      1     14      6     11      7      0   6103
      1    185      1      1     15      8      2      1      0   6695
      1    185      1      1     16      7     15      7      1   4274
      1    185      1      2      1      6     16      6      1   6475
      1    185      1      2      2      8     13      4      0   7306
      1    185      1      2      3      8     15      4      0   1991
      1    185      1      2      4      1      6      2      0   2491
      1    185      1      2      5      5      9      5      1   1440
      1    185      1      2      6      4     12      3      0   4841
      1    185      1      2      7      7      4      1      0   3275
      1    185      1      2      8      3      9      4      0   3375
      1    185      1      2      9      7      8      8      0   3226
      1    185      1      2     10      2     14      3      0   2792
      1    185      1      2     11      1      1      1      1   2693
      1    185      1      2     12      3      7      2      0   1510
      1    185      1      2     13      4      9      3      0   5776
      1    185      1      2     14      2     13      4      0   3697
      1    185      1      2     15      6     15      6      1   2259
      1    185      1      2     16      5      5      5      1   2543
      1    185      2      1      1      5     14      5      1   1404
      1    185      2      1      2      3      8      1      0   3314
      1    185      2      1      3      3      2      3      1   2395
      1    185      2      1      4      8     14      8      1   2892
      1    185      2      1      5      2     16      4      0   2064
      1    185      2      1      6      7     12      7      1   2577
      1    185      2      1      7      1     14      4      0   4756
      1    185      2      1      8      6      8      6      1   1608
      1    185      2      1      9      7      2      8      0   4405
      1    185      2      1     10      4     11      1      0   5717
      1    185      2      1     11      2     10      8      0   3954
      1    185      2      1     12      8      3      4      0   1503
      1    185      2      1     13      4      8      3      0  11525
      1    185      2      1     14      6     13      6      1   7132
      1    185      2      1     15      1      9      2      0   2531
      1    185      2      1     16      5      4      5      1   1264
      1    185      2      2      1      7      7      7      1   7496
      1    185      2      2      2      4     16      2      0   4125
      1    185      2      2      3      5      7      6      0   4542
      1    185      2      2      4      3     11      1      0   5241
      1    185      2      2      5      2      4      2      1   3140
      1    185      2      2      6      5     16      5      1   1275
      1    185      2      2      7      2      5      2      1   2062
      1    185      2      2      8      7     10      7      1   7079
      1    185      2      2      9      1      2      4      0   2793
      1    185      2      2     10      3     16      8      0   4058
      1    185      2      2     11      6      6      3      0   6326
      1    185      2      2     12      6      7      6      1   1610
      1    185      2      2     13      1     11      1      1   3879
      1    185      2      2     14      4     15      6      0   2844
      1    185      2      2     15      8      5      8      1   3393
      1    185      2      2     16      8      4      8      1   1442
      1    185      3      1      1      1      5      3      0   7293
      1    185      3      1      2      1     10      1      1   1445
      1    185      3      1      3      6     10      8      0   7581
      1    185      3      1      4      5     10      5      1   1355
      1    185      3      1      5      2      9      2      1   1596
      1    185      3      1      6      4     13      3      0   2003
      1    185      3      1      7      8      8      8      1   2085
      1    185      3      1      8      7      5      4      0   2118
      1    185      3      1      9      3     14      3      1   2357
      1    185      3      1     10      8      6      8      1   3893
      1    185      3      1     11      3      6      7      0   5870
      1    185      3      1     12      6      9      6      1   2711
      1    185      3      1     13      4     14      2      0   1328
      1    185      3      1     14      2      1      2      1   1474
      1    185      3      1     15      5      2      5      1   1553
      1    185      3      1     16      7     13      7      1   3826
      1    185      3      2      1      1      7      3      0   5596
      1    185      3      2      2      7     14      7      1   1876
      1    185      3      2      3      3     13      1      0   6328
      1    185      3      2      4      5     11      5      1   1359
      1    185      3      2      5      4      3      1      0   3192
      1    185      3      2      6      8      9      8      1   5510
      1    185      3      2      7      6      3      6      1   1996
      1    185      3      2      8      2      6      2      1   1209
      1    185      3      2      9      6     12      4      0   5242
      1    185      3      2     10      4     10      4      1   3563
      1    185      3      2     11      3     10      1      0   7693
      1    185      3      2     12      2      8      2      1   1541
      1    185      3      2     13      7      6      6      0   1526
      1    185      3      2     14      8     16      8      1   6008
      1    185      3      2     15      5     12      5      1   1463
      1    185      3      2     16      1     16      3      0   3877
      1    185      4      1      1      1      5      1      1   4669
      1    185      4      1      2      6      5      6      1   2343
      1    185      4      1      3      1      3      3      0   2632
      1    185      4      1      4      2     10      2      1   1602
      1    185      4      1      5      6     13      6      1   3020
      1    185      4      1      6      4     11      1      0   3054
      1    185      4      1      7      8      8      8      1   1322
      1    185      4      1      8      7     15      7      1   1233
      1    185      4      1      9      3     14      1      0  11135
      1    185      4      1     10      7     12      3      0   1411
      1    185      4      1     11      5      6      5      1   1715
      1    185      4      1     12      8      2      8      1   2565
      1    185      4      1     13      5      2      5      1   1202
      1    185      4      1     14      3      2      3      1   3073
      1    185      4      1     15      4     14      4      1   3119
      1    185      4      1     16      2     16      4      0   1378
      1    185      4      2      1      3     16      1      0   5029
      1    185      4      2      2      4     12      4      1   3458
      1    185      4      2      3      7     14      7      1   2859
      1    185      4      2      4      5      5      5      1   2079
      1    185      4      2      5      5     11      5      1   1346
      1    185      4      2      6      2     14      4      0   7225
      1    185      4      2      7      2      6      2      1   3443
      1    185      4      2      8      8     13      8      1   1311
      1    185      4      2      9      3     10      1      0   2176
      1    185      4      2     10      7      7      7      1   1945
      1    185      4      2     11      8      5      8      1   1230
      1    185      4      2     12      6      3      6      1   1492
      1    185      4      2     13      4      3      1      0   6392
      1    185      4      2     14      1      6      3      0   2342
      1    185      4      2     15      1      2      3      0   2508
      1    185      4      2     16      6      6      6      1  10826
      1    185      5      1      1      8     14      8      1   1562
      1    185      5      1      2      8     10      8      1   4621
      1    185      5      1      3      4      5      3      0   2325
      1    185      5      1      4      7     16      4      0   1675
      1    185      5      1      5      3      6      1      0   1593
      1    185      5      1      6      2      1      2      1   3753
      1    185      5      1      7      7     13      7      1   1489
      1    185      5      1      8      6     10      3      0   2715
      1    185      5      1      9      1      4      4      0   2845
      1    185      5      1     10      2      9      4      0   2942
      1    185      5      1     11      4     13      3      0   2283
      1    185      5      1     12      5     14      5      1   1261
      1    185      5      1     13      5      8      5      1   1226
      1    185      5      1     14      6      8      6      1   2140
      1    185      5      1     15      3     15      1      0   2531
      1    185      5      1     16      1      9      1      1   2254
      1    185      5      2      1      7     10      7      1   2296
      1    185      5      2      2      5     16      5      1   1092
      1    185      5      2      3      1     16      3      0   5725
      1    185      5      2      4      8     16      8      1   4743
      1    185      5      2      5      4     10      4      1   6560
      1    185      5      2      6      3     13      3      1   9413
      1    185      5      2      7      1      7      3      0   2126
      1    185      5      2      8      6     15      6      1   3826
      1    185      5      2      9      2      5      2      1   1425
      1    185      5      2     10      6      7      6      1   1776
      1    185      5      2     11      4      9      4      1   2093
      1    185      5      2     12      8     15      8      1    995
      1    185      5      2     13      7      8      7      1   1591
      1    185      5      2     14      5     12      5      1   1309
      1    185      5      2     15      2      8      2      1   1392
      1    185      5      2     16      3      9      3      1   3925
      1    185      6      1      1      7      2      7      1   1788
      1    185      6      1      2      3     12      3      1   1651
      1    185      6      1      3      4      1      4      1   3058
      1    185      6      1      4      2      3      4      0   2092
      1    185      6      1      5      7      5      7      1   2022
      1    185      6      1      6      2      2      1      0   2288
      1    185      6      1      7      1     14      3      0   3605
      1    185      6      1      8      3      8      3      1   3932
      1    185      6      1      9      4      8      4      1   2379
      1    185      6      1     10      5      4      5      1   1148
      1    185      6      1     11      5     10      5      1   1213
      1    185      6      1     12      8      3      8      1   1087
      1    185      6      1     13      1     10      3      0   3539
      1    185      6      1     14      6      9      6      1   2350
      1    185      6      1     15      6     11      6      1   1787
      1    185      6      1     16      8      6      8      1   1406
      1    185      6      2      1      1      1      4      0   4194
      1    185      6      2      2      3      7      3      1   2930
      1    185      6      2      3      5      9      5      1   1258
      1    185      6      2      4      2      4      2      1   2375
      1    185      6      2      5      6     12      3      0   3625
      1    185      6      2      6      4     16      4      1   1959
      1    185      6      2      7      3     11      1      0   1759
      1    185      6      2      8      6     16      6      1   3779
      1    185      6      2      9      7      6      7      1   1059
      1    185      6      2     10      2     13      4      0   2542
      1    185      6      2     11      1     11      3      0   2492
      1    185      6      2     12      7      4      7      1   3144
      1    185      6      2     13      4     15      3      0   2579
      1    185      6      2     14      8      9      8      1    979
      1    185      6      2     15      5      7      5      1   1327
      1    185      6      2     16      8      4      8      1   1059
      1    185      7      1      1      8     14      8      1   1004
      1    185      7      1      2      1      9      1      1   1574
      1    185      7      1      3      5      6      5      1   1128
      1    185      7      1      4      4      8      4      1   2269
      1    185      7      1      5      3     12      3      1   1393
      1    185      7      1      6      6     13      6      1   2002
      1    185      7      1      7      6      5      6      1   2974
      1    185      7      1      8      7      2      7      1   1079
      1    185      7      1      9      8     10      8      1   2124
      1    185      7      1     10      4      1      7      0   9053
      1    185      7      1     11      5     14      5      1   1036
      1    185      7      1     12      2      1      2      1   4140
      1    185      7      1     13      1      5      3      0  15959
      1    185      7      1     14      3      6      3      1   1617
      1    185      7      1     15      2      9      4      0   1843
      1    185      7      1     16      7     12      7      1   1383
      1    185      7      2      1      3     10      3      1   4046
      1    185      7      2      2      7      4      7      1   4992
      1    185      7      2      3      1     11      4      0   9827
      1    185      7      2      4      1      6      3      0   3993
      1    185      7      2      5      2      5      2      1   1492
      1    185      7      2      6      6      7      6      1   2892
      1    185      7      2      7      8     13      8      1   1008
      1    185      7      2      8      4     10      4      1   2574
      1    185      7      2      9      4     16      2      0   1709
      1    185      7      2     10      8      5      8      1   1208
      1    185      7      2     11      5     16      5      1   1425
      1    185      7      2     12      6      6      8      0   4829
      1    185      7      2     13      2      6      2      1   1609
      1    185      7      2     14      7     14      7      1   2893
      1    185      7      2     15      3     11      3      1   3011
      1    185      7      2     16      5     12      5      1   1392
      1    185      8      1      1      4     14      4      1   3523
      1    185      8      1      2      7     16      7      1   3295
      1    185      8      1      3      4     11      4      1   4677
      1    185      8      1      4      7     15      7      1   1605
      1    185      8      1      5      6      8      6      1   1640
      1    185      8      1      6      1     10      1      1   6821
      1    185      8      1      7      5      2      5      1   1363
      1    185      8      1      8      1      4      1      1   2003
      1    185      8      1      9      2      2      2      1   3099
      1    185      8      1     10      3      8      3      1   2403
      1    185      8      1     11      3     14      3      1   2174
      1    185      8      1     12      2     16      2      1   1656
      1    185      8      1     13      6     10      6      1   4558
      1    185      8      1     14      8      2      8      1   1564
      1    185      8      1     15      8      6      8      1   1133
      1    185      8      1     16      5     10      5      1   1171
      1    185      8      2      1      1      1      3      0   4063
      1    185      8      2      2      8      4      8      1   1109
      1    185      8      2      3      6     15      6      1   2193
      1    185      8      2      4      1      2      1      1   3191
      1    185      8      2      5      5      7      5      1   3093
      1    185      8      2      6      4      3      3      0   3324
      1    185      8      2      7      3     13      3      1   2874
      1    185      8      2      8      2      4      2      1   2643
      1    185      8      2      9      4     12      4      1   2124
      1    185      8      2     10      2      8      2      1   3162
      1    185      8      2     11      3      7      3      1   1758
      1    185      8      2     12      6     12      3      0   3292
      1    185      8      2     13      7      6      7      1   1559
      1    185      8      2     14      5     11      5      1   2291
      1    185      8      2     15      8     16      8      1   2826
      1    185      8      2     16      7     10      7      1   3341
      1    185      9      1      1      7     13      7      1   1617
      1    185      9      1      2      6     11      6      1   1710
      1    185      9      1      3      3      2      3      1   1304
      1    185      9      1      4      1      3      1      1   3973
      1    185      9      1      5      8      3      8      1   1258
      1    185      9      1      6      1     14      1      1   2812
      1    185      9      1      7      3     15      3      1   1624
      1    185      9      1      8      7      5      7      1   1521
      1    185      9      1      9      2      3      1      0   2253
      1    185      9      1     10      4     13      3      0   3324
      1    185      9      1     11      4      5      4      1   1617
      1    185      9      1     12      6      9      6      1   1471
      1    185      9      1     13      2     10      2      1   1397
      1    185      9      1     14      5      4      5      1   1231
      1    185      9      1     15      8      8      8      1   2544
      1    185      9      1     16      5      8      5      1   1370
      1    185      9      2      1      4      9      4      1   3447
      1    185      9      2      2      4     15      3      0   2142
      1    185      9      2      3      2     13      2      1   1791
      1    185      9      2      4      6      3      6      1   1959
      1    185      9      2      5      8     15      8      1   1058
      1    185      9      2      6      5      9      5      1   1275
      1    185      9      2      7      3      9      3      1   3074
      1    185      9      2      8      5      5      5      1   1558
      1    185      9      2      9      1      7      1      1   2609
      1    185      9      2     10      1     16      1      1   3392
      1    185      9      2     11      7      7      7      1   1292
      1    185      9      2     12      7      8      7      1   1975
      1    185      9      2     13      3     16      3      1   1658
      1    185      9      2     14      2     14      4      0   2541
      1    185      9      2     15      8      9      8      1   1329
      1    185      9      2     16      6     16      2      0   1543
