      2    141      1      1      1      1      1      6      0   5579   3039
      2    141      1      1      2      1      2      8      0   2307   5926
      2    141      1      1      3      8      9      8      1   1274   3251
      2    141      1      1      4      5      6      5      1   3332   4923
      2    141      1      1      5      2      3      2      1   3096   2629
      2    141      1      1      6      5      8      5      1   1414   4308
      2    141      1      1      7      5     16      5      1   1183   1211
      2    141      1      1      8      5     11      5      1   1235   4336
      2    141      1      1      9      5      9      5      1    948   2079
      2    141      1      1     10      7     12      4      0   9240   4066
      2    141      1      1     11      6      3      7      0   2126   2683
      2    141      1      1     12      3     14      6      0   2384   2159
      2    141      1      1     13      7      4      3      0   1776   1685
      2    141      1      1     14      8      8      8      1   1674   2335
      2    141      1      1     15      8     16      8      1   1620  22883
      2    141      1      1     16      1      2      1      1   4312   2746
      2    141      1      2      1      8      4      1      0   4800
      2    141      1      2      2      3      9      6      0   5048
      2    141      1      2      3      8     14      8      1   2013
      2    141      1      2      4      6     13      7      0   3647
      2    141      1      2      5      4     15      1      0   1746
      2    141      1      2      6      5      7      5      1   2147
      2    141      1      2      7      4     11      4      1   2880
      2    141      1      2      8      7      8      3      0   4131
      2    141      1      2      9      1     10      8      0   2246
      2    141      1      2     10      2      8      5      0   1845
      2    141      1      2     11      2     10      5      0   6296
      2    141      1      2     12      5      4      5      1   1146
      2    141      1      2     13      1      5      6      0   3347
      2    141      1      2     14      6      9      7      0   1963
      2    141      1      2     15      3     16      3      1   2063
      2    141      1      2     16      7     15      6      0   2163
      2    141      2      1      1      5     14      5      1   1907   4514
      2    141      2      1      2      8     16      1      0   3214   1814
      2    141      2      1      3      7      4      7      1   2027   1634
      2    141      2      1      4      7     12      7      1   1618   4188
      2    141      2      1      5      7      2      7      1   1510   8520
      2    141      2      1      6      4      5      6      0   2447   4707
      2    141      2      1      7      3     11      4      0   1228   1250
      2    141      2      1      8      7     14      4      0   3523   2836
      2    141      2      1      9      6      3      7      0   2047  20777
      2    141      2      1     10      8      8      8      1   1755   1556
      2    141      2      1     11      2     14      5      0   3593   1285
      2    141      2      1     12      4     16      2      0   2849   5270
      2    141      2      1     13      4     12      1      0   4326    870
      2    141      2      1     14      4      8      4      1    926   3083
      2    141      2      1     15      3     15      6      0   3819   1775
      2    141      2      1     16      1      6      3      0   1395   1716
      2    141      2      2      1      5      2      5      1   5196
      2    141      2      2      2      5     12      5      1   1313
      2    141      2      2      3      6     10      3      0   3730
      2    141      2      2      4      6      7      6      1   3098
      2    141      2      2      5      3     12      4      0   3796
      2    141      2      2      6      7     13      4      0   1146
      2    141      2      2      7      4      3      4      1   1296
      2    141      2      2      8      8     13      8      1   1729
      2    141      2      2      9      2     13      4      0   1430
      2    141      2      2     10      8     10      8      1   4246
      2    141      2      2     11      4     14      4      1   3796
      2    141      2      2     12      2      5      2      1   2962
      2    141      2      2     13      3      2      6      0   5896
      2    141      2      2     14      7      6      6      0   1346
      2    141      2      2     15      1     14      7      0  15046
      2    141      2      2     16      1      9      4      0   1530
      2    141      3      1      1      7     16      3      0   3330   2778
      2    141      3      1      2      3     13      6      0   1750   4970
      2    141      3      1      3      5     14      5      1   1490   1554
      2    141      3      1      4      2      4      2      1   1749   2892
      2    141      3      1      5      3     15      6      0   1826   2384
      2    141      3      1      6      3     13      3      1   2100   2060
      2    141      3      1      7      7     12      3      0   1222   1506
      2    141      3      1      8      3     10      3      1   1436   1426
      2    141      3      1      9      3     11      3      1   1084   2492
      2    141      3      1     10      7      2      7      1   1641   9537
      2    141      3      1     11      3     15      3      1   1594   2365
      2    141      3      1     12      7     16      6      0   2641  11068
      2    141      3      1     13      6     15      1      0   4043   3564
      2    141      3      1     14      6      3      6      1   1086   1808
      2    141      3      1     15      8      5      8      1    998   7849
      2    141      3      1     16      8      8      8      1    819   1659
      2    141      3      2      1      1      7      3      0   3380
      2    141      3      2      2      4     13      7      0   5280
      2    141      3      2      3      3      7      3      1   2830
      2    141      3      2      4      7     10      6      0   1663
      2    141      3      2      5      3      6      3      1   1380
      2    141      3      2      6      2      6      2      1   3463
      2    141      3      2      7      6     11      6      1   1714
      2    141      3      2      8      7      5      7      1   2496
      2    141      3      2      9      6     16      6      1   1397
      2    141      3      2     10      8     15      8      1   1413
      2    141      3      2     11      4      1      2      0   4963
      2    141      3      2     12      8      6      8      1   1281
      2    141      3      2     13      5      5      6      0   3180
      2    141      3      2     14      2      1      2      1   5396
      2    141      3      2     15      5     10      5      1   5646
      2    141      3      2     16      1     11      2      0   7847
      2    141      4      1      1      7     14      1      0   3646   2946
      2    141      4      1      2      3     13      3      1   1111   3247
      2    141      4      1      3      1      4      5      0   3601   1045
      2    141      4      1      4      7     12      6      0   5178    968
      2    141      4      1      5      3     10      6      0   3165   1063
      2    141      4      1      6      6     15      6      1   1405   1339
      2    141      4      1      7      2      2      2      1   2146   1914
      2    141      4      1      8      4     12      2      0    926   1252
      2    141      4      1      9      2      9      2      1    891   1354
      2    141      4      1     10      7      2      7      1   2668   1277
      2    141      4      1     11      5     11      5      1   1148    964
      2    141      4      1     12      2      4      2      1   1977   3164
      2    141      4      1     13      1      2      8      0   1129   1282
      2    141      4      1     14      8     16      8      1   1154    974
      2    141      4      1     15      4      8      4      1   1312    950
      2    141      4      1     16      7     16      6      0  12279    816
      2    141      4      2      1      3      6      3      1   1546
      2    141      4      2      2      8      4      8      1   1296
      2    141      4      2      3      3     12      3      1   3413
      2    141      4      2      4      8     10      8      1   1046
      2    141      4      2      5      7     13      7      1   1663
      2    141      4      2      6      1     10      1      1   3697
      2    141      4      2      7      6     13      6      1   4413
      2    141      4      2      8      7      8      7      1   2214
      2    141      4      2      9      6     11      6      1   2046
      2    141      4      2     10      4      3      4      1   7329
      2    141      4      2     11      2      8      2      1   2980
      2    141      4      2     12      2     13      2      1   1663
      2    141      4      2     13      5      2      5      1   2029
      2    141      4      2     14      5      7      5      1   1298
      2    141      4      2     15      1      7      1      1   2430
      2    141      4      2     16      4      1      2      0   1863
      2    141      5      1      1      6      3      6      1   2102  42832
      2    141      5      1      2      7      7      7      1   2811   2366
      2    141      5      1      3      5     16      5      1    811   1267
      2    141      5      1      4      1      1      1      1  10223   1188
      2    141      5      1      5      4     10      2      0   6555   2304
      2    141      5      1      6      5      9      5      1    784   1810
      2    141      5      1      7      1      3      2      0   1658   1087
      2    141      5      1      8      2      3      4      0   3929   1582
      2    141      5      1      9      3     14      3      1    927    686
      2    141      5      1     10      8      5      8      1    849    963
      2    141      5      1     11      3     11      3      1    995    767
      2    141      5      1     12      8      8      8      1   1136   1142
      2    141      5      1     13      3     15      3      1   1193    936
      2    141      5      1     14      5     14      5      1   1175   1320
      2    141      5      1     15      5      6      5      1    959   1169
      2    141      5      1     16      6      5      4      0   5660    985
      2    141      5      2      1      2      6      2      1   8713
      2    141      5      2      2      7      5      7      1   9246
      2    141      5      2      3      6     10      6      1   2030
      2    141      5      2      4      3      2      3      1   1280
      2    141      5      2      5      8      6      8      1   1080
      2    141      5      2      6      8     13      8      1   1163
      2    141      5      2      7      7      6      6      0   3314
      2    141      5      2      8      5      5      5      1   7896
      2    141      5      2      9      2      1      2      1   1746
      2    141      5      2     10      4     13      1      0   2346
      2    141      5      2     11      5      4      5      1   2413
      2    141      5      2     12      1      9      1      1   5330
      2    141      5      2     13      4     14      2      0   3879
      2    141      5      2     14      1     14      6      0   6296
      2    141      5      2     15      3      9      3      1   1213
      2    141      5      2     16      6      9      6      1   1113
      2    141      6      1      1      2     16      2      1  21018   8694
      2    141      6      1      2      8      3      8      1   3190    806
      2    141      6      1      3      8      2      8      1   2026   1235
      2    141      6      1      4      6      6      6      1   3015   1430
      2    141      6      1      5      6     12      6      1   1767    929
      2    141      6      1      6      4      5      1      0   4063   1082
      2    141      6      1      7      6      8      6      1   3855   1489
      2    141      6      1      8      8      9      8      1    899    880
      2    141      6      1      9      1     16      4      0   3376   2134
      2    141      6      1     10      5      8      5      1   1041   1686
      2    141      6      1     11      1      6      4      0   4639   1022
      2    141      6      1     12      3      8      3      1   1692   1336
      2    141      6      1     13      4     12      4      1   2979   1764
      2    141      6      1     14      2      2      2      1   1940  26282
      2    141      6      1     15      2      9      2      1   1079    916
      2    141      6      1     16      1      3      1      1    923   5913
      2    141      6      2      1      8     14      8      1   1246
      2    141      6      2      2      2      5      2      1   1613
      2    141      6      2      3      3     16      3      1   1663
      2    141      6      2      4      2     10      2      1   2513
      2    141      6      2      5      3      7      3      1   1413
      2    141      6      2      6      5     10      5      1   1280
      2    141      6      2      7      1      5      1      1   2547
      2    141      6      2      8      4     15      1      0   3930
      2    141      6      2      9      4     11      4      1   1313
      2    141      6      2     10      7     10      7      1   2181
      2    141      6      2     11      5     12      5      1   1146
      2    141      6      2     12      8     15      8      1   2479
      2    141      6      2     13      1     11      1      1   1730
      2    141      6      2     14      6      7      6      1   1146
      2    141      6      2     15      7     15      7      1   1714
      2    141      6      2     16      6     16      6      1   1231
      2    141      7      1      1      6     15      6      1   2810   3746
      2    141      7      1      2      3     10      3      1   2097   1248
      2    141      7      1      3      7     12      7      1   3450    863
      2    141      7      1      4      1      4      1      1   1371    991
      2    141      7      1      5      3     13      3      1   3599   1462
      2    141      7      1      6      7     14      7      1  20310   1152
      2    141      7      1      7      4      8      4      1   2731  18129
      2    141      7      1      8      7     16      4      0   3015    931
      2    141      7      1      9      7      4      7      1   1684    945
      2    141      7      1     10      4     16      1      0   4438    725
      2    141      7      1     11      2     14      1      0   3639    923
      2    141      7      1     12      4      9      7      0   9125    937
      2    141      7      1     13      6      3      6      1    926   3763
      2    141      7      1     14      7      7      7      1   1733    780
      2    141      7      1     15      5     16      5      1    853   1108
      2    141      7      1     16      5     16      5      1   1058   4563
      2    141      7      2      1      3      9      3      1   5030
      2    141      7      2      2      2      5      2      1   1746
      2    141      7      2      3      2      8      2      1   1245
      2    141      7      2      4      7      5      1      0   3231
      2    141      7      2      5      1     14      6      0   1463
      2    141      7      2      6      7     13      7      1   1413
      2    141      7      2      7      6     13      6      1   1230
      2    141      7      2      8      8     14      8      1    913
      2    141      7      2      9      6     11      6      1   1129
      2    141      7      2     10      8     13      8      1   1231
      2    141      7      2     11      4     14      4      1   4229
      2    141      7      2     12      1      9      1      1   3429
      2    141      7      2     13      5      2      5      1   1746
      2    141      7      2     14      5      5      5      1   2813
      2    141      7      2     15      4      1      4      1   2513
      2    141      7      2     16      3      7      3      1   1397
      2    141      8      1      1      8     16      8      1   1076  13042
      2    141      8      1      2      7      7      7      1   1769   1442
      2    141      8      1      3      8      5      8      1    761    935
      2    141      8      1      4      8      3      8      1   1358   1519
      2    141      8      1      5      5      8      5      1   1088   1689
      2    141      8      1      6      1      6      1      1   2095   3711
      2    141      8      1      7      3      8      3      1   6562   2131
      2    141      8      1      8      6     12      6      1   1151   1676
      2    141      8      1      9      5     14      5      1    944    968
      2    141      8      1     10      1      3      4      0   1835   1560
      2    141      8      1     11      4      9      4      1   1223    972
      2    141      8      1     12      4      9      4      1   1623    906
      2    141      8      1     13      1      2      4      0   2573   1089
      2    141      8      1     14      2      4      2      1   1431   1164
      2    141      8      1     15      2     14      2      1   6053   1208
      2    141      8      1     16      4     16      2      0   1169   1259
      2    141      8      2      1      2      6      2      1   2663
      2    141      8      2      2      3      6      3      1    996
      2    141      8      2      3      4     11      4      1   2565
      2    141      8      2      4      1     10      1      1   1530
      2    141      8      2      5      2     10      2      1   2580
      2    141      8      2      6      6     10      6      1   1213
      2    141      8      2      7      6      7      6      1   1629
      2    141      8      2      8      7     15      7      1    946
      2    141      8      2      9      5     12      5      1   1746
      2    141      8      2     10      8     10      8      1   1413
      2    141      8      2     11      7      6      6      0   2213
      2    141      8      2     12      3     12      3      1   1215
      2    141      8      2     13      5      4      5      1   1013
      2    141      8      2     14      8      4      8      1   1464
      2    141      8      2     15      4      3      4      1   4296
      2    141      8      2     16      1      5      1      1   1063
      2    141      9      1      1      1      2      1      1   2754   4650
      2    141      9      1      2      2      4      2      1    881   1231
      2    141      9      1      3      7      2      7      1    758   1271
      2    141      9      1      4      2      9      2      1   1689   3002
      2    141      9      1      5      2      2      2      1   1879    883
      2    141      9      1      6      4     12      4      1    922   1090
      2    141      9      1      7      8     16      8      1    958   1038
      2    141      9      1      8      4      8      4      1   4598   1363
      2    141      9      1      9      7     16      4      0   1179   1050
      2    141      9      1     10      7      4      6      0   1427    902
      2    141      9      1     11      4     16      4      1   3227   1934
      2    141      9      1     12      5      6      5      1   1070  13148
      2    141      9      1     13      6      8      6      1   1124   1071
      2    141      9      1     14      8      8      8      1   1094   7637
      2    141      9      1     15      7     16      7      1   1880   1132
      2    141      9      1     16      5      9      5      1    885   1360
      2    141      9      2      1      1     11      1      1   5613
      2    141      9      2      2      3      2      3      1   3696
      2    141      9      2      3      6      9      6      1   3563
      2    141      9      2      4      5     10      5      1   1247
      2    141      9      2      5      3     16      3      1   1079
      2    141      9      2      6      5      7      5      1   1297
      2    141      9      2      7      2      1      2      1   1463
      2    141      9      2      8      6     16      6      1   1281
      2    141      9      2      9      4     13      4      1   4496
      2    141      9      2     10      2     13      2      1   6180
      2    141      9      2     11      4     15      3      0   1246
      2    141      9      2     12      8      6      8      1   1096
      2    141      9      2     13      1      7      1      1   1181
      2    141      9      2     14      8     15      8      1   1263
      2    141      9      2     15      7     10      7      1   1297
      2    141      9      2     16      7      8      7      1   3230
