      1    138      1      1      1      3     11      3      1   3727
      1    138      1      1      2      5      6      5      1   4844
      1    138      1      1      3      6      3      1      0   4207
      1    138      1      1      4      4      5      1      0   8098
      1    138      1      1      5      2     14      8      0   3849
      1    138      1      1      6      5      8      5      1   1398
      1    138      1      1      7      1      3      1      1   1758
      1    138      1      1      8      4     14      4      1   4782
      1    138      1      1      9      1     14      8      0   5266
      1    138      1      1     10      6     16      3      0   4268
      1    138      1      1     11      8     13      8      1   3119
      1    138      1      1     12      7     10      3      0   3587
      1    138      1      1     13      8      8      6      0   4305
      1    138      1      1     14      3      7      3      1   3937
      1    138      1      1     15      7      6      3      0   2656
      1    138      1      1     16      2     13      2      1   1356
      1    138      1      2      1      8     15      2      0   3879
      1    138      1      2      2      4      1      1      0   4558
      1    138      1      2      3      4      8      4      1   3742
      1    138      1      2      4      5      9      5      1   1192
      1    138      1      2      5      6      8      1      0   6625
      1    138      1      2      6      1     16      3      0   4494
      1    138      1      2      7      7     13      7      1   2563
      1    138      1      2      8      2      8      2      1   2892
      1    138      1      2      9      8     14      8      1   1594
      1    138      1      2     10      6     15      6      1   4244
      1    138      1      2     11      2      4      2      1    927
      1    138      1      2     12      3      9      1      0   1177
      1    138      1      2     13      3      2      3      1   1610
      1    138      1      2     14      1     11      1      1   1561
      1    138      1      2     15      5     12      5      1   1027
      1    138      1      2     16      7      5      7      1   4828
      1    138      2      1      1      8      5      8      1   3338
      1    138      2      1      2      5     10      5      1   1171
      1    138      2      1      3      8      3      8      1   2287
      1    138      2      1      4      4     13      2      0   1129
      1    138      2      1      5      2      2      1      0   1635
      1    138      2      1      6      7      4      7      1   1899
      1    138      2      1      7      4      3      3      0   2592
      1    138      2      1      8      3     15      6      0   3558
      1    138      2      1      9      2      6      2      1   1064
      1    138      2      1     10      1      1      4      0   2575
      1    138      2      1     11      5      7      5      1   1298
      1    138      2      1     12      6     11      4      0   2810
      1    138      2      1     13      7      7      3      0   2355
      1    138      2      1     14      1      9      2      0   1166
      1    138      2      1     15      6      7      7      0   3467
      1    138      2      1     16      3      8      3      1   4280
      1    138      2      2      1      1      4      1      1   3730
      1    138      2      2      2      4     10      2      0   1977
      1    138      2      2      3      5      2      5      1   1126
      1    138      2      2      4      2      3      7      0   5027
      1    138      2      2      5      7      8      3      0   2760
      1    138      2      2      6      3     14      3      1   3360
      1    138      2      2      7      8      2      2      0   1743
      1    138      2      2      8      6     10      6      1   2111
      1    138      2      2      9      2      1      2      1   1993
      1    138      2      2     10      4      9      7      0   2478
      1    138      2      2     11      7     14      4      0   1043
      1    138      2      2     12      8      9      8      1   1227
      1    138      2      2     13      6     13      4      0   2065
      1    138      2      2     14      3     10      1      0   1895
      1    138      2      2     15      1     10      6      0   2130
      1    138      2      2     16      5     14      5      1    944
      1    138      3      1      1      1      5      1      1   3444
      1    138      3      1      2      6      5      7      0   3108
      1    138      3      1      3      2     10      2      1   3939
      1    138      3      1      4      4     11      4      1   5396
      1    138      3      1      5      7     16      6      0   6722
      1    138      3      1      6      8     16      8      1   1405
      1    138      3      1      7      5      4      5      1    949
      1    138      3      1      8      1      2      4      0   4467
      1    138      3      1      9      6      6      7      0   3059
      1    138      3      1     10      8      4      8      1   1122
      1    138      3      1     11      7     15      6      0   8837
      1    138      3      1     12      3     13      3      1   3989
      1    138      3      1     13      5      5      5      1   1268
      1    138      3      1     14      4     16      2      0   1167
      1    138      3      1     15      2      5      2      1    980
      1    138      3      1     16      3     16      3      1   1302
      1    138      3      2      1      5     11      5      1    997
      1    138      3      2      2      7     12      3      0   3449
      1    138      3      2      3      3      6      3      1   3043
      1    138      3      2      4      4     12      4      1   3294
      1    138      3      2      5      2     16      2      1    811
      1    138      3      2      6      6      9      6      1   1811
      1    138      3      2      7      5     16      5      1   1061
      1    138      3      2      8      1      6      1      1   3161
      1    138      3      2      9      2      9      2      1   1026
      1    138      3      2     10      1      7      7      0   2997
      1    138      3      2     11      4     15      7      0   6227
      1    138      3      2     12      6     12      1      0   2327
      1    138      3      2     13      8      6      8      1    877
      1    138      3      2     14      7      2      6      0   2244
      1    138      3      2     15      3     12      4      0   1143
      1    138      3      2     16      8     10      8      1    843
      1    138      4      1      1      4     11      4      1   3499
      1    138      4      1      2      2     10      2      1   8412
      1    138      4      1      3      6      3      6      1   1461
      1    138      4      1      4      7      7      7      1   6026
      1    138      4      1      5      5      4      5      1   1008
      1    138      4      1      6      7      6      7      1   4388
      1    138      4      1      7      1      5      1      1   1530
      1    138      4      1      8      2      2      2      1   1226
      1    138      4      1      9      6     16      3      0   1544
      1    138      4      1     10      3     13      3      1   2170
      1    138      4      1     11      4      3      4      1   1518
      1    138      4      1     12      8      5      8      1    995
      1    138      4      1     13      3     15      3      1   1262
      1    138      4      1     14      8     16      8      1   1020
      1    138      4      1     15      1     14      1      1   3245
      1    138      4      1     16      5      8      5      1    956
      1    138      4      2      1      1     10      4      0   4814
      1    138      4      2      2      6      8      6      1   2613
      1    138      4      2      3      8     14      8      1    963
      1    138      4      2      4      6     15      6      1   1313
      1    138      4      2      5      2      9      2      1   1643
      1    138      4      2      6      7      5      7      1   3743
      1    138      4      2      7      4     10      7      0   3793
      1    138      4      2      8      3     14      3      1   1044
      1    138      4      2      9      3      9      3      1    760
      1    138      4      2     10      7      8      1      0   1044
      1    138      4      2     11      5      2      5      1    877
      1    138      4      2     12      4      8      4      1   1661
      1    138      4      2     13      2      4      2      1   2327
      1    138      4      2     14      8      2      8      1   1211
      1    138      4      2     15      5     14      5      1    760
      1    138      4      2     16      1      4      1      1    961
      1    138      5      1      1      5      7      5      1   1023
      1    138      5      1      2      4      5      7      0   2745
      1    138      5      1      3      1      9      1      1    923
      1    138      5      1      4      5      5      5      1    858
      1    138      5      1      5      7     10      4      0   1515
      1    138      5      1      6      6      7      6      1   1559
      1    138      5      1      7      3     11      3      1   1362
      1    138      5      1      8      7     16      7      1   3895
      1    138      5      1      9      1      1      4      0   5803
      1    138      5      1     10      6      6      7      0   7984
      1    138      5      1     11      2     14      8      0   1332
      1    138      5      1     12      3      7      3      1   1259
      1    138      5      1     13      8     13      8      1   1056
      1    138      5      1     14      2      6      2      1    873
      1    138      5      1     15      8      3      8      1    911
      1    138      5      1     16      4     16      4      1   4066
      1    138      5      2      1      8     15      8      1   1080
      1    138      5      2      2      1     16      1      1   1246
      1    138      5      2      3      6     10      6      1   1278
      1    138      5      2      4      7     13      6      0   4545
      1    138      5      2      5      4      9      4      1   2144
      1    138      5      2      6      2      1      2      1    760
      1    138      5      2      7      1      7      1      1   2228
      1    138      5      2      8      8      9      8      1    810
      1    138      5      2      9      7     14      3      0   2961
      1    138      5      2     10      4     12      4      1   1978
      1    138      5      2     11      5     12      5      1    728
      1    138      5      2     12      3     12      3      1    913
      1    138      5      2     13      5      9      5      1    812
      1    138      5      2     14      6     13      7      0   2332
      1    138      5      2     15      2     16      2      1   2311
      1    138      5      2     16      3     10      3      1    946
      1    138      6      1      1      6      5      6      1   1828
      1    138      6      1      2      6     11      6      1   1184
      1    138      6      1      3      1      3      1      1   1051
      1    138      6      1      4      2     13      4      0   2142
      1    138      6      1      5      1      2      1      1    906
      1    138      6      1      6      8      8      8      1   1098
      1    138      6      1      7      5     10      5      1    844
      1    138      6      1      8      4     14      4      1   2622
      1    138      6      1      9      7     15      6      0   1464
      1    138      6      1     10      3      8      3      1   1448
      1    138      6      1     11      7      4      6      0   1126
      1    138      6      1     12      4     13      4      1   1689
      1    138      6      1     13      5      6      5      1    914
      1    138      6      1     14      3     16      3      1   2364
      1    138      6      1     15      8      4      8      1    968
      1    138      6      1     16      2      5      2      1   1526
      1    138      6      2      1      4      1      1      0   2081
      1    138      6      2      2      4     15      3      0   3195
      1    138      6      2      3      3      2      3      1    843
      1    138      6      2      4      3      6      1      0   1662
      1    138      6      2      5      7     12      7      1   3298
      1    138      6      2      6      8     10      8      1   1062
      1    138      6      2      7      5     11      5      1    846
      1    138      6      2      8      2      8      2      1   1110
      1    138      6      2      9      5     16      5      1    779
      1    138      6      2     10      7      2      7      1   2944
      1    138      6      2     11      6     12      6      1   1679
      1    138      6      2     12      6      9      6      1    960
      1    138      6      2     13      8      6      8      1    863
      1    138      6      2     14      2      3      4      0   1411
      1    138      6      2     15      1      6      1      1   1811
      1    138      6      2     16      1     11      4      0   2330
      1    138      7      1      1      8      4      8      1   1555
      1    138      7      1      2      8     13      8      1   1250
      1    138      7      1      3      1     14      1      1   1097
      1    138      7      1      4      3     11      3      1   1235
      1    138      7      1      5      4      5      7      0   1740
      1    138      7      1      6      7     16      7      1   2289
      1    138      7      1      7      5      4      5      1    887
      1    138      7      1      8      7     10      6      0   2938
      1    138      7      1      9      5      7      5      1    874
      1    138      7      1     10      6      3      6      1   2740
      1    138      7      1     11      2      6      2      1    902
      1    138      7      1     12      2      2      4      0   1560
      1    138      7      1     13      1      5      1      1    992
      1    138      7      1     14      6      5      6      1   1349
      1    138      7      1     15      3     16      3      1   1138
      1    138      7      1     16      4     13      4      1   1357
      1    138      7      2      1      3     14      3      1   1297
      1    138      7      2      2      6     13      7      0   5494
      1    138      7      2      3      7     13      7      1   1944
      1    138      7      2      4      5     12      5      1    894
      1    138      7      2      5      6     12      4      0   7061
      1    138      7      2      6      2      8      2      1    945
      1    138      7      2      7      4     12      4      1   2344
      1    138      7      2      8      4      1      1      0   2913
      1    138      7      2      9      1     10      8      0   4461
      1    138      7      2     10      8      2      8      1    960
      1    138      7      2     11      1     11      1      1   2612
      1    138      7      2     12      7      2      7      1   2262
      1    138      7      2     13      8      6      8      1   1143
      1    138      7      2     14      3      6      3      1    910
      1    138      7      2     15      5      2      5      1    743
      1    138      7      2     16      2     16      2      1    810
      1    138      8      1      1      8      5      8      1    878
      1    138      8      1      2      5      5      5      1    894
      1    138      8      1      3      8      3      8      1   1174
      1    138      8      1      4      3     15      3      1   1443
      1    138      8      1      5      1      9      1      1   2273
      1    138      8      1      6      5     10      5      1    796
      1    138      8      1      7      7     15      7      1   2333
      1    138      8      1      8      6      6      6      1   1077
      1    138      8      1      9      3     13      3      1    916
      1    138      8      1     10      4      3      1      0   2624
      1    138      8      1     11      2     10      4      0   3102
      1    138      8      1     12      6     16      6      1   1713
      1    138      8      1     13      1      2      1      1    975
      1    138      8      1     14      2      5      2      1   1460
      1    138      8      1     15      7      7      7      1   4731
      1    138      8      1     16      4     14      4      1   1092
      1    138      8      2      1      6      8      6      1   1181
      1    138      8      2      2      1      7      1      1   2046
      1    138      8      2      3      4      8      4      1   2027
      1    138      8      2      4      3      2      3      1    827
      1    138      8      2      5      8     10      8      1    859
      1    138      8      2      6      7     12      7      1   4876
      1    138      8      2      7      5     16      5      1    760
      1    138      8      2      8      7      5      7      1   3827
      1    138      8      2      9      4      9      4      1   1344
      1    138      8      2     10      6      9      6      1   1445
      1    138      8      2     11      2      3      1      0    947
      1    138      8      2     12      8      9      8      1    843
      1    138      8      2     13      2      1      2      1    826
      1    138      8      2     14      3     10      3      1    793
      1    138      8      2     15      1     16      1      1    978
      1    138      8      2     16      5      9      5      1    810
      1    138      9      1      1      6     11      6      1   1089
      1    138      9      1      2      6      7      6      1    813
      1    138      9      1      3      5      8      5      1   1089
      1    138      9      1      4      8      8      8      1   1073
      1    138      9      1      5      7      4      6      0   1213
      1    138      9      1      6      3      7      3      1    879
      1    138      9      1      7      7      6      7      1   3244
      1    138      9      1      8      1      3      1      1    819
      1    138      9      1      9      4     16      4      1   2320
      1    138      9      1     10      3      8      3      1    758
      1    138      9      1     11      5      6      5      1    829
      1    138      9      1     12      2     14      2      1   5609
      1    138      9      1     13      4     11      4      1   2109
      1    138      9      1     14      2     13      2      1    956
      1    138      9      1     15      8     16      8      1    811
      1    138      9      1     16      1      1      4      0   5300
      1    138      9      2      1      2      4      2      1   1480
      1    138      9      2      2      8     14      8      1    793
      1    138      9      2      3      1      6      1      1    978
      1    138      9      2      4      5     14      5      1    977
      1    138      9      2      5      7      8      7      1   1011
      1    138      9      2      6      2      9      4      0   1943
      1    138      9      2      7      5     11      5      1    860
      1    138      9      2      8      3      9      3      1    711
      1    138      9      2      9      4     10      4      1   1261
      1    138      9      2     10      3     12      3      1   1110
      1    138      9      2     11      4     15      1      0   4411
      1    138      9      2     12      1      4      1      1   1744
      1    138      9      2     13      6     15      6      1    878
      1    138      9      2     14      8     15      8      1   1129
      1    138      9      2     15      7     14      7      1   3044
      1    138      9      2     16      6     10      6      1    928
