      1    201      1      1      1      6     13      2      0   3159
      1    201      1      1      2      2      6      8      0   2174
      1    201      1      1      3      1      2      4      0   4566
      1    201      1      1      4      5      9      5      1   2019
      1    201      1      1      5      3     15      8      0   3205
      1    201      1      1      6      4     14      2      0   4593
      1    201      1      1      7      4      8      6      0   4958
      1    201      1      1      8      7     12      7      1   2636
      1    201      1      1      9      6      6      1      0   2921
      1    201      1      1     10      7     14      4      0   4857
      1    201      1      1     11      2     16      8      0   5489
      1    201      1      1     12      8     15      8      1   2305
      1    201      1      1     13      8      8      4      0   2358
      1    201      1      1     14      5      5      5      1   1609
      1    201      1      1     15      1     10      2      0   2405
      1    201      1      1     16      3     13      7      0   3826
      1    201      1      2      1      6     16      3      0   5653
      1    201      1      2      2      3     10      7      0   2941
      1    201      1      2      3      1      5      1      1   1626
      1    201      1      2      4      5      8      5      1   1024
      1    201      1      2      5      6     15      6      1   5541
      1    201      1      2      6      8      5      8      1   1529
      1    201      1      2      7      7     13      4      0   2110
      1    201      1      2      8      8      2      8      1   3643
      1    201      1      2      9      4     16      1      0   2479
      1    201      1      2     10      1      9      3      0   5643
      1    201      1      2     11      2     10      4      0   2526
      1    201      1      2     12      5      7      5      1   1694
      1    201      1      2     13      3      7      6      0   7475
      1    201      1      2     14      7      5      4      0   2143
      1    201      1      2     15      2     13      3      0   2476
      1    201      1      2     16      4     10      8      0   2077
      1    201      2      1      1      5     11      5      1   1127
      1    201      2      1      2      3     11      7      0   2276
      1    201      2      1      3      6     11      2      0   2004
      1    201      2      1      4      2      8      4      0   2757
      1    201      2      1      5      1      4      7      0   3362
      1    201      2      1      6      1      3      3      0   4084
      1    201      2      1      7      3      6      2      0   3099
      1    201      2      1      8      7     15      6      0   3092
      1    201      2      1      9      2      5      3      0   2608
      1    201      2      1     10      5     16      1      0   1264
      1    201      2      1     11      7      7      7      1   2055
      1    201      2      1     12      6      8      6      1   2022
      1    201      2      1     13      8     13      8      1   1426
      1    201      2      1     14      4      1      3      0   2765
      1    201      2      1     15      8     10      8      1   5960
      1    201      2      1     16      4      3      2      0   8149
      1    201      2      2      1      5     10      5      1   2746
      1    201      2      2      2      8     16      8      1   3475
      1    201      2      2      3      1     14      4      0   6010
      1    201      2      2      4      4     12      2      0   4625
      1    201      2      2      5      7      8      7      1   3026
      1    201      2      2      6      2      4      2      1   2192
      1    201      2      2      7      6      3      6      1   1210
      1    201      2      2      8      3     16      3      1   6476
      1    201      2      2      9      7      4      7      1   2658
      1    201      2      2     10      4     13      4      1   2142
      1    201      2      2     11      8      9      8      1   4410
      1    201      2      2     12      3     12      1      0   3676
      1    201      2      2     13      5      6      5      1   1894
      1    201      2      2     14      6      9      6      1   2844
      1    201      2      2     15      1      6      3      0   2743
      1    201      2      2     16      2      2      2      1   1813
      1    201      3      1      1      3      2      3      1   6110
      1    201      3      1      2      1      1      4      0   2803
      1    201      3      1      3      1      7      1      1   2366
      1    201      3      1      4      3      9      4      0   1568
      1    201      3      1      5      4     11      2      0   1402
      1    201      3      1      6      8     14      8      1   1348
      1    201      3      1      7      2      1      2      1   1291
      1    201      3      1      8      5      4      5      1   1041
      1    201      3      1      9      6      5      7      0   2470
      1    201      3      1     10      7      6      7      1   1503
      1    201      3      1     11      8      3      8      1   1243
      1    201      3      1     12      6      7      6      1   1380
      1    201      3      1     13      4     15      3      0   2599
      1    201      3      1     14      2      9      2      1   1095
      1    201      3      1     15      5     14      5      1   1152
      1    201      3      1     16      7     16      7      1   2859
      1    201      3      2      1      2     14      4      0   3630
      1    201      3      2      2      8      6      8      1   1093
      1    201      3      2      3      6     10      6      1   3509
      1    201      3      2      4      5     12      5      1    879
      1    201      3      2      5      4      5      3      0   4475
      1    201      3      2      6      7      2      7      1   1242
      1    201      3      2      7      3      8      1      0   2425
      1    201      3      2      8      1     16      4      0   4710
      1    201      3      2      9      3     14      1      0   1293
      1    201      3      2     10      7     10      7      1   2110
      1    201      3      2     11      5      2      5      1    976
      1    201      3      2     12      2      3      3      0   2429
      1    201      3      2     13      4      9      2      0   1458
      1    201      3      2     14      8      4      8      1   1193
      1    201      3      2     15      1     11      4      0   4963
      1    201      3      2     16      6     12      1      0   3959
      1    201      4      1      1      1      7      1      1   5429
      1    201      4      1      2      3      6      4      0  17669
      1    201      4      1      3      1      2      3      0   1075
      1    201      4      1      4      8     10      8      1   1344
      1    201      4      1      5      3      9      1      0   1979
      1    201      4      1      6      6     11      6      1   1133
      1    201      4      1      7      5      9      5      1   1052
      1    201      4      1      8      6      6      7      0   1272
      1    201      4      1      9      7     14      7      1   1721
      1    201      4      1     10      8      8      8      1   1065
      1    201      4      1     11      2      5      2      1   1096
      1    201      4      1     12      2      1      2      1   2779
      1    201      4      1     13      5      5      5      1   1380
      1    201      4      1     14      4     11      3      0   1731
      1    201      4      1     15      7     12      7      1   1153
      1    201      4      1     16      4     14      4      1   2940
      1    201      4      2      1      7     10      7      1   3046
      1    201      4      2      2      6     12      6      1   4946
      1    201      4      2      3      6     16      6      1   1995
      1    201      4      2      4      3     14      1      0   2209
      1    201      4      2      5      8      6      8      1   1026
      1    201      4      2      6      7      4      7      1   1813
      1    201      4      2      7      2      4      2      1   1494
      1    201      4      2      8      5      2      5      1   1077
      1    201      4      2      9      1     11      3      0   3043
      1    201      4      2     10      2     10      4      0   2093
      1    201      4      2     11      5     12      5      1   1143
      1    201      4      2     12      4      9      4      1   5112
      1    201      4      2     13      4     13      3      0   4376
      1    201      4      2     14      8      5      8      1   1427
      1    201      4      2     15      3     16      1      0   1975
      1    201      4      2     16      1      9      4      0   4146
      1    201      5      1      1      3     15      3      1  10436
      1    201      5      1      2      8     14      8      1    911
      1    201      5      1      3      4      8      4      1   7011
      1    201      5      1      4      1      3      1      1   4889
      1    201      5      1      5      5     11      5      1   1171
      1    201      5      1      6      2      9      4      0   1148
      1    201      5      1      7      1     10      7      0   2289
      1    201      5      1      8      2      8      2      1    978
      1    201      5      1      9      7     15      7      1   1334
      1    201      5      1     10      7      6      7      1   1506
      1    201      5      1     11      3      2      1      0   2881
      1    201      5      1     12      4     15      3      0   9366
      1    201      5      1     13      5     16      5      1    915
      1    201      5      1     14      8     13      8      1    885
      1    201      5      1     15      6     13      7      0   2017
      1    201      5      1     16      6      7      6      1   1166
      1    201      5      2      1      8      2      8      1   1329
      1    201      5      2      2      6      3      6      1   1709
      1    201      5      2      3      7     13      7      1   1392
      1    201      5      2      4      8      9      8      1   1126
      1    201      5      2      5      6     10      6      1   5428
      1    201      5      2      6      1      5      1      1   2277
      1    201      5      2      7      1     16      1      1   2226
      1    201      5      2      8      4     16      4      1   3909
      1    201      5      2      9      2     13      2      1   1226
      1    201      5      2     10      2      2      4      0   2926
      1    201      5      2     11      5     10      5      1   1060
      1    201      5      2     12      3     12      1      0   2893
      1    201      5      2     13      7      5      7      1   1710
      1    201      5      2     14      4      5      3      0  14897
      1    201      5      2     15      3     10      1      0   1609
      1    201      5      2     16      5      7      5      1   1192
      1    201      6      1      1      8      3      8      1   1131
      1    201      6      1      2      2      6      2      1   1080
      1    201      6      1      3      3     11      1      0   1235
      1    201      6      1      4      4      3      1      0   2448
      1    201      6      1      5      6      8      6      1   1714
      1    201      6      1      6      8     15      8      1   1004
      1    201      6      1      7      7     16      7      1   1466
      1    201      6      1      8      5     14      5      1   1133
      1    201      6      1      9      7      7      7      1   1533
      1    201      6      1     10      5      4      5      1    911
      1    201      6      1     11      4      1      3      0   4827
      1    201      6      1     12      2     16      3      0   1916
      1    201      6      1     13      1      4      3      0   3416
      1    201      6      1     14      3     13      1      0   5214
      1    201      6      1     15      1      1      1      1   3353
      1    201      6      1     16      6      5      6      1   1823
      1    201      6      2      1      6      9      6      1   1029
      1    201      6      2      2      1     14      3      0   3877
      1    201      6      2      3      8     16      8      1   1026
      1    201      6      2      4      7      8      7      1   1242
      1    201      6      2      5      4     12      4      1   3745
      1    201      6      2      6      3      7      1      0   2596
      1    201      6      2      7      7      2      7      1   1026
      1    201      6      2      8      6     15      6      1    943
      1    201      6      2      9      2      3      3      0   3126
      1    201      6      2     10      5      6      5      1    892
      1    201      6      2     11      3      8      1      0   3309
      1    201      6      2     12      4     10      2      0   1159
      1    201      6      2     13      5      8      5      1   1075
      1    201      6      2     14      8      4      8      1    893
      1    201      6      2     15      2     14      2      1   3743
      1    201      6      2     16      1      6      1      1   4025
      1    201      7      1      1      3     11      7      0   3895
      1    201      7      1      2      2      9      2      1    911
      1    201      7      1      3      5     14      5      1    844
      1    201      7      1      4      4      8      4      1   2325
      1    201      7      1      5      5     16      5      1    808
      1    201      7      1      6      4     11      4      1   1971
      1    201      7      1      7      2      8      2      1   1327
      1    201      7      1      8      8     14      8      1   1177
      1    201      7      1      9      7      7      7      1   1146
      1    201      7      1     10      7      6      6      0   1049
      1    201      7      1     11      8     10      8      1   1524
      1    201      7      1     12      6     11      6      1   1675
      1    201      7      1     13      1      3      3      0   7957
      1    201      7      1     14      1      4      3      0   1909
      1    201      7      1     15      3     13      7      0   2176
      1    201      7      1     16      6      8      6      1   2202
      1    201      7      2      1      1     11      3      0   4497
      1    201      7      2      2      2      4      2      1    960
      1    201      7      2      3      5      8      5      1   1210
      1    201      7      2      4      8      5      8      1   1009
      1    201      7      2      5      3     10      3      1  12646
      1    201      7      2      6      6     16      6      1   1127
      1    201      7      2      7      4     16      2      0   2810
      1    201      7      2      8      5      2      5      1   1263
      1    201      7      2      9      8      4      8      1    913
      1    201      7      2     10      7     13      7      1   1259
      1    201      7      2     11      1      5      4      0   9527
      1    201      7      2     12      6     15      6      1   1277
      1    201      7      2     13      2      2      2      1   1563
      1    201      7      2     14      3     12      1      0   2062
      1    201      7      2     15      7      2      7      1   3509
      1    201      7      2     16      4      5      4      1   7393
      1    201      8      1      1      6     13      6      1   8383
      1    201      8      1      2      8     13      8      1   1195
      1    201      8      1      3      2      6      2      1   2681
      1    201      8      1      4      4      3      4      1   5403
      1    201      8      1      5      5      5      5      1    929
      1    201      8      1      6      1     10      3      0   2189
      1    201      8      1      7      7     12      7      1   1241
      1    201      8      1      8      2      1      2      1   1580
      1    201      8      1      9      6      7      6      1   2276
      1    201      8      1     10      8      8      8      1   1174
      1    201      8      1     11      7     14      7      1   8229
      1    201      8      1     12      4     14      4      1   3762
      1    201      8      1     13      3      6      2      0   9331
      1    201      8      1     14      5      4      5      1  19563
      1    201      8      1     15      3      2      4      0   8851
      1    201      8      1     16      1      7      3      0   1608
      1    201      8      2      1      5     12      5      1    896
      1    201      8      2      2      6      9      6      1   1193
      1    201      8      2      3      5     10      5      1    976
      1    201      8      2      4      1      6      1      1   3126
      1    201      8      2      5      4     10      2      0   3027
      1    201      8      2      6      8     16      8      1    926
      1    201      8      2      7      3      7      1      0   2829
      1    201      8      2      8      7      8      7      1   1009
      1    201      8      2      9      8      9      8      1    943
      1    201      8      2     10      6      3      6      1   2042
      1    201      8      2     11      2     10      2      1   2912
      1    201      8      2     12      7      5      7      1   1910
      1    201      8      2     13      4     13      4      1   1679
      1    201      8      2     14      3     14      1      0   3679
      1    201      8      2     15      2     13      2      1   5413
      1    201      8      2     16      1     16      3      0   2163
      1    201      9      1      1      3     15      7      0   3396
      1    201      9      1      2      2     16      2      1   1431
      1    201      9      1      3      1      2      3      0   4787
      1    201      9      1      4      1      1      1      1   3910
      1    201      9      1      5      4     15      3      0   5097
      1    201      9      1      6      6      5      6      1   1048
      1    201      9      1      7      5      9      5      1    986
      1    201      9      1      8      4      1      3      0  18791
      1    201      9      1      9      7     16      7      1   2581
      1    201      9      1     10      8      3      8      1   1359
      1    201      9      1     11      7     15      7      1    945
      1    201      9      1     12      3      9      1      0  12204
      1    201      9      1     13      5     11      5      1    966
      1    201      9      1     14      6      6      6      1   1201
      1    201      9      1     15      2      5      2      1   3549
      1    201      9      1     16      8     15      8      1   1126
      1    201      9      2      1      5      7      5      1   1347
      1    201      9      2      2      7      4      7      1   3742
      1    201      9      2      3      4     12      4      1   5728
      1    201      9      2      4      3      8      7      0   2696
      1    201      9      2      5      3     16      1      0   1626
      1    201      9      2      6      5      6      5      1   1060
      1    201      9      2      7      2     14      2      1   1992
      1    201      9      2      8      6     10      6      1   1242
      1    201      9      2      9      8      2      8      1   1026
      1    201      9      2     10      7     10      7      1   1426
      1    201      9      2     11      4      9      2      0   5496
      1    201      9      2     12      1     14      7      0   6592
      1    201      9      2     13      6     12      6      1   2076
      1    201      9      2     14      1      9      3      0   4925
      1    201      9      2     15      8      6      8      1   1327
      1    201      9      2     16      2      3      3      0   6508
