      2     64      1      1      1      1     16      6      0  11387   7729
      2     64      1      1      2      5      2      5      1   1639   2935
      2     64      1      1      3      7     15      7      1   4070   4354
      2     64      1      1      4      8     10      8      1   3103   5497
      2     64      1      1      5      3     15      6      0   2076  11030
      2     64      1      1      6      3      2      2      0   8119   6656
      2     64      1      1      7      3     16      3      1   1432  15000
      2     64      1      1      8      3     15      1      0   1692   2201
      2     64      1      1      9      2      1      2      1   4173   1701
      2     64      1      1     10      2      6      2      1   2235   1280
      2     64      1      1     11      6     12      6      1   2790   1747
      2     64      1      1     12      6      5      6      1   5637   1932
      2     64      1      1     13      5     14      5      1   2943   2576
      2     64      1      1     14      5      5      4      0   3161  12640
      2     64      1      1     15      6     11      5      0   2127   3727
      2     64      1      1     16      6      7      6      1   6771   3265
      2     64      1      2      1      5      8      5      1   2365     -1
      2     64      1      2      2      3      9      3      1  11457     -1
      2     64      1      2      3      6      6      4      0  13025     -1
      2     64      1      2      4      6      8      3      0   5251     -1
      2     64      1      2      5      7      4      4      0   9051     -1
      2     64      1      2      6      1     14      1      1  11373     -1
      2     64      1      2      7      8      4      8      1   1931     -1
      2     64      1      2      8      2     14      8      0   6954     -1
      2     64      1      2      9      5      4      5      1   2750     -1
      2     64      1      2     10      4      9      2      0  19783     -1
      2     64      1      2     11      1      9      3      0   5868     -1
      2     64      1      2     12      4     15      3      0   3134     -1
      2     64      1      2     13      3      8      3      1   4835     -1
      2     64      1      2     14      2      5      2      1   2132     -1
      2     64      1      2     15      8      3      8      1   1548     -1
      2     64      1      2     16      7      2      7      1   1815     -1
      2     64      2      1      1      1      1      3      0   3073  19918
      2     64      2      1      2      4      3      1      0   1280  12984
      2     64      2      1      3      1      6      4      0   1337  13005
      2     64      2      1      4      4      1      1      0   1298  20735
      2     64      2      1      5      1      4      1      1   1452  10309
      2     64      2      1      6      7      5      7      1   3213  10865
      2     64      2      1      7      2      3      4      0   6655  11040
      2     64      2      1      8      6     13      6      1   3886  38410
      2     64      2      1      9      4     14      4      1  11602  21483
      2     64      2      1     10      3     16      3      1   1647  14321
      2     64      2      1     11      1     16      1      1   3426   5180
      2     64      2      1     12      3      2      3      1   2740   3269
      2     64      2      1     13      2     10      2      1   3518   8717
      2     64      2      1     14      3     15      4      0   4407  16032
      2     64      2      1     15      6      5      6      1   5724   9801
      2     64      2      1     16      7     10      7      1   1815  12691
      2     64      2      2      1      6     15      6      1   1768     -1
      2     64      2      2      2      1      5      1      1   3918     -1
      2     64      2      2      3      2      9      2      1   1928     -1
      2     64      2      2      4      8      9      8      1   1616     -1
      2     64      2      2      5      2      4      2      1   3167     -1
      2     64      2      2      6      4     10      4      1  19065     -1
      2     64      2      2      7      4      8      3      0  10323     -1
      2     64      2      2      8      7     13      7      1   1615     -1
      2     64      2      2      9      8      8      8      1   1461     -1
      2     64      2      2     10      7     14      4      0  10791     -1
      2     64      2      2     11      1      7      3      0  11057     -1
      2     64      2      2     12      5      6      5      1   4063     -1
      2     64      2      2     13      3     11      3      1   2615     -1
      2     64      2      2     14      6      9      7      0   1882     -1
      2     64      2      2     15      5      7      5      1  10642     -1
      2     64      2      2     16      3      6      6      0  25085     -1
      2     64      3      1      1      4     14      4      1   3327  22451
      2     64      3      1      2      1      2      6      0   2356   5137
      2     64      3      1      3      3     12      3      1   5599   8535
      2     64      3      1      4      1     16      1      1   1764  12620
      2     64      3      1      5      4      1      4      1   3708   6777
      2     64      3      1      6      6      7      6      1   3346   5305
      2     64      3      1      7      1     10      1      1   2671  12470
      2     64      3      1      8      1      1      4      0   2210  21280
      2     64      3      1      9      3     16      3      1   2982  28344
      2     64      3      1     10      4      1      4      1   4015  10175
      2     64      3      1     11      4     14      4      1   1934  20460
      2     64      3      1     12      1     10      1      1   1543   7390
      2     64      3      1     13      3      2      3      1    963  35941
      2     64      3      1     14      2      8      2      1   1801  21203
      2     64      3      1     15      1      2      6      0   2660  11476
      2     64      3      1     16      6     12      6      1   2944   9056
      2     64      3      2      1      8     15      8      1   1368     -1
      2     64      3      2      2      6     16      6      1   9123     -1
      2     64      3      2      3      3     14      3      1   5884     -1
      2     64      3      2      4      1     11      1      1   2884     -1
      2     64      3      2      5      3      7      6      0  34916     -1
      2     64      3      2      6      5     16      5      1   2182     -1
      2     64      3      2      7      8      2      8      1   2015     -1
      2     64      3      2      8      5     11      5      1   2532     -1
      2     64      3      2      9      6     10      7      0   1344     -1
      2     64      3      2     10      7      6      7      1   1577     -1
      2     64      3      2     11      7     12      7      1   1461     -1
      2     64      3      2     12      4      5      4      1  34782     -1
      2     64      3      2     13      2     13      2      1   7084     -1
      2     64      3      2     14      1      3      1      1   2065     -1
      2     64      3      2     15      2     16      2      1  11491     -1
      2     64      3      2     16      4     12      2      0   2466     -1
      2     64      4      1      1      3     12      3      1   2588  20978
      2     64      4      1      2      4     14      4      1   1024   7727
      2     64      4      1      3      1      1      3      0   2262  13647
      2     64      4      1      4      6      5      6      1   2877   7777
      2     64      4      1      5      8      6      8      1   2905   5353
      2     64      4      1      6      5     12      5      1   1201   2317
      2     64      4      1      7      3     15      3      1   7295    512
      2     64      4      1      8      7     16      7      1   1156   2900
      2     64      4      1      9      6     11      6      1   1810   1743
      2     64      4      1     10      2      3      1      0   1974   7863
      2     64      4      1     11      1     16      1      1   1256   2218
      2     64      4      1     12      4     11      2      0   1715   3776
      2     64      4      1     13      1      6      1      1   2051   1620
      2     64      4      1     14      1     10      1      1   1712   8591
      2     64      4      1     15      4     11      4      1   4296   1109
      2     64      4      1     16      4      1      4      1   3525   1828
      2     64      4      2      1      7     14      4      0   9576     -1
      2     64      4      2      2      3      6      3      1   5086     -1
      2     64      4      2      3      6      6      4      0  15841     -1
      2     64      4      2      4      5      4      5      1   1431     -1
      2     64      4      2      5      1      3      1      1   3133     -1
      2     64      4      2      6      4     12      2      0   3983     -1
      2     64      4      2      7      4      9      4      1   4068     -1
      2     64      4      2      8      1     14      1      1   3500     -1
      2     64      4      2      9      3     11      3      1   2199     -1
      2     64      4      2     10      6      9      7      0   1514     -1
      2     64      4      2     11      5     16      5      1   1498     -1
      2     64      4      2     12      8      9      8      1   1131     -1
      2     64      4      2     13      2     16      4      0   7204     -1
      2     64      4      2     14      2      5      2      1   1331     -1
      2     64      4      2     15      8      8      8      1   1282     -1
      2     64      4      2     16      7     13      7      1   1081     -1
      2     64      5      1      1      4     16      4      1   1308   7720
      2     64      5      1      2      2     10      4      0   1780   2910
      2     64      5      1      3      4     16      4      1   3688   3510
      2     64      5      1      4      2      6      2      1   1127   4912
      2     64      5      1      5      8      6      8      1   1061   4817
      2     64      5      1      6      8     13      8      1   1145   5592
      2     64      5      1      7      8     14      8      1   1546   2017
      2     64      5      1      8      3     10      3      1    763   1594
      2     64      5      1      9      3     13      6      0   1165   2325
      2     64      5      1     10      6      3      7      0   1078   2784
      2     64      5      1     11      7     15      7      1   1335   6586
      2     64      5      1     12      6      7      6      1   1007   2852
      2     64      5      1     13      4     13      4      1   3638   2903
      2     64      5      1     14      7      8      7      1   1089   2461
      2     64      5      1     15      6     13      6      1   1397   2325
      2     64      5      1     16      7     16      7      1   1277   2247
      2     64      5      2      1      6     10      6      1   6851     -1
      2     64      5      2      2      4     15      3      0   2584     -1
      2     64      5      2      3      8     15      8      1   1232     -1
      2     64      5      2      4      5     11      5      1   1328     -1
      2     64      5      2      5      1      9      1      1   7471     -1
      2     64      5      2      6      2     13      4      0   6717     -1
      2     64      5      2      7      3      9      3      1   1232     -1
      2     64      5      2      8      7      4      6      0   8238     -1
      2     64      5      2      9      7      2      7      1   1432     -1
      2     64      5      2     10      2     14      8      0   1783     -1
      2     64      5      2     11      6     15      6      1   1748     -1
      2     64      5      2     12      3      7      3      1   4513     -1
      2     64      5      2     13      5      7      5      1   4185     -1
      2     64      5      2     14      1     11      1      1   2716     -1
      2     64      5      2     15      4      5      4      1   2750     -1
      2     64      5      2     16      8      2      8      1   1110     -1
      2     64      6      1      1      8     13      8      1   1379   1798
      2     64      6      1      2      7     16      7      1   1129   1268
      2     64      6      1      3      4      3      2      0   2545   8046
      2     64      6      1      4      6      3      6      1   1506    983
      2     64      6      1      5      8     10      8      1   1049   1933
      2     64      6      1      6      6     13      6      1   2131   1382
      2     64      6      1      7      2      2      2      1   1593   1240
      2     64      6      1      8      2      3      1      0   1225   3648
      2     64      6      1      9      4     11      2      0   2068   4648
      2     64      6      1     10      2      2      2      1   1938   6723
      2     64      6      1     11      1      6      3      0   2800   4760
      2     64      6      1     12      3     16      3      1   1088   1522
      2     64      6      1     13      3     15      3      1   1263   1105
      2     64      6      1     14      2      1      2      1    899    843
      2     64      6      1     15      1     10      1      1   1244   2231
      2     64      6      1     16      3     13      3      1   1366   3723
      2     64      6      2      1      7      6      7      1   2236     -1
      2     64      6      2      2      7     12      7      1   4202     -1
      2     64      6      2      3      4     10      4      1   4463     -1
      2     64      6      2      4      2      9      2      1   3197     -1
      2     64      6      2      5      8      3      8      1   1064     -1
      2     64      6      2      6      3      8      3      1   1348     -1
      2     64      6      2      7      4      8      4      1   7889     -1
      2     64      6      2      8      5      6      5      1   1513     -1
      2     64      6      2      9      8      4      8      1   1361     -1
      2     64      6      2     10      1      7      1      1  15045     -1
      2     64      6      2     11      6      8      6      1   3229     -1
      2     64      6      2     12      5      8      5      1   1277     -1
      2     64      6      2     13      3     14      3      1   1164     -1
      2     64      6      2     14      6     16      6      1   5602     -1
      2     64      6      2     15      1      5      1      1   2629     -1
      2     64      6      2     16      2      4      2      1   3613     -1
      2     64      7      1      1      3      2      3      1   1163    991
      2     64      7      1      2      4      3      2      0    739   1240
      2     64      7      1      3      1     16      1      1   1583    941
      2     64      7      1      4      2      3      1      0   1104   1002
      2     64      7      1      5      2      6      2      1    920   3247
      2     64      7      1      6      7      5      7      1   2194   1708
      2     64      7      1      7      2      8      2      1    970   1751
      2     64      7      1      8      5     14      5      1   1538   2706
      2     64      7      1      9      7      8      7      1   1292   1127
      2     64      7      1     10      2      1      2      1   1401   1359
      2     64      7      1     11      3     15      3      1    733    712
      2     64      7      1     12      6     12      6      1   1314    992
      2     64      7      1     13      6      7      6      1    842   1191
      2     64      7      1     14      3     15      3      1   1001   1118
      2     64      7      1     15      2      1      2      1    982    778
      2     64      7      1     16      2      3      2      1   2046   1317
      2     64      7      2      1      5     11      5      1   1601     -1
      2     64      7      2      2      1      3      1      1   2429     -1
      2     64      7      2      3      4      5      4      1   1582     -1
      2     64      7      2      4      6     15      6      1   1349     -1
      2     64      7      2      5      5     16      5      1   1581     -1
      2     64      7      2      6      3      7      6      0   8418     -1
      2     64      7      2      7      8     15      8      1   1214     -1
      2     64      7      2      8      7     14      4      0   6186     -1
      2     64      7      2      9      1      5      1      1   1299     -1
      2     64      7      2     10      8      2      8      1   1131     -1
      2     64      7      2     11      2     13      2      1   4134     -1
      2     64      7      2     12      3     11      3      1   1249     -1
      2     64      7      2     13      6      6      4      0   3450     -1
      2     64      7      2     14      4      8      4      1   4601     -1
      2     64      7      2     15      2     16      2      1   3379     -1
      2     64      7      2     16      7      6      7      1   2782     -1
      2     64      8      1      1      3      2      3      1   1132   1222
      2     64      8      1      2      2      1      2      1    967    952
      2     64      8      1      3      3     15      3      1    897    585
      2     64      8      1      4      6     11      6      1   1505    936
      2     64      8      1      5      1     16      1      1    879  12128
      2     64      8      1      6      2      3      2      1   2169    891
      2     64      8      1      7      6      5      6      1   1943   1208
      2     64      8      1      8      3     15      3      1    765    843
      2     64      8      1      9      8     10      8      1   1412   1188
      2     64      8      1     10      5      9      5      1    960   1597
      2     64      8      1     11      3     13      3      1   2300   1088
      2     64      8      1     12      3      2      3      1    897   1023
      2     64      8      1     13      2      3      2      1   1592    868
      2     64      8      1     14      8      6      8      1   1049    859
      2     64      8      1     15      2      1      2      1    774   1145
      2     64      8      1     16      4     16      4      1   2650    990
      2     64      8      2      1      8      9      8      1   1134     -1
      2     64      8      2      2      3      6      3      1   2416     -1
      2     64      8      2      3      8      3      8      1   1199     -1
      2     64      8      2      4      7      2      7      1   1448     -1
      2     64      8      2      5      4     15      4      1   7454     -1
      2     64      8      2      6      1     11      1      1   1281     -1
      2     64      8      2      7      1      9      1      1   4364     -1
      2     64      8      2      8      5      8      5      1   1232     -1
      2     64      8      2      9      2      4      2      1   1265     -1
      2     64      8      2     10      3      9      3      1   1294     -1
      2     64      8      2     11      7     13      7      1   1231     -1
      2     64      8      2     12      4      9      4      1   2444     -1
      2     64      8      2     13      6     10      6      1   1666     -1
      2     64      8      2     14      2     14      8      0   1349     -1
      2     64      8      2     15      6      9      6      1   1648     -1
      2     64      8      2     16      5      6      5      1   1031     -1
      2     64      9      1      1      1      4      1      1   1455   1389
      2     64      9      1      2      2     10      2      1   1415   1379
      2     64      9      1      3      5      9      5      1   1812   1629
      2     64      9      1      4      2      6      2      1    860   1468
      2     64      9      1      5      7     10      7      1    886   2327
      2     64      9      1      6      5      5      5      1   1059   1046
      2     64      9      1      7      1      2      1      1   1117   1146
      2     64      9      1      8      4      1      7      0   1691   1160
      2     64      9      1      9      8     13      8      1    993   1223
      2     64      9      1     10      7     16      7      1    912    911
      2     64      9      1     11      6      7      6      1   1372    967
      2     64      9      1     12      5      2      5      1    790    835
      2     64      9      1     13      4      3      2      0   1652   1036
      2     64      9      1     14      6      3      6      1    842    850
      2     64      9      1     15      8     10      8      1   1076   1207
      2     64      9      1     16      6     13      6      1   1877   1126
      2     64      9      2      1      6      8      6      1   1772     -1
      2     64      9      2      2      3     14      3      1   1832     -1
      2     64      9      2      3      8      4      8      1   1282     -1
      2     64      9      2      4      1     14      1      1   1615     -1
      2     64      9      2      5      2      5      2      1   1949     -1
      2     64      9      2      6      5      4      5      1   1310     -1
      2     64      9      2      7      2      9      2      1   3145     -1
      2     64      9      2      8      6     16      6      1   3233     -1
      2     64      9      2      9      5      7      5      1   1531     -1
      2     64      9      2     10      8      8      8      1   1060     -1
      2     64      9      2     11      7      4      6      0   1315     -1
      2     64      9      2     12      1      7      1      1   1749     -1
      2     64      9      2     13      3      8      3      1   1299     -1
      2     64      9      2     14      7     12      7      1   1398     -1
      2     64      9      2     15      4     10      4      1   1699     -1
      2     64      9      2     16      4     12      4      1   3116     -1
