      1    158      1      1      1      4      1      2      0   2762
      1    158      1      1      2      1      4      8      0   3258
      1    158      1      1      3      6      6      6      1   4093
      1    158      1      1      4      3      7      3      1  10552
      1    158      1      1      5      6      5      5      0   2206
      1    158      1      1      6      2      4      3      0   4079
      1    158      1      1      7      4     13      8      0   4663
      1    158      1      1      8      2      5      2      1   2304
      1    158      1      1      9      8     13      1      0   2764
      1    158      1      1     10      8     15      8      1   1788
      1    158      1      1     11      5     14      7      0   6305
      1    158      1      1     12      1      1      3      0   5603
      1    158      1      1     13      5     16      5      1   1366
      1    158      1      1     14      3      2      3      1   1786
      1    158      1      1     15      7      2      4      0   3232
      1    158      1      1     16      7     12      4      0   4068
      1    158      1      2      1      4      5      3      0  10296
      1    158      1      2      2      2      8      7      0   4962
      1    158      1      2      3      2      6      6      0   6562
      1    158      1      2      4      8     16      4      0   2930
      1    158      1      2      5      4      3      2      0   4029
      1    158      1      2      6      1     11      8      0   4930
      1    158      1      2      7      1     14      3      0   8097
      1    158      1      2      8      7      4      6      0   8896
      1    158      1      2      9      5     10      5      1   2112
      1    158      1      2     10      6      9      1      0   6063
      1    158      1      2     11      7     10      2      0   7413
      1    158      1      2     12      3     10      2      0   5213
      1    158      1      2     13      5      5      5      1   1929
      1    158      1      2     14      6      8      1      0   5995
      1    158      1      2     15      3     12      2      0   3714
      1    158      1      2     16      8      5      4      0   1929
      1    158      2      1      1      6      7      1      0   2194
      1    158      2      1      2      1      6      3      0   1161
      1    158      2      1      3      2     14      4      0   1928
      1    158      2      1      4      5      9      5      1   1400
      1    158      2      1      5      8      6      2      0   3292
      1    158      2      1      6      7     14      3      0   2137
      1    158      2      1      7      6     15      6      1   5071
      1    158      2      1      8      2     13      1      0   5018
      1    158      2      1      9      4     10      2      0   1652
      1    158      2      1     10      3     14      1      0   5055
      1    158      2      1     11      3      9      3      1   1297
      1    158      2      1     12      1      9      4      0   4905
      1    158      2      1     13      5     11      5      1   1071
      1    158      2      1     14      8     10      2      0   2967
      1    158      2      1     15      7      6      1      0   2292
      1    158      2      1     16      4     15      1      0   5838
      1    158      2      2      1      8      2      8      1   2945
      1    158      2      2      2      4     11      3      0   4629
      1    158      2      2      3      1      3      4      0  10063
      1    158      2      2      4      6      3      6      1   3913
      1    158      2      2      5      3      6      2      0   5263
      1    158      2      2      6      4     12      3      0   5112
      1    158      2      2      7      7     16      1      0   5912
      1    158      2      2      8      8      4      8      1   3047
      1    158      2      2      9      3     11      2      0   5479
      1    158      2      2     10      6     11      6      1   2628
      1    158      2      2     11      5      7      5      1  12913
      1    158      2      2     12      2     10      3      0   5198
      1    158      2      2     13      2      1      3      0   2595
      1    158      2      2     14      7     15      6      0   1446
      1    158      2      2     15      1     16      2      0   3079
      1    158      2      2     16      5      4      5      1   1679
      1    158      3      1      1      7      5      3      0   3365
      1    158      3      1      2      3     16      2      0   1610
      1    158      3      1      3      2      2      2      1   1222
      1    158      3      1      4      6     13      6      1   1821
      1    158      3      1      5      4     16      4      1   4458
      1    158      3      1      6      8     14      8      1   1261
      1    158      3      1      7      6     10      6      1   1191
      1    158      3      1      8      4      9      4      1   1969
      1    158      3      1      9      2      9      2      1   1751
      1    158      3      1     10      1      7      3      0   1424
      1    158      3      1     11      3     15      3      1   1248
      1    158      3      1     12      5      6      6      0   1247
      1    158      3      1     13      1      2      1      1   2023
      1    158      3      1     14      7     13      6      0   1130
      1    158      3      1     15      8      8      8      1  11672
      1    158      3      1     16      5      2      5      1   1368
      1    158      3      2      1      3     13      1      0  13196
      1    158      3      2      2      6     12      1      0   5079
      1    158      3      2      3      1     10      8      0   2246
      1    158      3      2      4      5      8      5      1   1479
      1    158      3      2      5      5     12      5      1   1796
      1    158      3      2      6      4     14      2      0   5845
      1    158      3      2      7      8      9      8      1   1046
      1    158      3      2      8      6     16      1      0   8179
      1    158      3      2      9      8      3      8      1   1580
      1    158      3      2     10      3      8      3      1   2146
      1    158      3      2     11      1      5      1      1   4813
      1    158      3      2     12      7      7      4      0   3780
      1    158      3      2     13      2     16      2      1   3796
      1    158      3      2     14      2      3      2      1   2629
      1    158      3      2     15      7      8      7      1   5146
      1    158      3      2     16      4      8      2      0   3314
      1    158      4      1      1      8     15      8      1   2434
      1    158      4      1      2      7     13      6      0   3863
      1    158      4      1      3      6      6      7      0   1449
      1    158      4      1      4      1      4      1      1   2638
      1    158      4      1      5      3     15      3      1   1201
      1    158      4      1      6      2      4      2      1   2378
      1    158      4      1      7      6      7      6      1   1850
      1    158      4      1      8      1      6      1      1   3470
      1    158      4      1      9      5     11      5      1   1462
      1    158      4      1     10      2     14      8      0   4603
      1    158      4      1     11      4     15      3      0   2085
      1    158      4      1     12      8     13      8      1   2417
      1    158      4      1     13      4     10      4      1   2926
      1    158      4      1     14      3     14      3      1   2404
      1    158      4      1     15      7      6      7      1   2793
      1    158      4      1     16      5     16      5      1   1157
      1    158      4      2      1      7     16      7      1   3679
      1    158      4      2      2      4     11      4      1   4279
      1    158      4      2      3      1     16      1      1  11729
      1    158      4      2      4      8      9      8      1   1713
      1    158      4      2      5      2      3      1      0   7147
      1    158      4      2      6      3     12      3      1   1780
      1    158      4      2      7      6      8      6      1   8896
      1    158      4      2      8      5      4      5      1   1412
      1    158      4      2      9      7      7      7      1   2996
      1    158      4      2     10      3     13      3      1   3446
      1    158      4      2     11      5      7      5      1   1263
      1    158      4      2     12      8     16      8      1   1246
      1    158      4      2     13      2      6      2      1   1562
      1    158      4      2     14      6     12      1      0   5362
      1    158      4      2     15      1     14      1      1   6913
      1    158      4      2     16      4      5      7      0   3012
      1    158      5      1      1      2      5      2      1   1496
      1    158      5      1      2      8      8      8      1   1441
      1    158      5      1      3      5     14      5      1   1183
      1    158      5      1      4      7      2      7      1   1590
      1    158      5      1      5      5      9      5      1   1037
      1    158      5      1      6      3      2      1      0   2829
      1    158      5      1      7      6     13      1      0   3314
      1    158      5      1      8      3      9      3      1   1026
      1    158      5      1      9      4      1      1      0   3006
      1    158      5      1     10      2      9      2      1    955
      1    158      5      1     11      6     15      6      1   1178
      1    158      5      1     12      8      6      8      1   1077
      1    158      5      1     13      1      1      1      1   2030
      1    158      5      1     14      7      5      7      1   1464
      1    158      5      1     15      1      2      1      1   5310
      1    158      5      1     16      4     13      4      1   4270
      1    158      5      2      1      1     11      4      0   7363
      1    158      5      2      2      4     12      1      0   8812
      1    158      5      2      3      1     10      1      1   9063
      1    158      5      2      4      3     10      3      1   2829
      1    158      5      2      5      8      3      8      1   1596
      1    158      5      2      6      6      9      6      1   3480
      1    158      5      2      7      5     12      5      1   1381
      1    158      5      2      8      3      6      3      1   1146
      1    158      5      2      9      8      2      8      1   1479
      1    158      5      2     10      2      1      2      1   1395
      1    158      5      2     11      7      4      7      1   5712
      1    158      5      2     12      7      8      7      1   1248
      1    158      5      2     13      6     11      6      1   1379
      1    158      5      2     14      4      8      4      1   7730
      1    158      5      2     15      5     10      5      1   1480
      1    158      5      2     16      2     16      2      1   1314
      1    158      6      1      1      3      7      3      1   1179
      1    158      6      1      2      8     14      8      1   1457
      1    158      6      1      3      1      7      3      0   1541
      1    158      6      1      4      5      2      5      1   1373
      1    158      6      1      5      1      9      4      0   2668
      1    158      6      1      6      5      6      5      1   1349
      1    158      6      1      7      3     16      3      1   1121
      1    158      6      1      8      7     14      7      1   1947
      1    158      6      1      9      2     13      2      1   2986
      1    158      6      1     10      4      9      2      0   6250
      1    158      6      1     11      4     16      2      0   1440
      1    158      6      1     12      6      5      7      0  12432
      1    158      6      1     13      8     10      8      1   1303
      1    158      6      1     14      2      2      2      1   1337
      1    158      6      1     15      6     10      6      1   1782
      1    158      6      1     16      7     12      1      0   7354
      1    158      6      2      1      3      8      3      1   1496
      1    158      6      2      2      8      4      8      1   1296
      1    158      6      2      3      4      3      1      0   8078
      1    158      6      2      4      2      8      2      1   1845
      1    158      6      2      5      2     10      4      0   3196
      1    158      6      2      6      5      5      5      1   3196
      1    158      6      2      7      7     10      7      1   2129
      1    158      6      2      8      3     11      3      1   3529
      1    158      6      2      9      8      5      8      1   1162
      1    158      6      2     10      1      5      1      1   2613
      1    158      6      2     11      5      8      5      1   1330
      1    158      6      2     12      6     16      4      0  12646
      1    158      6      2     13      1      3      1      1   3581
      1    158      6      2     14      4     14      2      0   3845
      1    158      6      2     15      7     15      7      1   1762
      1    158      6      2     16      6      3      6      1   1564
      1    158      7      1      1      5     16      5      1   1126
      1    158      7      1      2      4     15      1      0   2927
      1    158      7      1      3      8     10      8      1   1060
      1    158      7      1      4      8      8      8      1   1292
      1    158      7      1      5      5     14      5      1    979
      1    158      7      1      6      2      4      2      1   1216
      1    158      7      1      7      7     14      7      1   2298
      1    158      7      1      8      1      4      1      1   5506
      1    158      7      1      9      6      6      7      0   2519
      1    158      7      1     10      2     13      2      1   1046
      1    158      7      1     11      4      1      4      1   4247
      1    158      7      1     12      1      6      4      0   3721
      1    158      7      1     13      6      5      7      0   2019
      1    158      7      1     14      7      2      7      1   1234
      1    158      7      1     15      3     15      3      1   1257
      1    158      7      1     16      3     16      3      1   1325
      1    158      7      2      1      1     10      4      0   2913
      1    158      7      2      2      3     11      3      1   1346
      1    158      7      2      3      1     16      7      0   7413
      1    158      7      2      4      2     16      2      1    928
      1    158      7      2      5      3      8      3      1   1163
      1    158      7      2      6      6     12      6      1   1196
      1    158      7      2      7      2      3      4      0   4645
      1    158      7      2      8      4      8      4      1   5863
      1    158      7      2      9      6      3      6      1    996
      1    158      7      2     10      8     16      8      1   1279
      1    158      7      2     11      7      4      7      1   2229
      1    158      7      2     12      7      8      7      1   1562
      1    158      7      2     13      4     14      1      0   3412
      1    158      7      2     14      5     10      5      1   1046
      1    158      7      2     15      8      5      8      1   1029
      1    158      7      2     16      5     12      5      1   1229
      1    158      8      1      1      7     13      7      1   1385
      1    158      8      1      2      2      9      2      1   1106
      1    158      8      1      3      3     14      3      1    964
      1    158      8      1      4      1      9      1      1   1629
      1    158      8      1      5      5     11      5      1   1085
      1    158      8      1      6      4     16      2      0   1688
      1    158      8      1      7      1      7      3      0   1080
      1    158      8      1      8      7      5      7      1    982
      1    158      8      1      9      6     10      6      1    962
      1    158      8      1     10      8     15      8      1    995
      1    158      8      1     11      3      9      3      1   1018
      1    158      8      1     12      2      2      2      1    851
      1    158      8      1     13      4     10      4      1   1259
      1    158      8      1     14      8      6      8      1   1203
      1    158      8      1     15      5      6      5      1   1194
      1    158      8      1     16      6     13      7      0   2084
      1    158      8      2      1      6     11      6      1   5212
      1    158      8      2      2      1     14      1      1   4746
      1    158      8      2      3      3      6      3      1   1146
      1    158      8      2      4      7     15      7      1   1612
      1    158      8      2      5      1      5      1      1   5446
      1    158      8      2      6      3     13      3      1   1013
      1    158      8      2      7      8      9      8      1   1213
      1    158      8      2      8      6      8      6      1   1412
      1    158      8      2      9      7      7      7      1   1246
      1    158      8      2     10      4      5      4      1   3313
      1    158      8      2     11      2     10      2      1   1062
      1    158      8      2     12      8      2      8      1   1396
      1    158      8      2     13      2      1      2      1   1779
      1    158      8      2     14      5      5      5      1   1846
      1    158      8      2     15      4     12      4      1   4562
      1    158      8      2     16      5      8      5      1    929
      1    158      9      1      1      3      2      3      1   1785
      1    158      9      1      2      7     12      1      0   4159
      1    158      9      1      3      2      5      2      1    964
      1    158      9      1      4      6      7      6      1   1303
      1    158      9      1      5      1      1      1      1   2032
      1    158      9      1      6      7      6      7      1   1165
      1    158      9      1      7      4     13      4      1   1418
      1    158      9      1      8      2     14      4      0   5843
      1    158      9      1      9      1      2      1      1   1644
      1    158      9      1     10      3      7      3      1   1036
      1    158      9      1     11      8     13      8      1   1200
      1    158      9      1     12      6     15      6      1    940
      1    158      9      1     13      5      9      5      1   1061
      1    158      9      1     14      8     14      8      1    918
      1    158      9      1     15      4      9      4      1   2947
      1    158      9      1     16      5      2      5      1   1508
      1    158      9      2      1      1     11      1      1   2880
      1    158      9      2      2      7     16      4      0   3062
      1    158      9      2      3      3     12      3      1    979
      1    158      9      2      4      5      7      5      1   1198
      1    158      9      2      5      6     16      1      0   4980
      1    158      9      2      6      2      8      2      1   1611
      1    158      9      2      7      6      9      6      1   1230
      1    158      9      2      8      8      3      8      1   1162
      1    158      9      2      9      1      3      1      1   3731
      1    158      9      2     10      7     10      7      1   1213
      1    158      9      2     11      4     11      4      1   4213
      1    158      9      2     12      3     10      3      1   1413
      1    158      9      2     13      5      4      5      1   1880
      1    158      9      2     14      8      4      8      1   1229
      1    158      9      2     15      2      6      2      1   1462
      1    158      9      2     16      4      3      3      0   2364
