      1     66      1      1      1      1      6      3      0   2690
      1     66      1      1      2      6      5      4      0   4278
      1     66      1      1      3      4     10      3      0   1948
      1     66      1      1      4      2      4      2      1   5416
      1     66      1      1      5      5     16      5      1   2276
      1     66      1      1      6      3     16      7      0   4248
      1     66      1      1      7      7      8      7      1   2434
      1     66      1      1      8      8      3      8      1   5757
      1     66      1      1      9      7     12      7      1   4761
      1     66      1      1     10      2     14      4      0   3564
      1     66      1      1     11      6     13      8      0   7204
      1     66      1      1     12      1     16      1      1   3026
      1     66      1      1     13      5      9      5      1   1294
      1     66      1      1     14      4      9      4      1   2606
      1     66      1      1     15      8     13      8      1   1086
      1     66      1      1     16      3      6      3      1   2813
      1     66      1      2      1      2      2      2      1   5304
      1     66      1      2      2      7     10      6      0   9659
      1     66      1      2      3      4     12      1      0   3894
      1     66      1      2      4      6     12      3      0   2262
      1     66      1      2      5      5     12      5      1   1126
      1     66      1      2      6      8      5      8      1   1109
      1     66      1      2      7      6     16      7      0   2610
      1     66      1      2      8      5      4      5      1   1242
      1     66      1      2      9      1      1      4      0   1446
      1     66      1      2     10      8     15      8      1    947
      1     66      1      2     11      7      7      6      0   2626
      1     66      1      2     12      1     11      3      0   1995
      1     66      1      2     13      4     13      2      0   3927
      1     66      1      2     14      3     10      3      1   1327
      1     66      1      2     15      3     13      7      0   3326
      1     66      1      2     16      2     16      2      1   1542
      1     66      2      1      1      5      6      5      1   2678
      1     66      2      1      2      3     11      3      1   3396
      1     66      2      1      3      1     14      1      1   1850
      1     66      2      1      4      1      7      7      0   2313
      1     66      2      1      5      8      2      8      1   1221
      1     66      2      1      6      2      5      2      1   1115
      1     66      2      1      7      6      6      7      0   5184
      1     66      2      1      8      7     14      6      0   1499
      1     66      2      1      9      5     11      5      1   1348
      1     66      2      1     10      6      8      4      0   4482
      1     66      2      1     11      3     12      3      1   1682
      1     66      2      1     12      4     11      1      0   1894
      1     66      2      1     13      7      6      6      0   3026
      1     66      2      1     14      8      8      8      1   1041
      1     66      2      1     15      4     16      2      0   1072
      1     66      2      1     16      2      1      2      1   1015
      1     66      2      2      1      8      6      8      1    942
      1     66      2      2      2      1      3      2      0   1660
      1     66      2      2      3      4      1      7      0   2277
      1     66      2      2      4      7     13      7      1   1193
      1     66      2      2      5      4      8      1      0   3326
      1     66      2      2      6      3      2      3      1   1543
      1     66      2      2      7      1      9      1      1   3312
      1     66      2      2      8      3      7      3      1   2114
      1     66      2      2      9      2      6      2      1   1176
      1     66      2      2     10      6      7      7      0   1893
      1     66      2      2     11      7      2      7      1   1646
      1     66      2      2     12      6     10      7      0   1794
      1     66      2      2     13      2      8      2      1   1357
      1     66      2      2     14      5      2      5      1   1109
      1     66      2      2     15      8     16      8      1   3825
      1     66      2      2     16      5     14      5      1    930
      1     66      3      1      1      1      4      3      0   3861
      1     66      3      1      2      7     16      7      1   1766
      1     66      3      1      3      5      7      5      1    926
      1     66      3      1      4      3     15      3      1   1765
      1     66      3      1      5      1      2      1      1   3237
      1     66      3      1      6      7     15      7      1   1098
      1     66      3      1      7      4     15      3      0   3340
      1     66      3      1      8      8      9      8      1   1117
      1     66      3      1      9      2     13      2      1    917
      1     66      3      1     10      2      3      7      0   1547
      1     66      3      1     11      3      9      3      1   1256
      1     66      3      1     12      5      5      5      1   1014
      1     66      3      1     13      8     10      8      1   2135
      1     66      3      1     14      4      3      3      0   1413
      1     66      3      1     15      6      9      7      0   2348
      1     66      3      1     16      6      3      6      1    969
      1     66      3      2      1      6     15      6      1   1211
      1     66      3      2      2      7      5      7      1   1727
      1     66      3      2      3      2      9      2      1   1026
      1     66      3      2      4      8      4      8      1    947
      1     66      3      2      5      5     10      5      1    910
      1     66      3      2      6      3     14      3      1   1127
      1     66      3      2      7      8     14      8      1   1014
      1     66      3      2      8      4     14      4      1   2727
      1     66      3      2      9      5      8      5      1    960
      1     66      3      2     10      3      8      3      1   1110
      1     66      3      2     11      6     11      6      1   1561
      1     66      3      2     12      2     10      2      1   1244
      1     66      3      2     13      4      5      7      0   1697
      1     66      3      2     14      7      4      1      0   1893
      1     66      3      2     15      1      5      1      1   2111
      1     66      3      2     16      1     10      2      0   1761
      1     66      4      1      1      7     16      7      1   1198
      1     66      4      1      2      7     12      7      1   1338
      1     66      4      1      3      8      2      8      1    994
      1     66      4      1      4      5     16      5      1    923
      1     66      4      1      5      4     15      4      1   2381
      1     66      4      1      6      8      8      8      1    971
      1     66      4      1      7      2     13      2      1   1006
      1     66      4      1      8      1     16      3      0   1772
      1     66      4      1      9      3     11      3      1    948
      1     66      4      1     10      2      4      2      1    890
      1     66      4      1     11      4     16      4      1   1395
      1     66      4      1     12      6      6      6      1   1583
      1     66      4      1     13      3     16      3      1   1458
      1     66      4      1     14      5      7      5      1    952
      1     66      4      1     15      1      6      3      0   2181
      1     66      4      1     16      6     13      6      1   1980
      1     66      4      2      1      2     10      2      1   1260
      1     66      4      2      2      4      1      7      0   4011
      1     66      4      2      3      3      2      3      1   1326
      1     66      4      2      4      8     16      8      1   1809
      1     66      4      2      5      2      6      2      1   1181
      1     66      4      2      6      7     13      7      1    992
      1     66      4      2      7      5     10      5      1   1026
      1     66      4      2      8      1      1      1      1   2593
      1     66      4      2      9      8     14      8      1    944
      1     66      4      2     10      1      5      1      1   1044
      1     66      4      2     11      7      2      7      1    865
      1     66      4      2     12      6     16      6      1    945
      1     66      4      2     13      3     13      3      1   1443
      1     66      4      2     14      6      7      6      1   1076
      1     66      4      2     15      5     12      5      1   1276
      1     66      4      2     16      4     12      4      1   1260
      1     66      5      1      1      7      6      7      1    990
      1     66      5      1      2      5      9      5      1    916
      1     66      5      1      3      4     10      4      1   3424
      1     66      5      1      4      8     13      8      1   1039
      1     66      5      1      5      2      3      2      1   5662
      1     66      5      1      6      4      3      1      0   2055
      1     66      5      1      7      2      5      2      1    818
      1     66      5      1      8      6      8      6      1    948
      1     66      5      1      9      7     14      7      1   1331
      1     66      5      1     10      6      5      6      1   1406
      1     66      5      1     11      1      4      3      0   2702
      1     66      5      1     12      3     12      3      1   1130
      1     66      5      1     13      3      6      3      1   1629
      1     66      5      1     14      8      9      8      1   1304
      1     66      5      1     15      1      2      4      0   3483
      1     66      5      1     16      5     11      5      1    925
      1     66      5      2      1      3     14      3      1   1027
      1     66      5      2      2      5      4      5      1    964
      1     66      5      2      3      4      5      7      0   1346
      1     66      5      2      4      1     10      1      1   1295
      1     66      5      2      5      7      4      1      0   1047
      1     66      5      2      6      2      8      2      1   1092
      1     66      5      2      7      4     14      4      1    941
      1     66      5      2      8      8      4      8      1    809
      1     66      5      2      9      6     15      6      1    827
      1     66      5      2     10      1     11      1      1   1064
      1     66      5      2     11      8      5      8      1    809
      1     66      5      2     12      2      2      2      1    798
      1     66      5      2     13      3      7      3      1    743
      1     66      5      2     14      5     14      5      1   1042
      1     66      5      2     15      7      7      7      1   1093
      1     66      5      2     16      6     11      6      1    862
      1     66      6      1      1      1      7      1      1   1311
      1     66      6      1      2      4      9      4      1   1440
      1     66      6      1      3      5      6      5      1    931
      1     66      6      1      4      4     11      1      0   3131
      1     66      6      1      5      7      8      7      1    965
      1     66      6      1      6      3      9      3      1    849
      1     66      6      1      7      7     15      7      1    843
      1     66      6      1      8      5      5      5      1   1131
      1     66      6      1      9      2     14      8      0   2279
      1     66      6      1     10      6      9      6      1    873
      1     66      6      1     11      2      1      2      1   1006
      1     66      6      1     12      3     15      1      0   2581
      1     66      6      1     13      8     10      8      1   1090
      1     66      6      1     14      8      3      8      1    896
      1     66      6      1     15      6      3      6      1   1159
      1     66      6      1     16      1     14      1      1   3526
      1     66      6      2      1      8     15      8      1    974
      1     66      6      2      2      8      6      8      1   1096
      1     66      6      2      3      2      9      2      1    893
      1     66      6      2      4      5      2      5      1    926
      1     66      6      2      5      1      9      1      1   2498
      1     66      6      2      6      2     16      4      0   2192
      1     66      6      2      7      3     10      3      1   1276
      1     66      6      2      8      5      8      5      1    931
      1     66      6      2      9      3      8      3      1    861
      1     66      6      2     10      6     12      6      1   1043
      1     66      6      2     11      4      8      4      1   3060
      1     66      6      2     12      7     10      7      1   1143
      1     66      6      2     13      6     10      6      1    861
      1     66      6      2     14      4     13      4      1   1780
      1     66      6      2     15      7      5      7      1   1226
      1     66      6      2     16      1      3      2      0   1331
      1     66      7      1      1      3     15      3      1   1212
      1     66      7      1      2      3      9      3      1    775
      1     66      7      1      3      8      9      8      1    939
      1     66      7      1      4      2      5      2      1   1571
      1     66      7      1      5      7     15      7      1    918
      1     66      7      1      6      7      6      6      0   2585
      1     66      7      1      7      1      6      1      1   2192
      1     66      7      1      8      4      9      4      1   1331
      1     66      7      1      9      6      6      6      1    947
      1     66      7      1     10      5      9      5      1    917
      1     66      7      1     11      5     11      5      1    921
      1     66      7      1     12      8      8      8      1    895
      1     66      7      1     13      2      1      2      1    817
      1     66      7      1     14      4     11      1      0   1683
      1     66      7      1     15      6      3      6      1    931
      1     66      7      1     16      1     14      1      1   2118
      1     66      7      2      1      6     10      6      1   1161
      1     66      7      2      2      3     10      3      1   1426
      1     66      7      2      3      7     13      7      1    925
      1     66      7      2      4      8      6      8      1   1060
      1     66      7      2      5      2     10      2      1   1164
      1     66      7      2      6      7      4      1      0   4176
      1     66      7      2      7      2      2      2      1    880
      1     66      7      2      8      1      9      1      1   2030
      1     66      7      2      9      8      5      8      1    909
      1     66      7      2     10      3     14      3      1    814
      1     66      7      2     11      4      5      4      1   1947
      1     66      7      2     12      5      2      5      1    878
      1     66      7      2     13      6     12      6      1    963
      1     66      7      2     14      5     12      5      1    830
      1     66      7      2     15      4     12      4      1    942
      1     66      7      2     16      1     10      1      1   1061
      1     66      8      1      1      4     10      4      1   1508
      1     66      8      1      2      1      7      3      0   2304
      1     66      8      1      3      3     16      3      1   2059
      1     66      8      1      4      5      7      5      1    891
      1     66      8      1      5      1      2      1      1   2674
      1     66      8      1      6      2      4      2      1    818
      1     66      8      1      7      2     14      2      1   1998
      1     66      8      1      8      4      3      4      1   1034
      1     66      8      1      9      8      2      8      1    906
      1     66      8      1     10      6      5      6      1   1348
      1     66      8      1     11      7      8      7      1   1055
      1     66      8      1     12      5     16      5      1    998
      1     66      8      1     13      7     12      7      1    875
      1     66      8      1     14      6     13      6      1    932
      1     66      8      1     15      8      3      8      1   1052
      1     66      8      1     16      3     12      3      1   1960
      1     66      8      2      1      5     10      5      1   1043
      1     66      8      2      2      1     11      1      1   1096
      1     66      8      2      3      7      2      7      1    793
      1     66      8      2      4      2      9      2      1    694
      1     66      8      2      5      3     13      3      1    862
      1     66      8      2      6      8      4      8      1    843
      1     66      8      2      7      1      1      4      0   1743
      1     66      8      2      8      4      8      4      1   1827
      1     66      8      2      9      7      5      7      1    959
      1     66      8      2     10      4      1      4      1   4010
      1     66      8      2     11      6     16      6      1    864
      1     66      8      2     12      8     14      8      1    812
      1     66      8      2     13      2     16      2      1    843
      1     66      8      2     14      5      8      5      1    846
      1     66      8      2     15      6      7      6      1    881
      1     66      8      2     16      3      8      3      1    876
      1     66      9      1      1      7     16      7      1   1189
      1     66      9      1      2      2      3      1      0   3031
      1     66      9      1      3      4     16      4      1   1677
      1     66      9      1      4      3     11      3      1    994
      1     66      9      1      5      6      9      6      1    874
      1     66      9      1      6      3      6      3      1   1045
      1     66      9      1      7      6      8      6      1   1222
      1     66      9      1      8      8     10      8      1    920
      1     66      9      1      9      5      6      5      1    941
      1     66      9      1     10      1     16      1      1   1511
      1     66      9      1     11      1      4      1      1   3890
      1     66      9      1     12      8     13      8      1   1149
      1     66      9      1     13      5      5      5      1   1278
      1     66      9      1     14      4     15      4      1   1917
      1     66      9      1     15      7     14      7      1    967
      1     66      9      1     16      2     13      2      1   3698
      1     66      9      2      1      2      8      2      1    791
      1     66      9      2      2      3      7      3      1    731
      1     66      9      2      3      6     15      6      1    877
      1     66      9      2      4      8     15      8      1    860
      1     66      9      2      5      7      7      7      1    844
      1     66      9      2      6      1      5      1      1    911
      1     66      9      2      7      3      2      3      1    727
      1     66      9      2      8      8     16      2      0   2779
      1     66      9      2      9      4     13      4      1   1277
      1     66      9      2     10      5      4      5      1   1014
      1     66      9      2     11      7     10      7      1    946
      1     66      9      2     12      1      3      2      0    910
      1     66      9      2     13      2      6      2      1    726
      1     66      9      2     14      4     14      4      1    862
      1     66      9      2     15      5     14      5      1    942
      1     66      9      2     16      6     11      6      1   1030
