      1     41      1      1      1      2      9      1      0   3291
      1     41      1      1      2      6     10      6      1   3396
      1     41      1      1      3      1     16      1      1   3393
      1     41      1      1      4      3     14      3      1   3100
      1     41      1      1      5      1     11      3      0   1548
      1     41      1      1      6      4      8      8      0   2413
      1     41      1      1      7      7     16      8      0   2920
      1     41      1      1      8      6      5      8      0   6045
      1     41      1      1      9      3     13      5      0   2322
      1     41      1      1     10      5      5      5      1   4925
      1     41      1      1     11      8     14      4      0   3931
      1     41      1      1     12      8     10      8      1   2389
      1     41      1      1     13      4      9      5      0   2240
      1     41      1      1     14      5     14      5      1   1587
      1     41      1      1     15      2      3      2      1   3612
      1     41      1      1     16      7      8      1      0   4120
      1     41      1      2      1      2     14      8      0   6167
      1     41      1      2      2      7     10      7      1   4226
      1     41      1      2      3      7     13      7      1   3226
      1     41      1      2      4      1      3      2      0   3394
      1     41      1      2      5      5      8      5      1   1345
      1     41      1      2      6      5     10      5      1   1060
      1     41      1      2      7      3     15      1      0   3114
      1     41      1      2      8      3      7      4      0   6176
      1     41      1      2      9      6      9      8      0   4477
      1     41      1      2     10      4     10      5      0   1477
      1     41      1      2     11      8     16      8      1   2513
      1     41      1      2     12      2      8      5      0   1824
      1     41      1      2     13      4     12      2      0   1842
      1     41      1      2     14      1      2      3      0    978
      1     41      1      2     15      6     12      1      0   3126
      1     41      1      2     16      8      3      8      1   4759
      1     41      2      1      1      3      8      3      1   5766
      1     41      2      1      2      2     10      5      0   2985
      1     41      2      1      3      5     16      5      1   1039
      1     41      2      1      4      5      6      6      0   3088
      1     41      2      1      5      2      2      2      1   1011
      1     41      2      1      6      7      7      3      0   1855
      1     41      2      1      7      6      6      6      1   1870
      1     41      2      1      8      4     15      7      0   2153
      1     41      2      1      9      1      9      2      0   1339
      1     41      2      1     10      8      8      8      1   1240
      1     41      2      1     11      7      4      4      0   2066
      1     41      2      1     12      4      1      7      0   1821
      1     41      2      1     13      3     10      4      0   1806
      1     41      2      1     14      6      8      6      1   5691
      1     41      2      1     15      8      6      8      1   1323
      1     41      2      1     16      1      5      3      0   3576
      1     41      2      2      1      5      4      5      1   2009
      1     41      2      2      2      8     13      8      1   1062
      1     41      2      2      3      7      6      4      0   1926
      1     41      2      2      4      5     11      5      1   1161
      1     41      2      2      5      7      5      7      1   2176
      1     41      2      2      6      1      6      1      1   3031
      1     41      2      2      7      2      1      2      1   1146
      1     41      2      2      8      4     13      6      0   2445
      1     41      2      2      9      3      6      4      0   2760
      1     41      2      2     10      6      3      7      0   2427
      1     41      2      2     11      4     11      1      0   1629
      1     41      2      2     12      2      4      2      1   1143
      1     41      2      2     13      3      9      3      1   1877
      1     41      2      2     14      1      4      3      0   1060
      1     41      2      2     15      8      5      8      1   1243
      1     41      2      2     16      6     15      6      1   1979
      1     41      3      1      1      4      5      3      0   1269
      1     41      3      1      2      1     10      1      1   2336
      1     41      3      1      3      5      9      5      1    982
      1     41      3      1      4      8      4      8      1   1431
      1     41      3      1      5      6     16      4      0   1165
      1     41      3      1      6      2      5      2      1    920
      1     41      3      1      7      7     15      3      0   1770
      1     41      3      1      8      4     14      3      0   2475
      1     41      3      1      9      3     16      3      1   1264
      1     41      3      1     10      3      2      3      1   1374
      1     41      3      1     11      7      2      6      0   2841
      1     41      3      1     12      6     11      5      0   2531
      1     41      3      1     13      2     16      4      0   3007
      1     41      3      1     14      8      9      8      1   1021
      1     41      3      1     15      5      7      5      1   1217
      1     41      3      1     16      1      7      4      0   1472
      1     41      3      2      1      2     13      2      1   1660
      1     41      3      2      2      1     14      3      0   2160
      1     41      3      2      3      7     14      4      0   2697
      1     41      3      2      4      3     11      3      1   1376
      1     41      3      2      5      2      6      2      1    777
      1     41      3      2      6      6      7      7      0   1926
      1     41      3      2      7      1      1      6      0   1563
      1     41      3      2      8      8      2      8      1   1012
      1     41      3      2      9      4     16      2      0   2393
      1     41      3      2     10      3     12      6      0   2244
      1     41      3      2     11      5      2      5      1   1330
      1     41      3      2     12      7     12      7      1   2164
      1     41      3      2     13      4      3      1      0   1580
      1     41      3      2     14      5     12      5      1   1128
      1     41      3      2     15      6     13      3      0   1044
      1     41      3      2     16      8     15      8      1   1359
      1     41      4      1      1      7     16      4      0   3360
      1     41      4      1      2      1      7      3      0   1631
      1     41      4      1      3      4      8      1      0   2610
      1     41      4      1      4      8     14      8      1    914
      1     41      4      1      5      7     15      7      1   2262
      1     41      4      1      6      2      5      2      1   1064
      1     41      4      1      7      5      9      5      1   1084
      1     41      4      1      8      8      8      8      1   1148
      1     41      4      1      9      6     11      4      0   2228
      1     41      4      1     10      3     14      6      0   2287
      1     41      4      1     11      4     15      3      0   1907
      1     41      4      1     12      3     13      4      0   1605
      1     41      4      1     13      5     14      5      1   1337
      1     41      4      1     14      6     10      7      0   1387
      1     41      4      1     15      1      5      1      1   1435
      1     41      4      1     16      2     16      2      1   1232
      1     41      4      2      1      7      6      7      1   4958
      1     41      4      2      2      6     15      4      0   3576
      1     41      4      2      3      8     13      8      1   1209
      1     41      4      2      4      4     13      1      0   2960
      1     41      4      2      5      5      2      5      1   1009
      1     41      4      2      6      6     12      6      1   1331
      1     41      4      2      7      1      3      2      0   2776
      1     41      4      2      8      3     12      4      0   3546
      1     41      4      2      9      8      3      8      1   1211
      1     41      4      2     10      7     12      7      1   1780
      1     41      4      2     11      5     11      5      1   1227
      1     41      4      2     12      2      6      2      1   1226
      1     41      4      2     13      4     16      1      0   1330
      1     41      4      2     14      3      9      3      1   1227
      1     41      4      2     15      1      6      4      0   1026
      1     41      4      2     16      2     13      2      1   1610
      1     41      5      1      1      2      2      2      1   2425
      1     41      5      1      2      8     10      8      1   2623
      1     41      5      1      3      7      4      3      0   1921
      1     41      5      1      4      7      7      4      0   4396
      1     41      5      1      5      2      9      2      1   1059
      1     41      5      1      6      1     11      1      1   1306
      1     41      5      1      7      8      6      8      1   1094
      1     41      5      1      8      1      9      1      1   1363
      1     41      5      1      9      4      5      6      0   2534
      1     41      5      1     10      5      6      5      1   1231
      1     41      5      1     11      6      5      4      0   2095
      1     41      5      1     12      5      7      5      1   1224
      1     41      5      1     13      3     10      3      1   2461
      1     41      5      1     14      4      1      4      1   3465
      1     41      5      1     15      6      6      6      1   1741
      1     41      5      1     16      3     16      3      1   2612
      1     41      5      2      1      1     14      3      0   3110
      1     41      5      2      2      3     15      4      0   1661
      1     41      5      2      3      8     16      8      1    997
      1     41      5      2      4      3      6      7      0   5228
      1     41      5      2      5      6      9      6      1   2144
      1     41      5      2      6      2      8      2      1   1394
      1     41      5      2      7      5     10      5      1   1864
      1     41      5      2      8      5      4      5      1   1293
      1     41      5      2      9      8      2      8      1   1376
      1     41      5      2     10      4     10      3      0   3980
      1     41      5      2     11      4     11      3      0   1345
      1     41      5      2     12      7     13      7      1   1209
      1     41      5      2     13      1      4      6      0   1913
      1     41      5      2     14      7      5      6      0   1543
      1     41      5      2     15      6     13      4      0   3328
      1     41      5      2     16      2     14      8      0   1461
      1     41      6      1      1      3      8      2      0    614
      1     41      6      1      2      7      8      3      0    673
      1     41      6      1      3      8      9      8      1    924
      1     41      6      1      4      5     16      5      1   1035
      1     41      6      1      5      2      3      1      0   4383
      1     41      6      1      6      4      9      2      0   2551
      1     41      6      1      7      1     16      3      0    979
      1     41      6      1      8      7      2      7      1   1058
      1     41      6      1      9      3      2      6      0   2667
      1     41      6      1     10      8      4      8      1    979
      1     41      6      1     11      2     10      2      1   1289
      1     41      6      1     12      5      5      5      1   1341
      1     41      6      1     13      6     16      6      1   1064
      1     41      6      1     14      4     14      3      0   3089
      1     41      6      1     15      1     10      3      0   2728
      1     41      6      1     16      6      8      6      1   2871
      1     41      6      2      1      8      5      8      1   2309
      1     41      6      2      2      4     12      1      0   2875
      1     41      6      2      3      7     10      7      1   4043
      1     41      6      2      4      2      1      2      1   1659
      1     41      6      2      5      8     15      8      1   1259
      1     41      6      2      6      1      1      4      0   5676
      1     41      6      2      7      5     12      5      1    879
      1     41      6      2      8      1      2      3      0   2763
      1     41      6      2      9      2      4      2      1   1364
      1     41      6      2     10      6      7      7      0   5342
      1     41      6      2     11      5      8      5      1   1009
      1     41      6      2     12      4      3      1      0   1397
      1     41      6      2     13      7     14      4      0   2710
      1     41      6      2     14      3     11      3      1   2095
      1     41      6      2     15      3      7      4      0   1477
      1     41      6      2     16      6      3      6      1   1779
      1     41      7      1      1      2      9      2      1    752
      1     41      7      1      2      5      9      5      1    887
      1     41      7      1      3      6      6      6      1   2013
      1     41      7      1      4      3     14      3      1   1602
      1     41      7      1      5      8      8      8      1    964
      1     41      7      1      6      4      8      4      1   2997
      1     41      7      1      7      6      5      6      1   2411
      1     41      7      1      8      5     14      5      1   1442
      1     41      7      1      9      1     10      3      0   9390
      1     41      7      1     10      8     10      8      1   1253
      1     41      7      1     11      7      7      7      1   1606
      1     41      7      1     12      2      3      1      0   1475
      1     41      7      1     13      7      4      4      0   3137
      1     41      7      1     14      4     15      3      0   5160
      1     41      7      1     15      3     10      3      1   3150
      1     41      7      1     16      1      7      3      0   3435
      1     41      7      2      1      4     13      3      0   5043
      1     41      7      2      2      3     15      4      0   2861
      1     41      7      2      3      5     11      5      1    960
      1     41      7      2      4      1      2      1      1   3375
      1     41      7      2      5      5     10      5      1    863
      1     41      7      2      6      2      6      2      1    943
      1     41      7      2      7      7     10      7      1   1681
      1     41      7      2      8      6     15      6      1   2231
      1     41      7      2      9      7      5      7      1   1130
      1     41      7      2     10      6      7      6      1   1126
      1     41      7      2     11      8     15      8      1    992
      1     41      7      2     12      3      9      3      1   2376
      1     41      7      2     13      8     16      8      1   1060
      1     41      7      2     14      2     13      2      1   1326
      1     41      7      2     15      1      3      1      1   1143
      1     41      7      2     16      4      3      1      0   2362
      1     41      8      1      1      6     11      6      1   3199
      1     41      8      1      2      2     10      2      1   1171
      1     41      8      1      3      5      5      5      1    947
      1     41      8      1      4      3      2      3      1   1449
      1     41      8      1      5      7     15      7      1   1185
      1     41      8      1      6      5      7      5      1   1079
      1     41      8      1      7      7      2      7      1   1402
      1     41      8      1      8      4      1      3      0   8133
      1     41      8      1      9      1      5      3      0   1950
      1     41      8      1     10      1     16      3      0   1741
      1     41      8      1     11      8      4      8      1    885
      1     41      8      1     12      2      2      2      1   1241
      1     41      8      1     13      6      8      6      1   2838
      1     41      8      1     14      8      6      8      1    950
      1     41      8      1     15      4      5      4      1   3777
      1     41      8      1     16      3     13      3      1   1951
      1     41      8      2      1      1     14      4      0   2543
      1     41      8      2      2      3     12      3      1   2277
      1     41      8      2      3      2      8      2      1   1047
      1     41      8      2      4      5     12      5      1   1544
      1     41      8      2      5      3      7      3      1   4976
      1     41      8      2      6      2      1      2      1    842
      1     41      8      2      7      8      3      8      1   1176
      1     41      8      2      8      5      8      5      1    959
      1     41      8      2      9      4     12      2      0   2742
      1     41      8      2     10      6      9      6      1   1631
      1     41      8      2     11      4     10      4      1   1631
      1     41      8      2     12      8      2      8      1    926
      1     41      8      2     13      7     13      7      1   1042
      1     41      8      2     14      7     14      4      0   2994
      1     41      8      2     15      1      6      3      0   1296
      1     41      8      2     16      6      3      6      1   1665
      1     41      9      1      1      7      8      4      0   2583
      1     41      9      1      2      5     16      5      1   1041
      1     41      9      1      3      8      9      8      1    926
      1     41      9      1      4      7     16      7      1   1709
      1     41      9      1      5      6     10      6      1    983
      1     41      9      1      6      4     14      4      1   4620
      1     41      9      1      7      5      6      5      1    871
      1     41      9      1      8      6     16      6      1   1728
      1     41      9      1      9      2     16      1      0   2481
      1     41      9      1     10      1     11      1      1   2075
      1     41      9      1     11      3      8      3      1   1908
      1     41      9      1     12      8     14      8      1    914
      1     41      9      1     13      3     16      3      1   1110
      1     41      9      1     14      1      9      1      1   1434
      1     41      9      1     15      4      9      4      1   2415
      1     41      9      1     16      2      5      2      1    886
      1     41      9      2      1      5      4      5      1   1076
      1     41      9      2      2      2     14      8      0   1610
      1     41      9      2      3      1      1      4      0   3580
      1     41      9      2      4      7     12      7      1   1315
      1     41      9      2      5      3      6      1      0   3243
      1     41      9      2      6      6     12      6      1   2429
      1     41      9      2      7      1      4      3      0   1410
      1     41      9      2      8      2      4      2      1    843
      1     41      9      2      9      5      2      5      1   1077
      1     41      9      2     10      3     11      4      0   3809
      1     41      9      2     11      6     13      4      0   4376
      1     41      9      2     12      4     16      2      0   2626
      1     41      9      2     13      4     11      2      0   3911
      1     41      9      2     14      7      6      7      1   2709
      1     41      9      2     15      8      5      8      1   1010
      1     41      9      2     16      8     13      8      1   1059
