      2    188      1      1      1      5     12      3      0   2164   3033
      2    188      1      1      2      3     11      1      0    915   1489
      2    188      1      1      3      3     11      3      1   1012   1743
      2    188      1      1      4      3     15      4      0   4880   1078
      2    188      1      1      5      3     15      3      1   1008    852
      2    188      1      1      6      4     11      6      0   1155   2662
      2    188      1      1      7      3     13      1      0   1589   1450
      2    188      1      1      8      1     11      2      0    966   1606
      2    188      1      1      9      5     12      5      1    850    777
      2    188      1      1     10      3     15      3      1    659   1149
      2    188      1      1     11      8     10      8      1   1719    890
      2    188      1      1     12      4      5      6      0   2574   1134
      2    188      1      1     13      7     14      2      0   1666   1175
      2    188      1      1     14      5     10      4      0   2105    987
      2    188      1      1     15      6     10      6      1   3178   1661
      2    188      1      1     16      3      8      1      0  12919    889
      2    188      1      2      1      2      4      4      0   1643
      2    188      1      2      2      3     12      3      1   1948
      2    188      1      2      3      6     12      7      0   4531
      2    188      1      2      4      5      4      5      1   3197
      2    188      1      2      5      4     13      3      0   5131
      2    188      1      2      6      7     13      6      0   1781
      2    188      1      2      7      4     12      3      0   1431
      2    188      1      2      8      3     14      2      0   2963
      2    188      1      2      9      8      2      8      1    897
      2    188      1      2     10      7     10      1      0   5526
      2    188      1      2     11      1      2      2      0   3980
      2    188      1      2     12      6      3      6      1   3064
      2    188      1      2     13      2      8      4      0   1556
      2    188      1      2     14      8     16      8      1   7862
      2    188      1      2     15      1      5      7      0  11497
      2    188      1      2     16      5      8      4      0   2864
      2    188      2      1      1      4      3      3      0   2140   2228
      2    188      2      1      2      5     10      5      1   1032   1027
      2    188      2      1      3      5     12      5      1    683    678
      2    188      2      1      4      1      1      4      0   1546   1261
      2    188      2      1      5      5      7      5      1   1034   1522
      2    188      2      1      6      5     14      5      1   1504   1154
      2    188      2      1      7      1      7      1      1   1777    965
      2    188      2      1      8      6     13      7      0   2775    885
      2    188      2      1      9      8     13      8      1   1234   1240
      2    188      2      1     10      3     13      8      0   2298   1242
      2    188      2      1     11      2     13      4      0   2301   2449
      2    188      2      1     12      2      5      1      0   2472   1401
      2    188      2      1     13      1      1      2      0    764    995
      2    188      2      1     14      5     10      5      1   3430   1409
      2    188      2      1     15      6     10      6      1   1145   2125
      2    188      2      1     16      3      8      8      0   2444   1943
      2    188      2      2      1      4      8      3      0   3560
      2    188      2      2      2      4     16      7      0   6376
      2    188      2      2      3      6      8      6      1   8795
      2    188      2      2      4      8      8      8      1   1444
      2    188      2      2      5      3     10      3      1   1130
      2    188      2      2      6      1      4      3      0   2243
      2    188      2      2      7      7      5      1      0   1928
      2    188      2      2      8      5     11      5      1   1293
      2    188      2      2      9      3     16      7      0   6844
      2    188      2      2     10      8     15      8      1   3129
      2    188      2      2     11      5      5      5      1   1143
      2    188      2      2     12      6      9      6      1   6961
      2    188      2      2     13      2     14      4      0   8509
      2    188      2      2     14      2      9      2      1   1611
      2    188      2      2     15      1      6      3      0   3781
      2    188      2      2     16      7      6      6      0   1493
      2    188      3      1      1      7     14      1      0   1535   2914
      2    188      3      1      2      7     15      6      0   1215   2470
      2    188      3      1      3      6     11      5      0   2056   2992
      2    188      3      1      4      3      2      5      0   1581   1226
      2    188      3      1      5      4      5      1      0   1029   1511
      2    188      3      1      6      3      7      7      0  13483   1255
      2    188      3      1      7      2      2      2      1    989    904
      2    188      3      1      8      1      1      4      0   3306    953
      2    188      3      1      9      3     15      3      1    994    915
      2    188      3      1     10      5     16      5      1    648   1027
      2    188      3      1     11      6     15      6      1   1251   2301
      2    188      3      1     12      6      6      1      0   3822   1467
      2    188      3      1     13      1     10      3      0   2314    796
      2    188      3      1     14      1     11      2      0   6377   3037
      2    188      3      1     15      7     12      1      0    994   1330
      2    188      3      1     16      7     14      1      0   1261    882
      2    188      3      2      1      3      9      3      1  16645
      2    188      3      2      2      2     10      2      1   1631
      2    188      3      2      3      1      3      7      0   2447
      2    188      3      2      4      7     16      6      0   1031
      2    188      3      2      5      8      3      8      1   2747
      2    188      3      2      6      6      7      6      1   1197
      2    188      3      2      7      1     16      3      0   1898
      2    188      3      2      8      8      6      8      1   1931
      2    188      3      2      9      2      1      2      1   1330
      2    188      3      2     10      7      2      6      0    964
      2    188      3      2     11      5      6      5      1   1014
      2    188      3      2     12      6     16      8      0   4581
      2    188      3      2     13      3      6      3      1   5697
      2    188      3      2     14      5      2      5      1   1081
      2    188      3      2     15      4     10      4      1   1648
      2    188      3      2     16      4     15      7      0   2798
      2    188      4      1      1      5     10      5      1    844   2737
      2    188      4      1      2      7      4      6      0   1481   1111
      2    188      4      1      3      6     15      6      1   1999   2253
      2    188      4      1      4      4      5      1      0   1587    889
      2    188      4      1      5      4      5      4      1   1296   2371
      2    188      4      1      6      3      8      4      0    844   2590
      2    188      4      1      7      5      7      5      1    824   1018
      2    188      4      1      8      2     13      4      0   1128    782
      2    188      4      1      9      7     15      7      1   1943   1927
      2    188      4      1     10      8     14      3      0   1436   2482
      2    188      4      1     11      8     13      8      1    777    683
      2    188      4      1     12      7     12      7      1  17064   1821
      2    188      4      1     13      1     10      3      0   1376   1000
      2    188      4      1     14      4      3      1      0   1563   2487
      2    188      4      1     15      2      5      4      0    887   2962
      2    188      4      1     16      1      9      4      0   1024   2941
      2    188      4      2      1      7     13      6      0   2040
      2    188      4      2      2      6      8      5      0   2647
      2    188      4      2      3      3      9      3      1   1548
      2    188      4      2      4      4     10      4      1   2663
      2    188      4      2      5      1      3      2      0   2493
      2    188      4      2      6      2      8      4      0   1380
      2    188      4      2      7      3     10      3      1   1793
      2    188      4      2      8      1      2      1      1   3847
      2    188      4      2      9      8      6      8      1   1398
      2    188      4      2     10      5      4      5      1   1061
      2    188      4      2     11      6      3      6      1   1315
      2    188      4      2     12      7      2      7      1   1914
      2    188      4      2     13      5      6      6      0   2948
      2    188      4      2     14      2     10      2      1   1510
      2    188      4      2     15      8     15      8      1   1046
      2    188      4      2     16      4      8      1      0   3880
      2    188      5      1      1      5     16      5      1   1602   7965
      2    188      5      1      2      6     15      6      1   1516   2899
      2    188      5      1      3      6     11      6      1   1182   1856
      2    188      5      1      4      7     14      7      1   1371    723
      2    188      5      1      5      8      5      8      1   2852   3724
      2    188      5      1      6      2      5      2      1   1320   1586
      2    188      5      1      7      6     13      6      1   1445   1411
      2    188      5      1      8      6      5      5      0   2009    950
      2    188      5      1      9      2      6      2      1   1151   2069
      2    188      5      1     10      8      4      8      1    965    977
      2    188      5      1     11      7     12      7      1   1137   1105
      2    188      5      1     12      3      2      6      0   1074   1349
      2    188      5      1     13      3      8      3      1   1657   2626
      2    188      5      1     14      1     14      3      0   2287   5315
      2    188      5      1     15      6      6      1      0   9941   2409
      2    188      5      1     16      7      4      6      0   1597    928
      2    188      5      2      1      8     16      8      1   1043
      2    188      5      2      2      7      5      3      0   3226
      2    188      5      2      3      2      1      1      0  25477
      2    188      5      2      4      7     10      7      1   1481
      2    188      5      2      5      1      5      1      1   5560
      2    188      5      2      6      2      9      2      1   1327
      2    188      5      2      7      5      8      5      1   1144
      2    188      5      2      8      6      7      6      1   1447
      2    188      5      2      9      3      6      4      0   2914
      2    188      5      2     10      8      2      8      1   1281
      2    188      5      2     11      6      9      6      1   1828
      2    188      5      2     12      1      4      7      0   2927
      2    188      5      2     13      3     12      7      0   1480
      2    188      5      2     14      4     16      4      1   5045
      2    188      5      2     15      4     13      1      0   2098
      2    188      5      2     16      5      2      5      1   1029
      2    188      6      1      1      3      2      7      0   1645    898
      2    188      6      1      2      3      8      3      1   1322   1153
      2    188      6      1      3      4     11      7      0   1587   1419
      2    188      6      1      4      1      9      4      0   1127   1015
      2    188      6      1      5      6     10      6      1   1416   4806
      2    188      6      1      6      4     11      7      0   3992   2442
      2    188      6      1      7      1      9      1      1    850    678
      2    188      6      1      8      2      3      3      0   1400   3213
      2    188      6      1      9      8      4      8      1    608   3121
      2    188      6      1     10      7     12      7      1   1123   1185
      2    188      6      1     11      4      5      6      0   1637   1121
      2    188      6      1     12      4     11      4      1   1028   1080
      2    188      6      1     13      4      5      6      0   1610   2009
      2    188      6      1     14      2     13      1      0  12931   4142
      2    188      6      1     15      3     11      1      0   1760   1296
      2    188      6      1     16      7     14      7      1    951    891
      2    188      6      2      1      3     16      7      0   8725
      2    188      6      2      2      8      8      8      1   1227
      2    188      6      2      3      5      5      5      1    995
      2    188      6      2      4      8      3      8      1   1131
      2    188      6      2      5      7     16      7      1   2593
      2    188      6      2      6      6     16      6      1   4596
      2    188      6      2      7      4     15      1      0   2443
      2    188      6      2      8      5     11      5      1    944
      2    188      6      2      9      1     16      1      1  16611
      2    188      6      2     10      3     14      3      1   4443
      2    188      6      2     11      2     14      8      0   5793
      2    188      6      2     12      6     12      4      0   2777
      2    188      6      2     13      1      6      1      1   1379
      2    188      6      2     14      7      6      6      0   1009
      2    188      6      2     15      2      4      4      0   1460
      2    188      6      2     16      4     12      4      1   2376
      2    188      7      1      1      2      2      1      0   2152   5216
      2    188      7      1      2      1     14      8      0   2000   1423
      2    188      7      1      3      4      9      1      0   1632   2435
      2    188      7      1      4      4     11      4      1    875   1348
      2    188      7      1      5      1      9      1      1    893    800
      2    188      7      1      6      4     14      2      0    909   5642
      2    188      7      1      7      1      7      7      0    869   3128
      2    188      7      1      8      8      9      8      1    806    837
      2    188      7      1      9      4      3      4      1   1448   2968
      2    188      7      1     10      6     15      6      1   1240   1085
      2    188      7      1     11      6      5      6      1    840   1549
      2    188      7      1     12      7     12      7      1    766   1010
      2    188      7      1     13      7     15      7      1    804   1585
      2    188      7      1     14      1     10      1      1   2196   1294
      2    188      7      1     15      8     13      8      1   1033    744
      2    188      7      1     16      2     16      2      1   1440    638
      2    188      7      2      1      1     16      1      1   7059
      2    188      7      2      2      7     16      6      0   1576
      2    188      7      2      3      2      8      2      1   1195
      2    188      7      2      4      6      7      6      1   1126
      2    188      7      2      5      3     10      1      0   8446
      2    188      7      2      6      1      6      3      0  16224
      2    188      7      2      7      4     16      6      0   2460
      2    188      7      2      8      8      3      8      1    993
      2    188      7      2      9      5      4      5      1   1426
      2    188      7      2     10      7      5      7      1   1447
      2    188      7      2     11      3      9      1      0   2545
      2    188      7      2     12      6      8      6      1   1331
      2    188      7      2     13      8     16      8      1    965
      2    188      7      2     14      5      6      5      1    927
      2    188      7      2     15      2     14      8      0   1748
      2    188      7      2     16      4      8      1      0   2547
      2    188      8      1      1      8      9      2      0    918    990
      2    188      8      1      2      8      5      8      1   1193   2391
      2    188      8      1      3      7     14      7      1    863   4941
      2    188      8      1      4      5     14      5      1   1000   1009
      2    188      8      1      5      4     14      1      0   1113   1957
      2    188      8      1      6      3     11      7      0   1466   1192
      2    188      8      1      7      7      8      7      1   2578   1362
      2    188      8      1      8      1     14      1      1   2836   1121
      2    188      8      1      9      6     10      6      1    944   2688
      2    188      8      1     10      6      6      6      1   2246    996
      2    188      8      1     11      1     11      4      0   1368   1720
      2    188      8      1     12      7     12      7      1   1270   1121
      2    188      8      1     13      1     10      1      1   1173    886
      2    188      8      1     14      7      7      7      1    836   1073
      2    188      8      1     15      8     13      8      1   2716   1722
      2    188      8      1     16      2      6      2      1    838   2213
      2    188      8      2      1      6     16      6      1   8109
      2    188      8      2      2      3     12      7      0   3627
      2    188      8      2      3      8      8      8      1   1027
      2    188      8      2      4      1      4      1      1   2060
      2    188      8      2      5      1      5      7      0   1078
      2    188      8      2      6      4     15      2      0   2414
      2    188      8      2      7      5      8      5      1   1059
      2    188      8      2      8      7     13      7      1    946
      2    188      8      2      9      2      1      2      1   1376
      2    188      8      2     10      6     12      4      0   1430
      2    188      8      2     11      2     10      6      0   2027
      2    188      8      2     12      8      6      8      1    865
      2    188      8      2     13      3     14      1      0   1144
      2    188      8      2     14      7     10      7      1   1465
      2    188      8      2     15      5      2      5      1   2459
      2    188      8      2     16      4     13      4      1   2644
      2    188      9      1      1      6     13      6      1   3104    640
      2    188      9      1      2      2      2      1      0   3188    888
      2    188      9      1      3      1     11      1      1   5078   1130
      2    188      9      1      4      2      6      2      1   1087   1039
      2    188      9      1      5      2      2      2      1   2092   2343
      2    188      9      1      6      1      1      4      0   1785   2283
      2    188      9      1      7      3      7      2      0  52489   1062
      2    188      9      1      8      5     16      5      1    722   1268
      2    188      9      1      9      6     13      6      1    902    825
      2    188      9      1     10      2      5      4      0   1603    873
      2    188      9      1     11      1      7      1      1   1502   1555
      2    188      9      1     12      3      7      1      0   1343   3717
      2    188      9      1     13      1     14      4      0   1174   1664
      2    188      9      1     14      8      9      8      1    605    988
      2    188      9      1     15      3      2      3      1    791   1201
      2    188      9      1     16      5     10      5      1   1802    974
      2    188      9      2      1      4     10      1      0   2077
      2    188      9      2      2      3      6      3      1   3148
      2    188      9      2      3      8      2      8      1   1044
      2    188      9      2      4      6      9      6      1   2011
      2    188      9      2      5      5      5      5      1   1093
      2    188      9      2      6      5     11      5      1    798
      2    188      9      2      7      6      3      7      0    994
      2    188      9      2      8      2      9      4      0   1944
      2    188      9      2      9      7      2      7      1   1043
      2    188      9      2     10      3     16      1      0   7159
      2    188      9      2     11      2      4      2      1   2709
      2    188      9      2     12      7      6      7      1   1410
      2    188      9      2     13      1      2      2      0  19477
      2    188      9      2     14      4     12      4      1   1743
      2    188      9      2     15      8     15      8      1    997
      2    188      9      2     16      1      3      2      0   3093
