      2     50      1      1      1      8      5      7      0   3313   5069
      2     50      1      1      2      3      9      1      0   2756   8715
      2     50      1      1      3      5     10      5      1   2221   8338
      2     50      1      1      4      8     15      8      1   1307   4199
      2     50      1      1      5      7     12      3      0   2392   1961
      2     50      1      1      6      7     16      7      1   2285   4482
      2     50      1      1      7      3      7      6      0   2850   5860
      2     50      1      1      8      6      3      7      0   1693   2608
      2     50      1      1      9      6      9      6      1   1903   3333
      2     50      1      1     10      4     14      4      1   1713   1145
      2     50      1      1     11      6     10      6      1   1544   1195
      2     50      1      1     12      2     10      2      1   1930    913
      2     50      1      1     13      3     13      3      1   1388   1756
      2     50      1      1     14      8     10      8      1   1974   2378
      2     50      1      1     15      6     11      1      0   3909   2146
      2     50      1      1     16      6     12      6      1   2271   1168
      2     50      1      2      1      5     12      5      1   1908     -1
      2     50      1      2      2      2     16      4      0   3610     -1
      2     50      1      2      3      2     13      2      1   9859     -1
      2     50      1      2      4      8      2      8      1   1626     -1
      2     50      1      2      5      3      2      3      1   2408     -1
      2     50      1      2      6      1     11      6      0   2491     -1
      2     50      1      2      7      6      6      6      1   1611     -1
      2     50      1      2      8      7      6      7      1   5911     -1
      2     50      1      2      9      3     10      3      1   1829     -1
      2     50      1      2     10      4     10      1      0   5527     -1
      2     50      1      2     11      7      4      6      0   2510     -1
      2     50      1      2     12      5      6      5      1   2244     -1
      2     50      1      2     13      6      8      6      1   1893     -1
      2     50      1      2     14      4      8      2      0   2994     -1
      2     50      1      2     15      8     14      8      1   1477     -1
      2     50      1      2     16      1      2      6      0   3310     -1
      2     50      2      1      1      2     10      2      1    798   6926
      2     50      2      1      2      4     14      4      1   2546   2846
      2     50      2      1      3      1      1      1      1   2329   6802
      2     50      2      1      4      4     11      2      0   1842   2556
      2     50      2      1      5      4     14      4      1   1929   1144
      2     50      2      1      6      2      5      4      0   1705   1564
      2     50      2      1      7      1     10      6      0   2474   5068
      2     50      2      1      8      2      6      4      0   1407   4591
      2     50      2      1      9      2      3      4      0   3218   2450
      2     50      2      1     10      2      2      2      1   2651   1091
      2     50      2      1     11      2      3      2      1   1796   1881
      2     50      2      1     12      1      7      6      0   1606   3314
      2     50      2      1     13      6     13      6      1   1416   2943
      2     50      2      1     14      5      5      5      1   1379    964
      2     50      2      1     15      6     11      6      1   1461   1179
      2     50      2      1     16      2      8      2      1   2726    932
      2     50      2      2      1      7      2      7      1   2730     -1
      2     50      2      2      2      1      3      1      1   4143     -1
      2     50      2      2      3      1      4      6      0   2327     -1
      2     50      2      2      4      4     12      4      1   2778     -1
      2     50      2      2      5      6      7      6      1   2310     -1
      2     50      2      2      6      2      9      2      1   2194     -1
      2     50      2      2      7      8      9      8      1   1394     -1
      2     50      2      2      8      7     10      7      1   2077     -1
      2     50      2      2      9      6      5      6      1   3027     -1
      2     50      2      2     10      3     12      3      1   3278     -1
      2     50      2      2     11      4      5      4      1   9661     -1
      2     50      2      2     12      3     14      3      1   1646     -1
      2     50      2      2     13      5     11      5      1   1327     -1
      2     50      2      2     14      8      3      8      1   1212     -1
      2     50      2      2     15      2      1      2      1   4411     -1
      2     50      2      2     16      5      7      5      1   1328     -1
      2     50      3      1      1      5     14      5      1   1199   3076
      2     50      3      1      2      5     10      5      1   1571   3875
      2     50      3      1      3      2     10      2      1   1600    732
      2     50      3      1      4      2      3      1      0   2856   3004
      2     50      3      1      5      4     14      4      1   1975   1196
      2     50      3      1      6      2      2      2      1   1058   1377
      2     50      3      1      7      1      9      1      1   3252   3861
      2     50      3      1      8      4      9      4      1   3870   5449
      2     50      3      1      9      1      1      1      1   2023   3135
      2     50      3      1     10      4      3      3      0   3692   3132
      2     50      3      1     11      7      7      7      1   7235   3254
      2     50      3      1     12      6     13      6      1   2052   1284
      2     50      3      1     13      1     10      6      0   2491   1706
      2     50      3      1     14      6      9      6      1   1459   1653
      2     50      3      1     15      4     14      4      1   6938   1117
      2     50      3      1     16      4     15      4      1   3310   1982
      2     50      3      2      1      3     11      3      1   1730     -1
      2     50      3      2      2      3      6      3      1   7644     -1
      2     50      3      2      3      8     16      8      1   1310     -1
      2     50      3      2      4      5      9      5      1   1660     -1
      2     50      3      2      5      7      5      7      1   1894     -1
      2     50      3      2      6      4     16      4      1   2793     -1
      2     50      3      2      7      6     15      6      1   1694     -1
      2     50      3      2      8      6     16      6      1   1711     -1
      2     50      3      2      9      7      8      7      1   1210     -1
      2     50      3      2     10      2     14      4      0   3577     -1
      2     50      3      2     11      1      5      1      1   4044     -1
      2     50      3      2     12      1      6      1      1   3294     -1
      2     50      3      2     13      2      4      2      1   2294     -1
      2     50      3      2     14      5      8      5      1   1577     -1
      2     50      3      2     15      8     13      8      1   1060     -1
      2     50      3      2     16      4     13      4      1   2693     -1
      2     50      4      1      1      1      7      1      1    987   6348
      2     50      4      1      2      3     16      1      0   1428   2440
      2     50      4      1      3      3      9      3      1   1302   8137
      2     50      4      1      4      4      9      5      0   1405   1678
      2     50      4      1      5      1     16      6      0   2634   1598
      2     50      4      1      6      4      1      1      0   1113   1146
      2     50      4      1      7      4      1      4      1   8836   1283
      2     50      4      1      8      1     14      1      1   2202   3203
      2     50      4      1      9      5      5      5      1   1442   1542
      2     50      4      1     10      1      9      1      1   2865   3554
      2     50      4      1     11      7     13      7      1   1323   1691
      2     50      4      1     12      2      2      2      1   1130   1703
      2     50      4      1     13      4     15      4      1   2025   2330
      2     50      4      1     14      1     10      1      1   3183   2022
      2     50      4      1     15      2      5      2      1   1433   1058
      2     50      4      1     16      4     11      4      1   2488   1283
      2     50      4      2      1      8      3      8      1   1630     -1
      2     50      4      2      2      5     12      5      1   1227     -1
      2     50      4      2      3      4     10      4      1   4710     -1
      2     50      4      2      4      2      9      2      1   1412     -1
      2     50      4      2      5      8      2      8      1   1261     -1
      2     50      4      2      6      1      3      1      1   2378     -1
      2     50      4      2      7      7      6      7      1   1345     -1
      2     50      4      2      8      1      2      1      1   2826     -1
      2     50      4      2      9      4     13      4      1   1177     -1
      2     50      4      2     10      3      2      3      1   1278     -1
      2     50      4      2     11      3     14      3      1    911     -1
      2     50      4      2     12      6      6      6      1   3011     -1
      2     50      4      2     13      2      1      2      1   1261     -1
      2     50      4      2     14      5     11      5      1   1059     -1
      2     50      4      2     15      7     10      7      1   1127     -1
      2     50      4      2     16      6     15      6      1   1761     -1
      2     50      5      1      1      3     16      3      1    666   3667
      2     50      5      1      2      1      9      1      1   1342   1198
      2     50      5      1      3      7     14      7      1   1947   1092
      2     50      5      1      4      2      6      2      1    840   2592
      2     50      5      1      5      4     11      4      1   1273   5345
      2     50      5      1      6      1     10      1      1   1596    850
      2     50      5      1      7      2      8      2      1   1043   1916
      2     50      5      1      8      2     10      2      1   3088   5842
      2     50      5      1      9      4      3      4      1   2032   2093
      2     50      5      1     10      4     15      4      1   1330   3359
      2     50      5      1     11      4     14      4      1   1665   3405
      2     50      5      1     12      2      2      2      1    827   1540
      2     50      5      1     13      1      7      1      1   1736   2155
      2     50      5      1     14      3      7      3      1   1060   4226
      2     50      5      1     15      1     14      1      1   3223   3511
      2     50      5      1     16      7     16      7      1    839   3741
      2     50      5      2      1      6      5      7      0   4447     -1
      2     50      5      2      2      8     13      8      1   1010     -1
      2     50      5      2      3      3     12      3      1   1394     -1
      2     50      5      2      4      7      5      7      1   1027     -1
      2     50      5      2      5      8     14      8      1   1210     -1
      2     50      5      2      6      1      5      1      1   1965     -1
      2     50      5      2      7      4      5      4      1   8694     -1
      2     50      5      2      8      6      8      7      0   1127     -1
      2     50      5      2      9      4     12      4      1   2193     -1
      2     50      5      2     10      7      8      7      1   1095     -1
      2     50      5      2     11      5      8      5      1   1128     -1
      2     50      5      2     12      2     16      4      0   1527     -1
      2     50      5      2     13      1      6      1      1   1328     -1
      2     50      5      2     14      2      4      2      1   1260     -1
      2     50      5      2     15      5      9      5      1    928     -1
      2     50      5      2     16      3      6      3      1   2628     -1
      2     50      6      1      1      7     16      7      1   2717   4502
      2     50      6      1      2      7     12      7      1    779   1324
      2     50      6      1      3      1     14      1      1    929   3734
      2     50      6      1      4      2      2      2      1    772   2365
      2     50      6      1      5      4      3      4      1   1145   1196
      2     50      6      1      6      2      3      4      0   1427   1426
      2     50      6      1      7      1      9      2      0   1592   2147
      2     50      6      1      8      2      3      2      1   1513    914
      2     50      6      1      9      2     10      2      1   1033   4077
      2     50      6      1     10      7     14      7      1    965   1388
      2     50      6      1     11      1      1      1      1   1517   3682
      2     50      6      1     12      8      8      8      1   1409   1492
      2     50      6      1     13      4      1      1      0   2274   2085
      2     50      6      1     14      4      1      4      1   4837   3593
      2     50      6      1     15      1     16      1      1   1400   1077
      2     50      6      1     16      5     14      5      1    808   6835
      2     50      6      2      1      4     16      4      1   2080     -1
      2     50      6      2      2      4      8      4      1   4844     -1
      2     50      6      2      3      5      7      5      1   1293     -1
      2     50      6      2      4      8      9      8      1   1528     -1
      2     50      6      2      5      6     16      7      0   1411     -1
      2     50      6      2      6      6      7      7      0   1494     -1
      2     50      6      2      7      5      6      5      1   2111     -1
      2     50      6      2      8      8     16      8      1   1328     -1
      2     50      6      2      9      2     14      4      0   7078     -1
      2     50      6      2     10      1     11      1      1   2343     -1
      2     50      6      2     11      7      2      7      1   1378     -1
      2     50      6      2     12      3     11      3      1   6427     -1
      2     50      6      2     13      2     13      2      1   1843     -1
      2     50      6      2     14      3     10      1      0   1361     -1
      2     50      6      2     15      1      4      1      1   1544     -1
      2     50      6      2     16      7      4      6      0   2594     -1
      2     50      7      1      1      7     14      7      1   3608   1739
      2     50      7      1      2      4     15      4      1   2521   2104
      2     50      7      1      3      7     15      7      1   1407   1018
      2     50      7      1      4      7     12      7      1    914   1813
      2     50      7      1      5      7     13      7      1   1942   1493
      2     50      7      1      6      3     15      1      0   1607   1167
      2     50      7      1      7      4      3      4      1   1755   1428
      2     50      7      1      8      4     14      4      1   2032  10618
      2     50      7      1      9      1      9      1      1    996   2357
      2     50      7      1     10      2      3      4      0   1632    617
      2     50      7      1     11      2      3      4      0    904   2021
      2     50      7      1     12      2      8      2      1    802   4084
      2     50      7      1     13      3      7      3      1   1531   3323
      2     50      7      1     14      1     10      1      1   1311   1523
      2     50      7      1     15      4     11      4      1   2551   1582
      2     50      7      1     16      2      3      2      1   1062   4588
      2     50      7      2      1      5      7      5      1   1147     -1
      2     50      7      2      2      2      1      2      1   1261     -1
      2     50      7      2      3      3     11      3      1   1277     -1
      2     50      7      2      4      4      8      4      1   5743     -1
      2     50      7      2      5      1      5      1      1   1944     -1
      2     50      7      2      6      7      4      6      0   1444     -1
      2     50      7      2      7      6     15      6      1   1560     -1
      2     50      7      2      8      8     14      8      1   1410     -1
      2     50      7      2      9      1      6      1      1   2677     -1
      2     50      7      2     10      6      8      6      1   1527     -1
      2     50      7      2     11      2     13      2      1   2945     -1
      2     50      7      2     12      3     10      3      1   5493     -1
      2     50      7      2     13      5      6      5      1    979     -1
      2     50      7      2     14      8      3      8      1   1311     -1
      2     50      7      2     15      4     10      4      1   8660     -1
      2     50      7      2     16      7     10      7      1   1344     -1
      2     50      8      1      1      4      9      4      1   2037   5741
      2     50      8      1      2      3      9      3      1    882   6190
      2     50      8      1      3      3      8      3      1    691   3148
      2     50      8      1      4      3     16      3      1   1037   1317
      2     50      8      1      5      3     13      3      1   1178   3541
      2     50      8      1      6      1      7      1      1    759   4297
      2     50      8      1      7      1     10      1      1   1513   1553
      2     50      8      1      8      4     11      4      1   2593   1819
      2     50      8      1      9      4     14      4      1   1177   2933
      2     50      8      1     10      6     10      6      1    795   1981
      2     50      8      1     11      2     10      2      1   1661   6570
      2     50      8      1     12      2      8      2      1    921   2496
      2     50      8      1     13      6     13      6      1   1966   7748
      2     50      8      1     14      3     15      3      1   3625   2607
      2     50      8      1     15      8     10      8      1    980   2504
      2     50      8      1     16      8      4      8      1   1056   4856
      2     50      8      2      1      1      4      1      1   2131     -1
      2     50      8      2      2      5     11      5      1   1028     -1
      2     50      8      2      3      1      2      1      1   1410     -1
      2     50      8      2      4      6     16      6      1   1393     -1
      2     50      8      2      5      2      4      2      1   1384     -1
      2     50      8      2      6      2     16      4      0   2611     -1
      2     50      8      2      7      6      5      6      1   6177     -1
      2     50      8      2      8      4     13      4      1   1996     -1
      2     50      8      2      9      8      2      8      1   1279     -1
      2     50      8      2     10      4      5      2      0   7877     -1
      2     50      8      2     11      7      2      7      1   1277     -1
      2     50      8      2     12      7      8      7      1   1577     -1
      2     50      8      2     13      5      8      5      1   1377     -1
      2     50      8      2     14      3      2      3      1   1260     -1
      2     50      8      2     15      3     12      3      1   1029     -1
      2     50      8      2     16      8      9      8      1   1143     -1
      2     50      9      1      1      7      7      7      1   1033   4973
      2     50      9      1      2      1     16      1      1   1570   4844
      2     50      9      1      3      3      7      3      1    880   1373
      2     50      9      1      4      3      8      3      1    805   1872
      2     50      9      1      5      3     16      3      1    892   1672
      2     50      9      1      6      5     14      5      1   1289   1118
      2     50      9      1      7      8      6      8      1   1151   1090
      2     50      9      1      8      4     15      4      1   1240   1756
      2     50      9      1      9      2      3      2      1   4734   2744
      2     50      9      1     10      2      2      2      1    809   3657
      2     50      9      1     11      2      6      2      1    876    656
      2     50      9      1     12      3     15      3      1   1310   2014
      2     50      9      1     13      4      3      4      1   2101   1878
      2     50      9      1     14      1      7      1      1    920   3283
      2     50      9      1     15      3     13      3      1   1174   4133
      2     50      9      1     16      4     15      4      1   1064   3555
      2     50      9      2      1      8     13      8      1   1730     -1
      2     50      9      2      2      6      6      6      1   3177     -1
      2     50      9      2      3      6      7      6      1   1827     -1
      2     50      9      2      4      5     12      5      1   1544     -1
      2     50      9      2      5      3      6      3      1   4027     -1
      2     50      9      2      6      4     12      2      0  17115     -1
      2     50      9      2      7      2     14      8      0   3444     -1
      2     50      9      2      8      7      5      7      1   2246     -1
      2     50      9      2      9      1     11      1      1   3344     -1
      2     50      9      2     10      7      6      7      1   1145     -1
      2     50      9      2     11      3     14      3      1   1095     -1
      2     50      9      2     12      5      9      5      1    995     -1
      2     50      9      2     13      8     16      8      1   1179     -1
      2     50      9      2     14      4     16      4      1   1244     -1
      2     50      9      2     15      2      9      2      1    947     -1
      2     50      9      2     16      1      3      1      1   1163     -1
