      2    161      1      1      1      3      2      6      0   2175   4502
      2    161      1      1      2      3      2      3      1    950   6930
      2    161      1      1      3      7     13      1      0   1458   1440
      2    161      1      1      4      7     13      7      1   1754   2640
      2    161      1      1      5      4     16      8      0   2136   8548
      2    161      1      1      6      4     16      4      1   2377    898
      2    161      1      1      7      6      6      2      0   1470   1761
      2    161      1      1      8      6      6      6      1   1844   1197
      2    161      1      1      9      5      8      1      0   1246  12877
      2    161      1      1     10      5      8      5      1   1602   1304
      2    161      1      1     11      6     12      8      0   6684   4075
      2    161      1      1     12      6     12      6      1   1565   1453
      2    161      1      1     13      3     14      1      0   1368   9789
      2    161      1      1     14      3     14      3      1   1341   1397
      2    161      1      1     15      6      7      1      0   3443   1508
      2    161      1      1     16      6      7      6      1   1023    972
      2    161      1      2      1      1     10      2      0  17098
      2    161      1      2      2      1     11      4      0   1839
      2    161      1      2      3      7      6      5      0   2559
      2    161      1      2      4      2      8      8      0   4242
      2    161      1      2      5      6     15      6      1   1257
      2    161      1      2      6      7      4      5      0   4774
      2    161      1      2      7      4      1      1      0    960
      2    161      1      2      8      4      9      3      0   1025
      2    161      1      2      9      3      8      3      1   1693
      2    161      1      2     10      8      4      6      0   1159
      2    161      1      2     11      5      9      7      0   3525
      2    161      1      2     12      2      5      4      0    859
      2    161      1      2     13      5     11      2      0   1293
      2    161      1      2     14      3      6      6      0   3677
      2    161      1      2     15      8      6      2      0   1159
      2    161      1      2     16      6      9      8      0   4659
      2    161      2      1      1      5      8      3      0   2090  50499
      2    161      2      1      2      6     12      4      0   1491  14159
      2    161      2      1      3      7     13      7      1   2363  10602
      2    161      2      1      4      4     16      4      1    938   8796
      2    161      2      1      5      3      2      1      0   1281   3911
      2    161      2      1      6      6      6      8      0   1062  10395
      2    161      2      1      7      3     14      2      0   1527   8041
      2    161      2      1      8      6      7      7      0   2059   7256
      2    161      2      1      9      8     10      1      0   1342  11272
      2    161      2      1     10      2      2      2      1   1148   7347
      2    161      2      1     11      1      7      3      0   1356  27793
      2    161      2      1     12      1     14      8      0   1497   7053
      2    161      2      1     13      3     15      6      0    854   9759
      2    161      2      1     14      5      2      3      0    973   5390
      2    161      2      1     15      4      8      8      0   6974   3899
      2    161      2      1     16      2      3      7      0   1037  16800
      2    161      2      2      1      1      4      6      0  49144
      2    161      2      2      2      2     13      4      0  30209
      2    161      2      2      3      5     12      5      1   5526
      2    161      2      2      4      3     11      3      1  31842
      2    161      2      2      5      7     15      3      0  20675
      2    161      2      2      6      6      8      6      1   9343
      2    161      2      2      7      8      9      1      0  19945
      2    161      2      2      8      5      6      5      1  17426
      2    161      2      2      9      7     14      4      0  27125
      2    161      2      2     10      1      5      1      1  10613
      2    161      2      2     11      6     10      5      0  31542
      2    161      2      2     12      3     12      3      1  14426
      2    161      2      2     13      2      6      4      0   4641
      2    161      2      2     14      8     13      6      0  14842
      2    161      2      2     15      4     14      4      1   5775
      2    161      2      2     16      4     10      4      1  14392
      2    161      3      1      1      6     16      8      0   3483  14952
      2    161      3      1      2      6      5      8      0   1146  21330
      2    161      3      1      3      7     12      7      1   1617  14709
      2    161      3      1      4      2     14      2      1   1847  53782
      2    161      3      1      5      4     13      2      0   1001  29615
      2    161      3      1      6      8     16      2      0   1341   1740
      2    161      3      1      7      5     10      5      1   1225  11588
      2    161      3      1      8      4      3      4      1   1002   1140
      2    161      3      1      9      4     12      4      1   1003   1531
      2    161      3      1     10      3      9      6      0   1123   1988
      2    161      3      1     11      7     12      3      0   1465   1307
      2    161      3      1     12      3     16      3      1    871   6314
      2    161      3      1     13      1      7      3      0   1096   7221
      2    161      3      1     14      7     10      1      0   2659   5832
      2    161      3      1     15      7      2      7      1   2317   2321
      2    161      3      1     16      7     13      7      1   1003   2203
      2    161      3      2      1      6      3      6      1  12361
      2    161      3      2      2      7      7      7      1  40609
      2    161      3      2      3      4     15      3      0  32775
      2    161      3      2      4      2     16      4      0   1258
      2    161      3      2      5      3     13      7      0  33043
      2    161      3      2      6      8      8      8      1  18126
      2    161      3      2      7      1      3      2      0  50576
      2    161      3      2      8      4     11      2      0   4125
      2    161      3      2      9      2     10      4      0   1324
      2    161      3      2     10      1      6      3      0  10774
      2    161      3      2     11      5      7      5      1   1705
      2    161      3      2     12      5      5      5      1   5075
      2    161      3      2     13      6     11      6      1   7359
      2    161      3      2     14      8     14      8      1   2026
      2    161      3      2     15      3      7      1      0  20242
      2    161      3      2     16      7      8      7      1  65459
      2    161      4      1      1      6     12      3      0    774   2239
      2    161      4      1      2      4      5      6      0    680    536
      2    161      4      1      3      3      2      2      0    453   1053
      2    161      4      1      4      1      2      1      1   1108   1282
      2    161      4      1      5      8      2      8      1   1215   1190
      2    161      4      1      6      3     16      6      0    942   1116
      2    161      4      1      7      1      7      3      0   1140   1870
      2    161      4      1      8      3     14      3      1    937   3629
      2    161      4      1      9      3      9      6      0   4171   5577
      2    161      4      1     10      4      3      3      0    823    742
      2    161      4      1     11      2      9      4      0   2412   1294
      2    161      4      1     12      4     12      4      1   1828   3014
      2    161      4      1     13      2      1      2      1   1445   2161
      2    161      4      1     14      3      2      3      1    731    701
      2    161      4      1     15      5      4      5      1   1781    914
      2    161      4      1     16      6      6      7      0   1916    797
      2    161      4      2      1      7      6      7      1  17177
      2    161      4      2      2      5      5      6      0   1375
      2    161      4      2      3      5      7      5      1   1343
      2    161      4      2      4      7      4      6      0   4442
      2    161      4      2      5      1     11      6      0   2209
      2    161      4      2      6      6      9      6      1   1176
      2    161      4      2      7      3      6      3      1   1176
      2    161      4      2      8      2     16      4      0   2593
      2    161      4      2      9      6     11      6      1   2326
      2    161      4      2     10      4     14      4      1   3092
      2    161      4      2     11      4     11      4      1   1176
      2    161      4      2     12      8     13      8      1   2011
      2    161      4      2     13      1     10      1      1   5692
      2    161      4      2     14      8      6      8      1    975
      2    161      4      2     15      3     11      3      1   1975
      2    161      4      2     16      2     13      4      0   3325
      2    161      5      1      1      3     16      3      1    757   2977
      2    161      5      1      2      5      8      5      1   1409    885
      2    161      5      1      3      1     14      8      0   1118   1337
      2    161      5      1      4      6      5      6      1   1242   2853
      2    161      5      1      5      6     16      6      1   1038   1691
      2    161      5      1      6      3      9      3      1   1001   1828
      2    161      5      1      7      7     12      1      0   1061   1047
      2    161      5      1      8      7     10      7      1    944   2147
      2    161      5      1      9      7     13      7      1    902    861
      2    161      5      1     10      7     16      7      1    840    955
      2    161      5      1     11      3     15      1      0   1247   4993
      2    161      5      1     12      1      7      1      1    969   9033
      2    161      5      1     13      8     16      8      1    778   1098
      2    161      5      1     14      2      1      2      1   1821   1268
      2    161      5      1     15      2      9      2      1   1261   4048
      2    161      5      1     16      4     12      4      1   1208   1836
      2    161      5      2      1      8      9      8      1   2344
      2    161      5      2      2      8      4      8      1   1092
      2    161      5      2      3      5      6      5      1   1459
      2    161      5      2      4      3     12      3      1   1975
      2    161      5      2      5      4      1      3      0  12792
      2    161      5      2      6      2      6      2      1   4825
      2    161      5      2      7      7     15      7      1   1509
      2    161      5      2      8      5     12      5      1   1492
      2    161      5      2      9      4     10      4      1  12909
      2    161      5      2     10      3      7      1      0   2459
      2    161      5      2     11      6      8      6      1   1343
      2    161      5      2     12      7      8      7      1   1343
      2    161      5      2     13      2     10      4      0   3660
      2    161      5      2     14      6     15      6      1   1461
      2    161      5      2     15      1      5      3      0   2143
      2    161      5      2     16      1      3      3      0   2027
      2    161      6      1      1      1      7      1      1   1540   1648
      2    161      6      1      2      3     14      1      0   1102   1302
      2    161      6      1      3      4      3      1      0   1161   3293
      2    161      6      1      4      4     12      4      1    949   1549
      2    161      6      1      5      2      9      2      1   1157   1184
      2    161      6      1      6      1      2      1      1   2314   1488
      2    161      6      1      7      7     12      7      1   1010   2574
      2    161      6      1      8      8      2      8      1   1226   1739
      2    161      6      1      9      6     16      6      1   1315   1258
      2    161      6      1     10      2     14      8      0   3084   1585
      2    161      6      1     11      8     15      8      1   1719   1920
      2    161      6      1     12      8      3      8      1   1346   1044
      2    161      6      1     13      4     13      1      0   2048   1027
      2    161      6      1     14      2      9      4      0   1002   2255
      2    161      6      1     15      2     14      4      0    876   2016
      2    161      6      1     16      1      1      3      0   1360   1409
      2    161      6      2      1      4     15      4      1   8411
      2    161      6      2      2      1      4      1      1   4526
      2    161      6      2      3      6      3      6      1   1395
      2    161      6      2      4      8      8      8      1   1123
      2    161      6      2      5      8     14      8      1   1726
      2    161      6      2      6      2      5      2      1   2792
      2    161      6      2      7      1      6      3      0   2907
      2    161      6      2      8      6     10      6      1   1643
      2    161      6      2      9      7     14      7      1   2126
      2    161      6      2     10      3      8      3      1   1460
      2    161      6      2     11      5     11      5      1   1625
      2    161      6      2     12      4      9      1      0   6326
      2    161      6      2     13      5      9      5      1   1427
      2    161      6      2     14      3     13      3      1   1130
      2    161      6      2     15      7      7      7      1   1193
      2    161      6      2     16      2      8      2      1   2324
      2    161      7      1      1      1      7      1      1   4710   1794
      2    161      7      1      2      6     13      6      1   1370   1250
      2    161      7      1      3      1     14      1      1   2724   1235
      2    161      7      1      4      6      5      1      0   4730    785
      2    161      7      1      5      1      2      1      1   1937   1154
      2    161      7      1      6      8      5      8      1    914   1292
      2    161      7      1      7      8      2      8      1    876   1329
      2    161      7      1      8      2      4      2      1   1835   2300
      2    161      7      1      9      8     16      4      0   1195    962
      2    161      7      1     10      4     12      4      1   1053   1566
      2    161      7      1     11      3     15      3      1   1469   1433
      2    161      7      1     12      1     14      1      1   2117   1093
      2    161      7      1     13      3     16      3      1    850   1271
      2    161      7      1     14      7     13      7      1    814    503
      2    161      7      1     15      1      1      3      0    629    816
      2    161      7      1     16      3      2      3      1    645    622
      2    161      7      2      1      4      9      1      0   2744
      2    161      7      2      2      2     16      4      0   3758
      2    161      7      2      3      4      1      1      0   2693
      2    161      7      2      4      3     11      3      1   1659
      2    161      7      2      5      1     10      1      1   1260
      2    161      7      2      6      2      5      2      1   3259
      2    161      7      2      7      5      5      6      0   1192
      2    161      7      2      8      6      8      6      1   1425
      2    161      7      2      9      6      9      6      1   1459
      2    161      7      2     10      3      8      3      1   1109
      2    161      7      2     11      8      4      8      1   1175
      2    161      7      2     12      5     11      5      1   1510
      2    161      7      2     13      7      8      7      1   1324
      2    161      7      2     14      7     14      7      1   1593
      2    161      7      2     15      8      9      8      1   1091
      2    161      7      2     16      1      5      3      0   2977
      2    161      8      1      1      3      2      3      1    708   2473
      2    161      8      1      2      7     13      7      1    747    798
      2    161      8      1      3      5      8      5      1   1056    860
      2    161      8      1      4      6     12      1      0   4036    713
      2    161      8      1      5      6      6      6      1   1139    840
      2    161      8      1      6      6      7      6      1    771    776
      2    161      8      1      7      2      2      4      0   1853   1073
      2    161      8      1      8      4     12      4      1   1133    945
      2    161      8      1      9      2      3      4      0   1102   2550
      2    161      8      1     10      4      8      1      0   2624   1477
      2    161      8      1     11      2      4      2      1   1073   2903
      2    161      8      1     12      1      2      1      1   1771    940
      2    161      8      1     13      2      1      4      0    865   1127
      2    161      8      1     14      1      9      4      0   1663   2341
      2    161      8      1     15      3     14      3      1   1177   1033
      2    161      8      1     16      3     16      3      1    713    685
      2    161      8      2      1      8     14      8      1   1099
      2    161      8      2      2      8     13      8      1   1480
      2    161      8      2      3      5      7      5      1   2492
      2    161      8      2      4      4     10      4      1   4076
      2    161      8      2      5      4     11      4      1   1492
      2    161      8      2      6      2      8      2      1   1391
      2    161      8      2      7      6      3      6      1   1159
      2    161      8      2      8      6     11      6      1   1141
      2    161      8      2      9      3      7      3      1   2141
      2    161      8      2     10      2     13      2      1   2126
      2    161      8      2     11      5      9      5      1   1076
      2    161      8      2     12      1      3      1      1   1142
      2    161      8      2     13      1      6      1      1   1876
      2    161      8      2     14      3      6      3      1    976
      2    161      8      2     15      7      4      1      0   2975
      2    161      8      2     16      7      7      7      1   1092
      2    161      9      1      1      5     16      5      1   1145   1297
      2    161      9      1      2      7     13      7      1    774    938
      2    161      9      1      3      4     12      4      1   1518    698
      2    161      9      1      4      2      1      2      1   1263    800
      2    161      9      1      5      1      2      1      1    928   1226
      2    161      9      1      6      8      5      8      1    758   1050
      2    161      9      1      7      4      3      4      1   1837    744
      2    161      9      1      8      1      7      3      0   1128    951
      2    161      9      1      9      3     16      3      1   1695   3504
      2    161      9      1     10      1      7      1      1   2131   1375
      2    161      9      1     11      8     15      8      1   1824   1181
      2    161      9      1     12      2     14      8      0   1136   3677
      2    161      9      1     13      3      9      3      1    848   1129
      2    161      9      1     14      7     12      1      0   1060   1212
      2    161      9      1     15      8      2      8      1   1070   1103
      2    161      9      1     16      6     16      6      1    928   1655
      2    161      9      2      1      5      6      5      1   1294
      2    161      9      2      2      4     14      4      1   4142
      2    161      9      2      3      3     12      3      1   3942
      2    161      9      2      4      5     12      5      1   1143
      2    161      9      2      5      3     13      3      1   2610
      2    161      9      2      6      1      4      1      1   1225
      2    161      9      2      7      1     11      1      1   1258
      2    161      9      2      8      4     15      4      1   2591
      2    161      9      2      9      8      6      8      1   1126
      2    161      9      2     10      7     15      7      1   1074
      2    161      9      2     11      2     10      2      1   1375
      2    161      9      2     12      2      6      2      1    977
      2    161      9      2     13      6     10      6      1   3125
      2    161      9      2     14      8      8      8      1   1226
      2    161      9      2     15      6     15      6      1   1325
      2    161      9      2     16      7      6      7      1   1275
