      1     21      1      1      1      1     10      2      0   1984
      1     21      1      1      2      7      4      6      0   3787
      1     21      1      1      3      8     10      8      1   2179
      1     21      1      1      4      5      5      5      1   3224
      1     21      1      1      5      3      6      3      1   5738
      1     21      1      1      6      2     13      4      0   2866
      1     21      1      1      7      7     16      6      0   4542
      1     21      1      1      8      6      3      4      0   4064
      1     21      1      1      9      4     14      1      0   2636
      1     21      1      1     10      3     16      2      0   5106
      1     21      1      1     11      4     11      1      0   3232
      1     21      1      1     12      2      9      1      0   2037
      1     21      1      1     13      1      4      8      0   5550
      1     21      1      1     14      6      8      7      0   3519
      1     21      1      1     15      5      9      5      1   1876
      1     21      1      1     16      8      3      8      1   1655
      1     21      1      2      1      7      5      4      0   5038
      1     21      1      2      2      7      7      1      0   3048
      1     21      1      2      3      3     14      3      1   2827
      1     21      1      2      4      8      5      8      1   1610
      1     21      1      2      5      6     16      6      1   2493
      1     21      1      2      6      5      2      5      1   1176
      1     21      1      2      7      8      9      8      1   1260
      1     21      1      2      8      5     10      5      1   2543
      1     21      1      2      9      4     12      2      0   3159
      1     21      1      2     10      3     10      2      0   3427
      1     21      1      2     11      2      2      1      0   2531
      1     21      1      2     12      1      9      1      1   2048
      1     21      1      2     13      1     11      3      0   1279
      1     21      1      2     14      2      1      4      0   1294
      1     21      1      2     15      6     10      6      1   2662
      1     21      1      2     16      4      9      7      0   4476
      1     21      2      1      1      3      7      3      1   2245
      1     21      2      1      2      1      6      2      0   2605
      1     21      2      1      3      5      6      5      1   1342
      1     21      2      1      4      4     15      4      1   2078
      1     21      2      1      5      7      6      7      1   2081
      1     21      2      1      6      7     12      7      1   2636
      1     21      2      1      7      8     15      2      0   2686
      1     21      2      1      8      6     11      3      0   3081
      1     21      2      1      9      3     13      6      0   1390
      1     21      2      1     10      1     16      6      0   4545
      1     21      2      1     11      4     16      4      1   1869
      1     21      2      1     12      5     14      5      1   1349
      1     21      2      1     13      8      4      8      1   1074
      1     21      2      1     14      2      8      2      1   7039
      1     21      2      1     15      2     16      4      0   1469
      1     21      2      1     16      6     12      3      0   2100
      1     21      2      2      1      7      8      7      1   2393
      1     21      2      2      2      4      8      6      0   8697
      1     21      2      2      3      3      8      3      1   6944
      1     21      2      2      4      8      2      8      1   1481
      1     21      2      2      5      3     12      3      1   3277
      1     21      2      2      6      6      7      6      1   6426
      1     21      2      2      7      1      1      2      0   3861
      1     21      2      2      8      2      4      2      1   2442
      1     21      2      2      9      2      6      2      1   1945
      1     21      2      2     10      8      8      8      1   1376
      1     21      2      2     11      6     15      6      1   2560
      1     21      2      2     12      7     10      7      1   5046
      1     21      2      2     13      5      8      5      1   1565
      1     21      2      2     14      5     12      5      1   1595
      1     21      2      2     15      1     14      6      0   7780
      1     21      2      2     16      4      5      4      1   8161
      1     21      3      1      1      7     15      7      1   2843
      1     21      3      1      2      5      4      5      1   1810
      1     21      3      1      3      2     10      2      1   2732
      1     21      3      1      4      5      7      5      1   1644
      1     21      3      1      5      6     13      6      1   3667
      1     21      3      1      6      1      2      2      0   5493
      1     21      3      1      7      1      7      3      0   2347
      1     21      3      1      8      3      9      3      1   3632
      1     21      3      1      9      7      2      7      1   1632
      1     21      3      1     10      4      1      1      0   2175
      1     21      3      1     11      4     10      1      0   4437
      1     21      3      1     12      6      6      3      0   3438
      1     21      3      1     13      3     11      2      0   3709
      1     21      3      1     14      2      5      2      1   2744
      1     21      3      1     15      8     14      8      1   1290
      1     21      3      1     16      8     13      8      1   1441
      1     21      3      2      1      7     13      7      1   1459
      1     21      3      2      2      8      6      8      1   1260
      1     21      3      2      3      8     16      8      1   1976
      1     21      3      2      4      3     15      1      0   5976
      1     21      3      2      5      4     13      4      1   3377
      1     21      3      2      6      2     14      4      0   4747
      1     21      3      2      7      6      9      7      0   1494
      1     21      3      2      8      1      3      1      1   2414
      1     21      3      2      9      3      2      3      1   2193
      1     21      3      2     10      1      5      1      1   4810
      1     21      3      2     11      4      3      2      0   2077
      1     21      3      2     12      5     16      5      1   1792
      1     21      3      2     13      6      5      6      1   4177
      1     21      3      2     14      2      3      1      0   4697
      1     21      3      2     15      7     14      7      1   2860
      1     21      3      2     16      5     11      5      1   1260
      1     21      4      1      1      8      3      8      1   1431
      1     21      4      1      2      6      8      6      1   2238
      1     21      4      1      3      5      4      5      1   1293
      1     21      4      1      4      4     14      4      1   1831
      1     21      4      1      5      6     12      6      1   2425
      1     21      4      1      6      3     11      1      0   5654
      1     21      4      1      7      7      2      7      1   1334
      1     21      4      1      8      3     13      3      1   2732
      1     21      4      1      9      2      5      2      1   2099
      1     21      4      1     10      4     11      2      0   2396
      1     21      4      1     11      8      4      8      1   1148
      1     21      4      1     12      7     15      7      1   1296
      1     21      4      1     13      1      7      6      0   4164
      1     21      4      1     14      2     13      4      0   1515
      1     21      4      1     15      1     16      3      0   3024
      1     21      4      1     16      5      9      5      1   1329
      1     21      4      2      1      4      5      4      1   2460
      1     21      4      2      2      3     14      3      1   2677
      1     21      4      2      3      6      5      6      1   3244
      1     21      4      2      4      4      9      4      1   9210
      1     21      4      2      5      2     14      8      0   1762
      1     21      4      2      6      7      5      1      0   8625
      1     21      4      2      7      3      8      3      1   2429
      1     21      4      2      8      6     15      6      1   1596
      1     21      4      2      9      7      8      7      1   1864
      1     21      4      2     10      1     11      1      1   2146
      1     21      4      2     11      8     16      8      1   1476
      1     21      4      2     12      8      8      8      1   1476
      1     21      4      2     13      1      1      1      1   3294
      1     21      4      2     14      5     12      5      1   1160
      1     21      4      2     15      2      1      2      1   1246
      1     21      4      2     16      5     11      5      1   1310
      1     21      5      1      1      6     11      6      1   2453
      1     21      5      1      2      4     16      2      0   5191
      1     21      5      1      3      1      4      1      1   3171
      1     21      5      1      4      2      9      2      1   1443
      1     21      5      1      5      7      6      7      1   1326
      1     21      5      1      6      4      1      1      0   3819
      1     21      5      1      7      3      7      3      1   1768
      1     21      5      1      8      6      3      7      0   1889
      1     21      5      1      9      8     14      8      1   1294
      1     21      5      1     10      8     13      8      1   1240
      1     21      5      1     11      3     16      1      0   4473
      1     21      5      1     12      5      5      5      1   1311
      1     21      5      1     13      7     12      1      0   6869
      1     21      5      1     14      2      8      2      1   1481
      1     21      5      1     15      5     14      5      1   1292
      1     21      5      1     16      1      2      1      1   2448
      1     21      5      2      1      1      9      1      1   3043
      1     21      5      2      2      7      7      7      1   1377
      1     21      5      2      3      1     14      6      0   4048
      1     21      5      2      4      7     14      7      1   2411
      1     21      5      2      5      4     12      2      0   1593
      1     21      5      2      6      3     10      1      0   6809
      1     21      5      2      7      8      2      8      1   1426
      1     21      5      2      8      5     10      5      1   1397
      1     21      5      2      9      8      9      8      1   1293
      1     21      5      2     10      4     13      4      1   1610
      1     21      5      2     11      2      4      2      1   1978
      1     21      5      2     12      2      3      1      0   4763
      1     21      5      2     13      3      2      3      1   1343
      1     21      5      2     14      5      2      5      1   1259
      1     21      5      2     15      6      9      7      0   1677
      1     21      5      2     16      6     10      7      0   1464
      1     21      6      1      1      1     10      1      1   4888
      1     21      6      1      2      6      6      4      0   3975
      1     21      6      1      3      6     13      6      1   3997
      1     21      6      1      4      1      6      1      1   1650
      1     21      6      1      5      4     15      4      1   1810
      1     21      6      1      6      2     10      2      1   1908
      1     21      6      1      7      5      7      5      1   1204
      1     21      6      1      8      8     15      8      1   1371
      1     21      6      1      9      7      4      7      1   5408
      1     21      6      1     10      4     10      1      0   4647
      1     21      6      1     11      3      6      3      1   2631
      1     21      6      1     12      2     16      4      0   2786
      1     21      6      1     13      5      6      5      1   1408
      1     21      6      1     14      3      9      3      1   2357
      1     21      6      1     15      7     16      7      1   1950
      1     21      6      1     16      8     10      8      1   1355
      1     21      6      2      1      7     10      7      1   2410
      1     21      6      2      2      5      8      5      1   1263
      1     21      6      2      3      1      3      1      1   2196
      1     21      6      2      4      3     12      3      1   1878
      1     21      6      2      5      2      6      2      1   1376
      1     21      6      2      6      8      5      8      1   1893
      1     21      6      2      7      5     16      5      1   1359
      1     21      6      2      8      7     13      7      1   1478
      1     21      6      2      9      8      6      8      1   1581
      1     21      6      2     10      2      2      2      1   1626
      1     21      6      2     11      1      5      4      0   6244
      1     21      6      2     12      6     16      6      1   3511
      1     21      6      2     13      3     15      1      0   3811
      1     21      6      2     14      4      3      2      0   1379
      1     21      6      2     15      6      7      6      1   2576
      1     21      6      2     16      4      8      1      0   2377
      1     21      7      1      1      2      9      2      1   1117
      1     21      7      1      2      4     16      2      0   5397
      1     21      7      1      3      4     15      4      1   2879
      1     21      7      1      4      3      6      1      0   3559
      1     21      7      1      5      3     16      1      0   4395
      1     21      7      1      6      7      6      7      1   1128
      1     21      7      1      7      5      6      5      1   1210
      1     21      7      1      8      8      4      8      1   1003
      1     21      7      1      9      8     10      8      1   1042
      1     21      7      1     10      1      4      1      1   3264
      1     21      7      1     11      1      6      1      1   1708
      1     21      7      1     12      2      5      2      1   1030
      1     21      7      1     13      6      3      7      0   2668
      1     21      7      1     14      6     13      6      1   1566
      1     21      7      1     15      5      5      5      1   1383
      1     21      7      1     16      7     12      7      1   3254
      1     21      7      2      1      1     11      1      1   1877
      1     21      7      2      2      2      2      2      1   1396
      1     21      7      2      3      4      5      4      1   5543
      1     21      7      2      4      7     13      7      1   1248
      1     21      7      2      5      5     16      5      1   1342
      1     21      7      2      6      6      5      6      1   3659
      1     21      7      2      7      2      6      2      1   1243
      1     21      7      2      8      4     13      4      1   1894
      1     21      7      2      9      7      5      7      1   5027
      1     21      7      2     10      5      2      5      1   1309
      1     21      7      2     11      1      3      1      1   1293
      1     21      7      2     12      3     14      3      1   1864
      1     21      7      2     13      6     10      7      0   2113
      1     21      7      2     14      8      2      8      1   1510
      1     21      7      2     15      8     16      8      1   1411
      1     21      7      2     16      3     15      1      0   4327
      1     21      8      1      1      2     16      2      1   3972
      1     21      8      1      2      8     15      8      1   1262
      1     21      8      1      3      5      9      5      1   1250
      1     21      8      1      4      8     14      8      1   1127
      1     21      8      1      5      4      1      4      1   3212
      1     21      8      1      6      1      7      6      0   3271
      1     21      8      1      7      3     13      3      1   3652
      1     21      8      1      8      5      7      5      1   1190
      1     21      8      1      9      7      2      7      1   1227
      1     21      8      1     10      2     10      2      1   2258
      1     21      8      1     11      4     10      4      1   4851
      1     21      8      1     12      7     15      7      1   1210
      1     21      8      1     13      3      7      3      1   2493
      1     21      8      1     14      6     12      6      1   1329
      1     21      8      1     15      6      6      6      1   3974
      1     21      8      1     16      1      2      1      1   3450
      1     21      8      2      1      4     12      2      0   1376
      1     21      8      2      2      7      8      7      1   1326
      1     21      8      2      3      2      4      2      1   2147
      1     21      8      2      4      4      9      1      0  13808
      1     21      8      2      5      5     10      5      1   2479
      1     21      8      2      6      1     14      1      1   2260
      1     21      8      2      7      8      9      8      1   1226
      1     21      8      2      8      1      1      1      1   2243
      1     21      8      2      9      6     16      6      1   1977
      1     21      8      2     10      5      8      5      1   1295
      1     21      8      2     11      2     14      8      0   1626
      1     21      8      2     12      6      7      6      1   2676
      1     21      8      2     13      3     12      3      1   1644
      1     21      8      2     14      7     14      7      1   1644
      1     21      8      2     15      3     10      1      0   5093
      1     21      8      2     16      8      6      8      1   1294
      1     21      9      1      1      3     11      1      0   1889
      1     21      9      1      2      1     16      1      1   1416
      1     21      9      1      3      3      9      3      1   1507
      1     21      9      1      4      7     16      7      1   1370
      1     21      9      1      5      4     14      4      1   1310
      1     21      9      1      6      2     13      4      0   1145
      1     21      9      1      7      4     11      2      0   1098
      1     21      9      1      8      8     13      8      1   1226
      1     21      9      1      9      2      8      2      1   1332
      1     21      9      1     10      5      4      5      1   1054
      1     21      9      1     11      8      3      8      1   1064
      1     21      9      1     12      7      4      7      1   1192
      1     21      9      1     13      6     11      6      1   1324
      1     21      9      1     14      6      8      6      1    991
      1     21      9      1     15      5     14      5      1   1239
      1     21      9      1     16      1     10      1      1   2946
      1     21      9      2      1      4      8      1      0   2094
      1     21      9      2      2      3      2      3      1   1826
      1     21      9      2      3      2      3      1      0   1477
      1     21      9      2      4      5     11      5      1   1327
      1     21      9      2      5      3      8      3      1   1309
      1     21      9      2      6      7      7      7      1   1046
      1     21      9      2      7      6      9      6      1   1262
      1     21      9      2      8      2      1      2      1   1276
      1     21      9      2      9      7     10      7      1   2743
      1     21      9      2     10      1      9      1      1   2429
      1     21      9      2     11      1      5      1      1   3745
      1     21      9      2     12      4      3      2      0   1476
      1     21      9      2     13      5     12      5      1   1211
      1     21      9      2     14      8      8      8      1   1797
      1     21      9      2     15      6     15      6      1   1396
      1     21      9      2     16      8      5      8      1   1126
