      2    175      1      1      1      5     16      1      0  22393   2419
      2    175      1      1      2      8      2      2      0   3362   8438
      2    175      1      1      3      7     16      2      0   1496  20108
      2    175      1      1      4      3     15      2      0   1487  10287
      2    175      1      1      5      7      4      4      0   1489   6092
      2    175      1      1      6      7      4      7      1   1672   2130
      2    175      1      1      7      6     16      5      0   4327   6518
      2    175      1      1      8      6     10      6      1   1322   3258
      2    175      1      1      9      2     16      1      0   5568   5152
      2    175      1      1     10      4     14      1      0   4561   4329
      2    175      1      1     11      2     13      4      0   2065   2650
      2    175      1      1     12      6     11      6      1  12422   4050
      2    175      1      1     13      5      6      5      1   2819   1254
      2    175      1      1     14      2      1      7      0   3408   1000
      2    175      1      1     15      4     12      2      0   8679   1293
      2    175      1      1     16      6     10      6      1  14492   1612
      2    175      1      2      1      5      8      5      1   3397
      2    175      1      2      2      2      5      2      1   4410
      2    175      1      2      3      2      9      3      0   7309
      2    175      1      2      4      7      8      8      0   1543
      2    175      1      2      5      4      3      6      0   5676
      2    175      1      2      6      6      9      6      1  11713
      2    175      1      2      7      5     14      5      1   1476
      2    175      1      2      8      7     13      6      0   3759
      2    175      1      2      9      4      1      2      0   4062
      2    175      1      2     10      8     15      8      1   4077
      2    175      1      2     11      3     10      4      0   1448
      2    175      1      2     12      3      2      4      0   2230
      2    175      1      2     13      1      3      1      1   4676
      2    175      1      2     14      1     10      8      0   5062
      2    175      1      2     15      6     12      6      1   2360
      2    175      1      2     16      8      4      4      0   8180
      2    175      2      1      1      8      9      4      0   3235   3459
      2    175      2      1      2      8      2      8      1   1506   2909
      2    175      2      1      3      6     13      6      1   2325   1697
      2    175      2      1      4      7      4      6      0    987   2629
      2    175      2      1      5      7     15      7      1   1170   3857
      2    175      2      1      6      1      1      4      0   1442   3653
      2    175      2      1      7      4     10      1      0   1292   4182
      2    175      2      1      8      2      3      1      0   1858   3088
      2    175      2      1      9      8     10      4      0   1021   4006
      2    175      2      1     10      4      8      3      0   8161   3898
      2    175      2      1     11      3     16      4      0   2471   2429
      2    175      2      1     12      3     16      3      1   3033   2534
      2    175      2      1     13      4     13      1      0   3920   2828
      2    175      2      1     14      4     13      4      1   1072   1451
      2    175      2      1     15      2     16      2      1   2080   1475
      2    175      2      1     16      7     14      1      0   3118   1770
      2    175      2      2      1      7      2      7      1   3176
      2    175      2      2      2      8      5      8      1   3330
      2    175      2      2      3      4     15      7      0   3277
      2    175      2      2      4      1      6      7      0   4880
      2    175      2      2      5      4     16      2      0   3461
      2    175      2      2      6      6      3      6      1   1494
      2    175      2      2      7      1      9      3      0   8545
      2    175      2      2      8      3      6      7      0   4009
      2    175      2      2      9      2     10      5      0   2998
      2    175      2      2     10      7      7      6      0   9863
      2    175      2      2     11      5      2      5      1   1309
      2    175      2      2     12      2      8      3      0   5557
      2    175      2      2     13      3      9      4      0   3360
      2    175      2      2     14      5      5      5      1   1460
      2    175      2      2     15      6      5      6      1   1647
      2    175      2      2     16      8     13      8      1   1981
      2    175      3      1      1      1      1      4      0   4651   6624
      2    175      3      1      2      4      8      1      0   3783   4042
      2    175      3      1      3      2     13      1      0   1256   2726
      2    175      3      1      4      4     10      1      0   4558   3172
      2    175      3      1      5      3     15      1      0   1209   3868
      2    175      3      1      6      7      4      6      0   3741   1830
      2    175      3      1      7      5      7      5      1    981   2867
      2    175      3      1      8      6     15      6      1   4955   1999
      2    175      3      1      9      8      8      8      1   1135   5366
      2    175      3      1     10      4     12      2      0   2726   5126
      2    175      3      1     11      2      1      2      1   1101   1041
      2    175      3      1     12      1      7      3      0   4144   1064
      2    175      3      1     13      3     11      1      0   1350   1406
      2    175      3      1     14      4     12      1      0   1087   4652
      2    175      3      1     15      2      1      2      1   2055    970
      2    175      3      1     16      1      7      4      0   3485   1007
      2    175      3      2      1      8      6      8      1   3376
      2    175      3      2      2      5     10      5      1   1193
      2    175      3      2      3      6      8      6      1   2294
      2    175      3      2      4      7      5      4      0   9591
      2    175      3      2      5      8     16      8      1   1809
      2    175      3      2      6      1      4      1      1   5459
      2    175      3      2      7      2     14      8      0   2110
      2    175      3      2      8      6      7      6      1   3195
      2    175      3      2      9      4      9      2      0   4309
      2    175      3      2     10      5     12      5      1   1361
      2    175      3      2     11      7     10      7      1   2831
      2    175      3      2     12      3     12      1      0   2627
      2    175      3      2     13      3     13      7      0   1714
      2    175      3      2     14      1     11      3      0  11729
      2    175      3      2     15      2      6      2      1   1344
      2    175      3      2     16      4     11      3      0   4426
      2    175      4      1      1      7     16      7      1   2326   4214
      2    175      4      1      2      2     13      2      1   2400   3197
      2    175      4      1      3      4     14      2      0   1118   4058
      2    175      4      1      4      2     16      4      0   1049   1159
      2    175      4      1      5      7      4      7      1   2598   7044
      2    175      4      1      6      1      5      3      0   3988   1071
      2    175      4      1      7      1      1      1      1   1192   1050
      2    175      4      1      8      7     15      7      1    979   3102
      2    175      4      1      9      4      8      4      1   4936   4271
      2    175      4      1     10      7     14      4      0   3430   1592
      2    175      4      1     11      4     10      3      0   3856   5412
      2    175      4      1     12      2     16      2      1   1931   1591
      2    175      4      1     13      1      1      1      1   1949   1275
      2    175      4      1     14      6      6      6      1   1930   1775
      2    175      4      1     15      4     12      3      0   3894   4496
      2    175      4      1     16      6     15      7      0   1587   2365
      2    175      4      2      1      3      6      7      0   5426
      2    175      4      2      2      8      4      8      1   1214
      2    175      4      2      3      7      8      7      1   1509
      2    175      4      2      4      6      9      6      1   1262
      2    175      4      2      5      2      9      4      0  13244
      2    175      4      2      6      3      2      7      0   2398
      2    175      4      2      7      8      6      8      1   1281
      2    175      4      2      8      5     10      5      1   1360
      2    175      4      2      9      6      3      6      1   1794
      2    175      4      2     10      2     14      8      0   3277
      2    175      4      2     11      1      3      1      1   4710
      2    175      4      2     12      7      5      7      1   1161
      2    175      4      2     13      4     11      4      1   4742
      2    175      4      2     14      1     10      7      0   2344
      2    175      4      2     15      4     15      7      0   4943
      2    175      4      2     16      5      2      5      1    976
      2    175      5      1      1      2     13      2      1   1654   8281
      2    175      5      1      2      2      4      2      1   1315   1409
      2    175      5      1      3      2      2      2      1    981   2752
      2    175      5      1      4      4      5      7      0   1731   1840
      2    175      5      1      5      1      1      1      1   1158   2078
      2    175      5      1      6      2      4      2      1   1225   1713
      2    175      5      1      7      3     16      4      0   1255   2065
      2    175      5      1      8      3     14      4      0   1433    761
      2    175      5      1      9      1      2      4      0   1176   2126
      2    175      5      1     10      3     15      4      0   1172   1915
      2    175      5      1     11      4      5      3      0   1945   1229
      2    175      5      1     12      3     15      3      1   1036   1172
      2    175      5      1     13      7     14      3      0   4878   1180
      2    175      5      1     14      2     13      2      1   1392   1448
      2    175      5      1     15      1      7      1      1   1025   1763
      2    175      5      1     16      1      2      3      0   3181   1408
      2    175      5      2      1      1     11      4      0   5742
      2    175      5      2      2      3      9      1      0   1595
      2    175      5      2      3      6      5      6      1   1762
      2    175      5      2      4      2     10      2      1   1727
      2    175      5      2      5      3     12      4      0   6014
      2    175      5      2      6      8     15      8      1   1276
      2    175      5      2      7      5     14      5      1    964
      2    175      5      2      8      7     10      7      1   2477
      2    175      5      2      9      2      6      2      1   1143
      2    175      5      2     10      4     16      4      1   3659
      2    175      5      2     11      8     16      8      1   1193
      2    175      5      2     12      4      3      1      0   2309
      2    175      5      2     13      7      7      7      1   1244
      2    175      5      2     14      5      5      5      1   1244
      2    175      5      2     15      6     12      7      0   2381
      2    175      5      2     16      1      6      1      1   3193
      2    175      6      1      1      2      4      2      1   1465   1259
      2    175      6      1      2      3     11      1      0   2090   1052
      2    175      6      1      3      3     11      3      1    959    652
      2    175      6      1      4      1      7      1      1   1020   1056
      2    175      6      1      5      3     16      3      1    874   1234
      2    175      6      1      6      3     15      4      0   1146    930
      2    175      6      1      7      3     11      3      1   1741    835
      2    175      6      1      8      4      5      4      1   2511    898
      2    175      6      1      9      4     14      4      1   1985   1006
      2    175      6      1     10      8      3      8      1    900   1290
      2    175      6      1     11      7     16      7      1   1781    912
      2    175      6      1     12      6      6      6      1    829   1825
      2    175      6      1     13      7     14      7      1   2676    900
      2    175      6      1     14      4     10      4      1   1324   1250
      2    175      6      1     15      1      2      1      1   1664    664
      2    175      6      1     16      8     10      8      1   1114   1608
      2    175      6      2      1      7     13      6      0   1992
      2    175      6      2      2      6      8      6      1   1859
      2    175      6      2      3      2      5      2      1   2225
      2    175      6      2      4      1      4      4      0   5243
      2    175      6      2      5      3     10      1      0   2027
      2    175      6      2      6      2      8      2      1   3461
      2    175      6      2      7      7      2      6      0   1647
      2    175      6      2      8      6      7      6      1   1279
      2    175      6      2      9      1      9      1      1  10742
      2    175      6      2     10      5      8      5      1   1093
      2    175      6      2     11      5     12      5      1    880
      2    175      6      2     12      4      1      3      0   4879
      2    175      6      2     13      3     13      3      1   3510
      2    175      6      2     14      8      5      8      1   1360
      2    175      6      2     15      4      9      2      0   2381
      2    175      6      2     16      8     13      8      1   1081
      2    175      7      1      1      3     15      3      1   1915   1225
      2    175      7      1      2      8      3      8      1    965    729
      2    175      7      1      3      5      9      5      1    838    690
      2    175      7      1      4      6     13      6      1   1781    729
      2    175      7      1      5      2     13      2      1   1228   1362
      2    175      7      1      6      3      8      4      0   2061   1544
      2    175      7      1      7      3     16      4      0   1353   1436
      2    175      7      1      8      8     14      7      0    922    706
      2    175      7      1      9      3      7      3      1   1874    786
      2    175      7      1     10      3     14      3      1    813    549
      2    175      7      1     11      7     12      7      1   1912    731
      2    175      7      1     12      2     13      2      1    776    950
      2    175      7      1     13      2      3      4      0   5027    766
      2    175      7      1     14      4     10      2      0   1146    748
      2    175      7      1     15      1      5      3      0   2174   1117
      2    175      7      1     16      3     15      4      0   2642    818
      2    175      7      2      1      5      5      5      1   1126
      2    175      7      2      2      5      8      5      1   1227
      2    175      7      2      3      4      9      2      0   1926
      2    175      7      2      4      6     12      7      0   2893
      2    175      7      2      5      4     11      2      0   2864
      2    175      7      2      6      8      5      8      1   1060
      2    175      7      2      7      2      5      2      1   1078
      2    175      7      2      8      1      9      3      0   5209
      2    175      7      2      9      1     10      1      1   1744
      2    175      7      2     10      7      5      7      1   1376
      2    175      7      2     11      8     15      8      1    959
      2    175      7      2     12      2     14      8      0   1027
      2    175      7      2     13      3      2      3      1   2726
      2    175      7      2     14      3     13      3      1   1093
      2    175      7      2     15      7      2      6      0   1412
      2    175      7      2     16      6      8      6      1   1079
      2    175      8      1      1      8      9      8      1    839   1085
      2    175      8      1      2      8      8      8      1   1360   1893
      2    175      8      1      3      3     11      4      0   1092   2608
      2    175      8      1      4      1      7      4      0   1220   1089
      2    175      8      1      5      7      4      4      0    960   1313
      2    175      8      1      6      2      1      2      1    829   3251
      2    175      8      1      7      1      2      4      0   1246   1676
      2    175      8      1      8      2      3      4      0   1048   4261
      2    175      8      1      9      2      2      4      0   1030   1045
      2    175      8      1     10      8     14      8      1   1108    951
      2    175      8      1     11      4     12      4      1   1231   2122
      2    175      8      1     12      4      5      4      1   1257    969
      2    175      8      1     13      2      4      2      1    784    909
      2    175      8      1     14      8     14      8      1    923    638
      2    175      8      1     15      7     15      7      1   2001    908
      2    175      8      1     16      6     13      7      0   2348    629
      2    175      8      2      1      3      9      3      1   3176
      2    175      8      2      2      8      4      8      1   1211
      2    175      8      2      3      1     11      1      1   9079
      2    175      8      2      4      7      7      7      1   3544
      2    175      8      2      5      6      3      6      1   1127
      2    175      8      2      6      4     16      4      1   2847
      2    175      8      2      7      2      6      2      1    748
      2    175      8      2      8      5     14      5      1   1027
      2    175      8      2      9      6      7      6      1   1464
      2    175      8      2     10      2      9      2      1   1960
      2    175      8      2     11      4     15      3      0   4646
      2    175      8      2     12      8     13      8      1   1176
      2    175      8      2     13      1      3      1      1   6943
      2    175      8      2     14      7     10      7      1   1894
      2    175      8      2     15      5     10      5      1   1093
      2    175      8      2     16      3     10      1      0   2063
      2    175      9      1      1      3     16      1      0   2477   3915
      2    175      9      1      2      3     16      3      1   1187   1336
      2    175      9      1      3      3     14      1      0   2037   1088
      2    175      9      1      4      3      7      3      1   4091   2344
      2    175      9      1      5      1      1      1      1    934   3228
      2    175      9      1      6      4      5      4      1   3011   1130
      2    175      9      1      7      2     16      2      1    757   1914
      2    175      9      1      8      2     13      2      1   2736   2795
      2    175      9      1      9      1     14      3      0   3461    699
      2    175      9      1     10      1     16      3      0   1021    922
      2    175      9      1     11      1     16      1      1   1288   1153
      2    175      9      1     12      3     11      3      1   1127    932
      2    175      9      1     13      1      7      1      1   1877   1479
      2    175      9      1     14      2      1      2      1   2356   1318
      2    175      9      1     15      1     16      3      0   2107   2776
      2    175      9      1     16      1      7      3      0   3186    873
      2    175      9      2      1      7     13      6      0   2259
      2    175      9      2      2      3     12      1      0   3562
      2    175      9      2      3      7      8      7      1   2076
      2    175      9      2      4      2      8      2      1   1426
      2    175      9      2      5      8     16      8      1   1348
      2    175      9      2      6      1      6      3      0   2697
      2    175      9      2      7      6      5      7      0   5994
      2    175      9      2      8      5      2      5      1   1043
      2    175      9      2      9      2     10      2      1   1510
      2    175      9      2     10      6      9      6      1   1794
      2    175      9      2     11      1      4      3      0   2943
      2    175      9      2     12      3      6      1      0   2077
      2    175      9      2     13      4      1      2      0   2194
      2    175      9      2     14      8      6      8      1   1044
      2    175      9      2     15      4      3      3      0   4625
      2    175      9      2     16      5     12      5      1   1127
