      1      9      1      1      1      5      5      2      0   5943
      1      9      1      1      2      6      3      4      0   3149
      1      9      1      1      3      8     13      8      1   2220
      1      9      1      1      4      7     10      2      0   2427
      1      9      1      1      5      5      7      1      0   2268
      1      9      1      1      6      2     13      3      0   2551
      1      9      1      1      7      8     10      8      1   1272
      1      9      1      1      8      1     11      4      0   4478
      1      9      1      1      9      1      1      1      1   1625
      1      9      1      1     10      3     11      2      0   1865
      1      9      1      1     11      3      6      3      1   1843
      1      9      1      1     12      4      1      3      0   3074
      1      9      1      1     13      6     11      7      0   4080
      1      9      1      1     14      2      5      2      1   1609
      1      9      1      1     15      7     15      6      0   3382
      1      9      1      1     16      4     10      3      0   2848
      1      9      1      2      1      7      4      7      1   6261
      1      9      1      2      2      2      2      2      1   2441
      1      9      1      2      3      5      4      1      0   1558
      1      9      1      2      4      6     12      3      0   6642
      1      9      1      2      5      8      6      8      1   1323
      1      9      1      2      6      4      8      4      1   3056
      1      9      1      2      7      5     14      1      0   1126
      1      9      1      2      8      7     14      5      0   3713
      1      9      1      2      9      3      2      3      1   2330
      1      9      1      2     10      4     11      3      0   3659
      1      9      1      2     11      3      9      3      1   1810
      1      9      1      2     12      2      9      1      0   2227
      1      9      1      2     13      6      5      6      1   2496
      1      9      1      2     14      8      4      8      1   1426
      1      9      1      2     15      1      6      3      0  16709
      1      9      1      2     16      1     10      3      0   3843
      1      9      2      1      1      6      6      7      0   2696
      1      9      2      1      2      2     16      4      0   9793
      1      9      2      1      3      1     14      3      0   2314
      1      9      2      1      4      2     14      1      0   1753
      1      9      2      1      5      3     13      1      0   1713
      1      9      2      1      6      5      6      1      0   1771
      1      9      2      1      7      8      8      8      1   1233
      1      9      2      1      8      5     10      1      0   1535
      1      9      2      1      9      4     13      3      0   1639
      1      9      2      1     10      3      8      3      1   2003
      1      9      2      1     11      7      2      3      0   1039
      1      9      2      1     12      4      9      4      1  12890
      1      9      2      1     13      8     14      8      1   1166
      1      9      2      1     14      6     16      7      0   2067
      1      9      2      1     15      7     13      3      0   6643
      1      9      2      1     16      1      7      3      0   1010
      1      9      2      2      1      6      7      5      0   3096
      1      9      2      2      2      4     12      3      0   1992
      1      9      2      2      3      1      9      3      0    976
      1      9      2      2      4      3     15      3      1   1575
      1      9      2      2      5      8      3      8      1   1242
      1      9      2      2      6      4     16      2      0   2209
      1      9      2      2      7      2      6      1      0   3043
      1      9      2      2      8      2      4      1      0   1509
      1      9      2      2      9      1     16      7      0   2142
      1      9      2      2     10      7      6      7      1   1896
      1      9      2      2     11      6     15      6      1   2342
      1      9      2      2     12      7      8      7      1   1596
      1      9      2      2     13      5     12      5      1   1310
      1      9      2      2     14      3     12      7      0   2860
      1      9      2      2     15      5     16      5      1   2579
      1      9      2      2     16      8      9      8      1   1429
      1      9      3      1      1      1      5      3      0   7290
      1      9      3      1      2      6      8      6      1   2551
      1      9      3      1      3      8      5      8      1   1404
      1      9      3      1      4      2     10      2      1   1357
      1      9      3      1      5      7      5      3      0   6009
      1      9      3      1      6      7     12      7      1   1074
      1      9      3      1      7      5      8      5      1   2066
      1      9      3      1      8      8     16      8      1   1053
      1      9      3      1      9      2      1      1      0   2044
      1      9      3      1     10      3     16      6      0   1360
      1      9      3      1     11      5      9      5      1   1665
      1      9      3      1     12      4     14      3      0   1302
      1      9      3      1     13      6     13      6      1   1629
      1      9      3      1     14      3     10      4      0   1785
      1      9      3      1     15      4     15      4      1   1847
      1      9      3      1     16      1      3      4      0   1226
      1      9      3      2      1      3     14      6      0  12230
      1      9      3      2      2      8     15      8      1   1945
      1      9      3      2      3      5      2      5      1   1842
      1      9      3      2      4      2      8      2      1   2091
      1      9      3      2      5      1      4      3      0   3075
      1      9      3      2      6      7      7      7      1   1229
      1      9      3      2      7      7     16      6      0   6196
      1      9      3      2      8      5     11      5      1   1908
      1      9      3      2      9      6     10      6      1   2092
      1      9      3      2     10      4      5      7      0   2479
      1      9      3      2     11      1      2      3      0   6079
      1      9      3      2     12      6      9      6      1  12826
      1      9      3      2     13      4      3      4      1   2412
      1      9      3      2     14      3      7      3      1   2077
      1      9      3      2     15      8      2      8      1   1459
      1      9      3      2     16      2      3      4      0   2508
      1      9      4      1      1      6      8      6      1   1382
      1      9      4      1      2      1      3      2      0   2444
      1      9      4      1      3      6     11      6      1   1076
      1      9      4      1      4      2     16      2      1   1171
      1      9      4      1      5      7      2      7      1   1616
      1      9      4      1      6      1      1      3      0   1782
      1      9      4      1      7      8     16      8      1    999
      1      9      4      1      8      5      9      5      1   6539
      1      9      4      1      9      3      6      3      1   1708
      1      9      4      1     10      4      9      1      0   2657
      1      9      4      1     11      5      6      5      1   1010
      1      9      4      1     12      2      1      2      1   1464
      1      9      4      1     13      8      8      8      1   1239
      1      9      4      1     14      3     11      7      0   3531
      1      9      4      1     15      4     10      4      1   1700
      1      9      4      1     16      7     13      7      1   1006
      1      9      4      2      1      1     10      4      0   2763
      1      9      4      2      2      5     12      5      1   1042
      1      9      4      2      3      8      6      8      1   1475
      1      9      4      2      4      5      4      5      1   1575
      1      9      4      2      5      2      8      2      1   1241
      1      9      4      2      6      1     16      3      0   1008
      1      9      4      2      7      6     15      6      1   1710
      1      9      4      2      8      6      7      6      1   1562
      1      9      4      2      9      3     12      7      0   2259
      1      9      4      2     10      7      4      3      0   2395
      1      9      4      2     11      3     15      3      1   3943
      1      9      4      2     12      8     15      8      1   1092
      1      9      4      2     13      4     11      4      1   4109
      1      9      4      2     14      7      7      7      1   1212
      1      9      4      2     15      2      3      4      0   2493
      1      9      4      2     16      4     12      3      0    942
      1      9      5      1      1      7     10      7      1   1200
      1      9      5      1      2      1      7      3      0    971
      1      9      5      1      3      6     13      6      1   1134
      1      9      5      1      4      1     14      3      0  33987
      1      9      5      1      5      3     10      3      1   3395
      1      9      5      1      6      4     14      1      0   3616
      1      9      5      1      7      7     15      7      1   1511
      1      9      5      1      8      4      1      4      1   2482
      1      9      5      1      9      5      8      5      1   1502
      1      9      5      1     10      8      5      8      1   1000
      1      9      5      1     11      2     14      3      0   1891
      1      9      5      1     12      2      5      2      1   2355
      1      9      5      1     13      5     10      5      1   1177
      1      9      5      1     14      6     16      6      1   1350
      1      9      5      1     15      8     13      8      1   1137
      1      9      5      1     16      3      8      7      0   1903
      1      9      5      2      1      2      4      2      1   1761
      1      9      5      2      2      6      5      1      0   2742
      1      9      5      2      3      8      4      8      1   1142
      1      9      5      2      4      1      4      3      0   1309
      1      9      5      2      5      3     14      3      1   3793
      1      9      5      2      6      1      2      3      0   2344
      1      9      5      2      7      3      9      3      1   1043
      1      9      5      2      8      4      8      4      1   1042
      1      9      5      2      9      7     14      1      0   5458
      1      9      5      2     10      2      2      2      1   1525
      1      9      5      2     11      5      2      5      1   1626
      1      9      5      2     12      5     11      5      1   1692
      1      9      5      2     13      6     10      6      1   1446
      1      9      5      2     14      4      5      3      0   4875
      1      9      5      2     15      7      8      7      1   1075
      1      9      5      2     16      8      2      8      1   1609
      1      9      6      1      1      2     13      2      1   1344
      1      9      6      1      2      3     16      3      1    990
      1      9      6      1      3      6      3      6      1   1396
      1      9      6      1      4      3     13      3      1   1722
      1      9      6      1      5      1     11      4      0   2812
      1      9      6      1      6      8     14      8      1    986
      1      9      6      1      7      8     10      8      1   2515
      1      9      6      1      8      5      5      5      1    974
      1      9      6      1      9      1      5      1      1   3683
      1      9      6      1     10      4     13      2      0   1646
      1      9      6      1     11      7     12      3      0    681
      1      9      6      1     12      6      6      6      1   1225
      1      9      6      1     13      4     15      3      0   5053
      1      9      6      1     14      5      7      5      1   1036
      1      9      6      1     15      2     10      2      1   2628
      1      9      6      1     16      7      5      7      1   2663
      1      9      6      2      1      8      3      8      1   1412
      1      9      6      2      2      5     14      5      1   2159
      1      9      6      2      3      7      6      7      1   4409
      1      9      6      2      4      6     12      3      0   4029
      1      9      6      2      5      2      6      2      1   1992
      1      9      6      2      6      3      2      3      1   1176
      1      9      6      2      7      4      3      4      1   2708
      1      9      6      2      8      5     16      5      1   1409
      1      9      6      2      9      6      9      6      1   1176
      1      9      6      2     10      3      7      3      1    943
      1      9      6      2     11      1      6      3      0   2797
      1      9      6      2     12      4     16      2      0   3659
      1      9      6      2     13      2      9      2      1   1092
      1      9      6      2     14      7     16      3      0   4126
      1      9      6      2     15      8      9      8      1   1128
      1      9      6      2     16      1      9      1      1   3010
      1      9      7      1      1      2     16      2      1   2364
      1      9      7      1      2      4      1      3      0   2409
      1      9      7      1      3      1     14      1      1   1496
      1      9      7      1      4      3     11      3      1   1293
      1      9      7      1      5      7     13      7      1   1299
      1      9      7      1      6      6     13      6      1   2269
      1      9      7      1      7      1      3      1      1   2275
      1      9      7      1      8      5      9      5      1   1215
      1      9      7      1      9      5      6      5      1   1024
      1      9      7      1     10      8      5      8      1   1023
      1      9      7      1     11      3     10      3      1   1424
      1      9      7      1     12      2     13      2      1   2000
      1      9      7      1     13      6      6      6      1   2104
      1      9      7      1     14      4      9      4      1   3137
      1      9      7      1     15      7     15      7      1   1282
      1      9      7      1     16      8     13      8      1   1615
      1      9      7      2      1      5     11      5      1   3480
      1      9      7      2      2      4     16      2      0   3395
      1      9      7      2      3      1     16      1      1   1192
      1      9      7      2      4      5     16      5      1   1695
      1      9      7      2      5      8      2      8      1   1492
      1      9      7      2      6      7      7      7      1   1526
      1      9      7      2      7      2      8      2      1   2508
      1      9      7      2      8      3      2      3      1   1079
      1      9      7      2      9      3     15      3      1    942
      1      9      7      2     10      1     10      1      1   1263
      1      9      7      2     11      6     12      3      0   2259
      1      9      7      2     12      4      3      4      1   2058
      1      9      7      2     13      6     10      6      1   1076
      1      9      7      2     14      8     15      8      1   1143
      1      9      7      2     15      2      2      2      1    960
      1      9      7      2     16      7      4      3      0   1608
      1      9      8      1      1      6     11      6      1   1777
      1      9      8      1      2      2     14      4      0   3021
      1      9      8      1      3      3     13      3      1    869
      1      9      8      1      4      3      6      3      1   1171
      1      9      8      1      5      4     10      2      0   1865
      1      9      8      1      6      7     12      7      1   1431
      1      9      8      1      7      6     16      6      1   1860
      1      9      8      1      8      2     10      2      1   2916
      1      9      8      1      9      1      7      1      1   1257
      1      9      8      1     10      8      8      8      1   1113
      1      9      8      1     11      5      8      5      1   1021
      1      9      8      1     12      4     15      3      0   2999
      1      9      8      1     13      5     10      5      1   1369
      1      9      8      1     14      1      5      1      1   1431
      1      9      8      1     15      8     10      8      1   1796
      1      9      8      1     16      7     10      7      1   1708
      1      9      8      2      1      8      9      8      1   1230
      1      9      8      2      2      8      4      8      1   2259
      1      9      8      2      3      6      7      6      1   1595
      1      9      8      2      4      1      2      1      1   2427
      1      9      8      2      5      3     14      3      1   1275
      1      9      8      2      6      2      3      1      0   1862
      1      9      8      2      7      4      5      4      1   2259
      1      9      8      2      8      5     14      5      1   1458
      1      9      8      2      9      3      7      3      1    959
      1      9      8      2     10      7     14      6      0   5396
      1      9      8      2     11      1      6      4      0   2246
      1      9      8      2     12      4     12      4      1   2595
      1      9      8      2     13      5     12      5      1    975
      1      9      8      2     14      7     16      6      0   5793
      1      9      8      2     15      2      4      2      1   1109
      1      9      8      2     16      6     15      6      1   1109
      1      9      9      1      1      2      1      2      1   4817
      1      9      9      1      2      3     16      3      1   1763
      1      9      9      1      3      1      1      3      0   1635
      1      9      9      1      4      4     14      2      0   1216
      1      9      9      1      5      5      7      5      1   1542
      1      9      9      1      6      2      5      2      1   1101
      1      9      9      1      7      7      2      7      1   1177
      1      9      9      1      8      6      3      6      1   1169
      1      9      9      1      9      6      8      6      1   1455
      1      9      9      1     10      5      5      5      1   3182
      1      9      9      1     11      8     14      8      1    940
      1      9      9      1     12      8     16      8      1    909
      1      9      9      1     13      3      8      3      1    852
      1      9      9      1     14      1     11      1      1   4996
      1      9      9      1     15      7      5      7      1   3192
      1      9      9      1     16      4     13      4      1   2893
      1      9      9      2      1      7      6      7      1   1913
      1      9      9      2      2      2      6      2      1   1908
      1      9      9      2      3      3     12      3      1   1958
      1      9      9      2      4      3      9      3      1   1146
      1      9      9      2      5      5      2      5      1    977
      1      9      9      2      6      8      6      8      1   1009
      1      9      9      2      7      2      9      2      1    925
      1      9      9      2      8      6      9      6      1    941
      1      9      9      2      9      1      9      1      1   1909
      1      9      9      2     10      4     11      4      1   1593
      1      9      9      2     11      5      4      5      1   1093
      1      9      9      2     12      6      5      6      1   1793
      1      9      9      2     13      1      4      1      1   1160
      1      9      9      2     14      4      8      4      1   1391
      1      9      9      2     15      8      3      8      1   1042
      1      9      9      2     16      7      8      7      1   1109
