      2    145      1      1      1      8      6      4      0   4274   3377
      2    145      1      1      2      6     10      1      0   3823   2185
      2    145      1      1      3      2      9      2      1   1395   3079
      2    145      1      1      4      2      8      2      1   1387   1225
      2    145      1      1      5      8     14      8      1   1929   3229
      2    145      1      1      6      6      7      6      1   2137   3070
      2    145      1      1      7      7      4      4      0   1219   1242
      2    145      1      1      8      3     11      5      0   1646   1332
      2    145      1      1      9      5     10      4      0   1165   3658
      2    145      1      1     10      7     15      6      0   1451   2758
      2    145      1      1     11      2     16      8      0   1850   2843
      2    145      1      1     12      5      4      5      1   2693   3547
      2    145      1      1     13      4      9      2      0   1430   6222
      2    145      1      1     14      2      3      2      1   1984   2176
      2    145      1      1     15      5     16      5      1   2009   2134
      2    145      1      1     16      6     16      1      0   1950   2060
      2    145      1      2      1      7      2      6      0   4950
      2    145      1      2      2      4     15      7      0   2113
      2    145      1      2      3      3     15      1      0  10180
      2    145      1      2      4      2      1      2      1   1330
      2    145      1      2      5      3     14      6      0   4046
      2    145      1      2      6      1     10      4      0   2448
      2    145      1      2      7      8      2      8      1   2096
      2    145      1      2      8      8     15      8      1   1496
      2    145      1      2      9      1      4      7      0   3946
      2    145      1      2     10      5     12      5      1   1280
      2    145      1      2     11      5      6      5      1   2148
      2    145      1      2     12      7      5      4      0   3596
      2    145      1      2     13      2      4      2      1   1129
      2    145      1      2     14      6      8      5      0   2363
      2    145      1      2     15      6     11      4      0   3312
      2    145      1      2     16      4     10      3      0   3846
      2    145      2      1      1      8      6      8      1   1157   3683
      2    145      2      1      2      6      7      3      0    901   1094
      2    145      2      1      3      6     13      3      0    866    763
      2    145      2      1      4      7      4      7      1    910   1135
      2    145      2      1      5      6      7      7      0   1040   1322
      2    145      2      1      6      4      9      2      0    682   1712
      2    145      2      1      7      2      6      4      0    715   1213
      2    145      2      1      8      1      6      3      0   1504   2156
      2    145      2      1      9      7     15      3      0   1232   2743
      2    145      2      1     10      3      6      1      0    862   1349
      2    145      2      1     11      2      3      1      0    987   1857
      2    145      2      1     12      1     11      3      0    891   1387
      2    145      2      1     13      8      8      1      0   1615   2461
      2    145      2      1     14      4      1      4      1   1258   1271
      2    145      2      1     15      6      9      7      0   1169   1110
      2    145      2      1     16      4      9      1      0   1418   1991
      2    145      2      2      1      8      3      8      1   1280
      2    145      2      2      2      1      7      7      0   1931
      2    145      2      2      3      6     15      6      1   6646
      2    145      2      2      4      5      5      5      1   1913
      2    145      2      2      5      1      2      4      0   2863
      2    145      2      2      6      3      8      7      0   2913
      2    145      2      2      7      7     14      3      0   6213
      2    145      2      2      8      7     13      6      0   2929
      2    145      2      2      9      2      5      2      1   1329
      2    145      2      2     10      6      5      4      0   1913
      2    145      2      2     11      3     12      7      0   1996
      2    145      2      2     12      8     10      8      1   2479
      2    145      2      2     13      5      2      5      1   1646
      2    145      2      2     14      4     11      1      0   2264
      2    145      2      2     15      2     13      2      1   1246
      2    145      2      2     16      4      3      3      0   1813
      2    145      3      1      1      4     12      4      1    869   1309
      2    145      3      1      2      6     13      3      0    805   6130
      2    145      3      1      3      7      4      7      1   1552    793
      2    145      3      1      4      5     10      5      1   1306   3784
      2    145      3      1      5      1     11      1      1   1071   4601
      2    145      3      1      6      1      9      3      0   1334   1294
      2    145      3      1      7      1     14      7      0   1161   2698
      2    145      3      1      8      6      7      3      0   1062   1732
      2    145      3      1      9      3      7      7      0   1164    865
      2    145      3      1     10      3      6      4      0   1123   3068
      2    145      3      1     11      4      9      4      1   1124   1770
      2    145      3      1     12      2      6      4      0    686   3554
      2    145      3      1     13      7      7      6      0   1150   2293
      2    145      3      1     14      6     10      7      0    996   2896
      2    145      3      1     15      6      9      6      1    659   1802
      2    145      3      1     16      7     15      6      0   1115   1196
      2    145      3      2      1      6      3      7      0   2796
      2    145      3      2      2      2     10      2      1   2480
      2    145      3      2      3      8     16      8      1   1180
      2    145      3      2      4      3      9      4      0   3181
      2    145      3      2      5      3     10      3      1   1396
      2    145      3      2      6      5      7      5      1   1997
      2    145      3      2      7      4      5      4      1   3163
      2    145      3      2      8      1     16      1      1   2013
      2    145      3      2      9      2     14      8      0   1413
      2    145      3      2     10      5      9      5      1   1513
      2    145      3      2     11      4     14      4      1   3096
      2    145      3      2     12      7      6      6      0   1696
      2    145      3      2     13      7      8      6      0   1796
      2    145      3      2     14      6      6      3      0   1847
      2    145      3      2     15      1      1      1      1   1496
      2    145      3      2     16      8      4      8      1   1164
      2    145      4      1      1      3     11      7      0    647    949
      2    145      4      1      2      7      4      7      1   1430   1082
      2    145      4      1      3      4      1      3      0   1190   1106
      2    145      4      1      4      3     16      7      0    881    731
      2    145      4      1      5      2      8      2      1   1302   1592
      2    145      4      1      6      1      5      3      0   1146   2064
      2    145      4      1      7      7     15      6      0    915    748
      2    145      4      1      8      3     13      3      1    836   1558
      2    145      4      1      9      6      7      7      0    909   1435
      2    145      4      1     10      6     10      8      0    742   1819
      2    145      4      1     11      3     16      3      1    668   2009
      2    145      4      1     12      2      6      2      1    615   1746
      2    145      4      1     13      1     14      4      0   1540   2536
      2    145      4      1     14      7     16      4      0   1342   1585
      2    145      4      1     15      4      9      7      0    711   1617
      2    145      4      1     16      4      1      1      0    944    736
      2    145      4      2      1      2     13      2      1   2913
      2    145      4      2      2      2      5      2      1   4213
      2    145      4      2      3      7      8      6      0   3679
      2    145      4      2      4      4      3      1      0   1913
      2    145      4      2      5      6     15      4      0   3046
      2    145      4      2      6      3      9      3      1   1513
      2    145      4      2      7      8      4      8      1   1380
      2    145      4      2      8      4     11      2      0   3080
      2    145      4      2      9      1      4      1      1   1180
      2    145      4      2     10      3     10      3      1   2030
      2    145      4      2     11      8     10      8      1   1596
      2    145      4      2     12      5     12      5      1   1146
      2    145      4      2     13      1      7      3      0   2864
      2    145      4      2     14      6      5      4      0   1780
      2    145      4      2     15      5      5      5      1   1496
      2    145      4      2     16      7      5      7      1   2813
      2    145      5      1      1      6      9      4      0   1515   2228
      2    145      5      1      2      6     13      2      0    789    907
      2    145      5      1      3      4     16      1      0   1183   2044
      2    145      5      1      4      4     13      3      0   1090   1056
      2    145      5      1      5      5      8      5      1    925    870
      2    145      5      1      6      6      9      3      0    943   1435
      2    145      5      1      7      7     15      6      0   1121    809
      2    145      5      1      8      3     13      7      0   1116   1329
      2    145      5      1      9      3      7      3      1   1254   1092
      2    145      5      1     10      3     11      7      0    537    626
      2    145      5      1     11      1      6      1      1   1017   4305
      2    145      5      1     12      7     12      3      0   1102   4736
      2    145      5      1     13      3     16      3      1    787   2555
      2    145      5      1     14      6     13      7      0    827   1035
      2    145      5      1     15      1      3      1      1    978   1317
      2    145      5      1     16      7      4      7      1    813   1165
      2    145      5      2      1      6      8      4      0   1513
      2    145      5      2      2      8     16      8      1   1263
      2    145      5      2      3      3      8      3      1   1480
      2    145      5      2      4      1      1      1      1   2263
      2    145      5      2      5      6      3      7      0   4630
      2    145      5      2      6      7      2      6      0   1096
      2    145      5      2      7      5      9      5      1   1497
      2    145      5      2      8      1     10      1      1   1180
      2    145      5      2      9      2      4      2      1   1396
      2    145      5      2     10      7      6      7      1   2729
      2    145      5      2     11      8      2      8      1   1963
      2    145      5      2     12      2     10      2      1   1546
      2    145      5      2     13      4      5      4      1   1730
      2    145      5      2     14      3     12      3      1   1113
      2    145      5      2     15      5      2      5      1   1029
      2    145      5      2     16      4     10      4      1   4497
      2    145      6      1      1      6      9      3      0    816   1030
      2    145      6      1      2      6      9      6      1   1322   1241
      2    145      6      1      3      6     10      6      1    834   2775
      2    145      6      1      4      6      7      6      1    841   4947
      2    145      6      1      5      6     13      6      1    566   1063
      2    145      6      1      6      7     16      4      0    956   4483
      2    145      6      1      7      7     12      7      1   1046   2630
      2    145      6      1      8      6     12      4      0    767   1944
      2    145      6      1      9      4      8      1      0   1032   2544
      2    145      6      1     10      7     15      6      0    997    949
      2    145      6      1     11      4     13      4      1   1854   1540
      2    145      6      1     12      3      2      4      0    719   1641
      2    145      6      1     13      1      6      1      1    973   1888
      2    145      6      1     14      3     13      3      1   1012   1482
      2    145      6      1     15      7     12      6      0   1131    716
      2    145      6      1     16      6     16      4      0    844   1550
      2    145      6      2      1      3     14      3      1   1113
      2    145      6      2      2      2     14      8      0   5063
      2    145      6      2      3      6      6      7      0   3930
      2    145      6      2      4      8      3      8      1   1130
      2    145      6      2      5      2      1      2      1   1246
      2    145      6      2      6      7     14      3      0   2047
      2    145      6      2      7      1      2      1      1   1096
      2    145      6      2      8      7     13      6      0   2563
      2    145      6      2      9      3     15      3      1   1196
      2    145      6      2     10      6     11      7      0   3429
      2    145      6      2     11      8     15      8      1    996
      2    145      6      2     12      5      6      5      1   1313
      2    145      6      2     13      1     16      3      0   1113
      2    145      6      2     14      4     14      4      1   2496
      2    145      6      2     15      5      7      5      1   1163
      2    145      6      2     16      4     15      3      0   1598
      2    145      7      1      1      6     13      7      0    955   2870
      2    145      7      1      2      6     12      3      0    751    961
      2    145      7      1      3      4      8      1      0   1012   1266
      2    145      7      1      4      7      7      4      0    973   1156
      2    145      7      1      5      1      9      1      1   1186    843
      2    145      7      1      6      7     15      6      0    984    662
      2    145      7      1      7      6     13      6      1   1228   1316
      2    145      7      1      8      1     14      1      1   2141   1803
      2    145      7      1      9      4     13      4      1    861   1234
      2    145      7      1     10      5     14      5      1   1394   1235
      2    145      7      1     11      5      8      5      1    799    830
      2    145      7      1     12      3     13      3      1    794   1866
      2    145      7      1     13      2     16      8      0    860   1501
      2    145      7      1     14      7     12      3      0    952    828
      2    145      7      1     15      2      6      2      1    641    738
      2    145      7      1     16      6     13      3      0    812    568
      2    145      7      2      1      7      6      7      1   2329
      2    145      7      2      2      1      1      4      0   1680
      2    145      7      2      3      5      9      5      1   1013
      2    145      7      2      4      5     12      5      1   1113
      2    145      7      2      5      8      2      8      1   1113
      2    145      7      2      6      8     15      8      1   1179
      2    145      7      2      7      3     15      3      1   1247
      2    145      7      2      8      3     14      7      0   2113
      2    145      7      2      9      4     11      2      0    946
      2    145      7      2     10      6     15      6      1   1046
      2    145      7      2     11      6      5      4      0   1896
      2    145      7      2     12      1     10      1      1   1347
      2    145      7      2     13      4     10      4      1   2448
      2    145      7      2     14      2      1      2      1   1129
      2    145      7      2     15      7     14      3      0   1530
      2    145      7      2     16      2     10      2      1   1463
      2    145      8      1      1      6      9      3      0    821    958
      2    145      8      1      2      3      2      3      1    923   1172
      2    145      8      1      3      5     11      5      1    708   1037
      2    145      8      1      4      4     16      1      0   1012   1516
      2    145      8      1      5      2     16      4      0    963   1315
      2    145      8      1      6      4     13      4      1    976   1003
      2    145      8      1      7      6     12      3      0    701    961
      2    145      8      1      8      4      8      1      0   1432    947
      2    145      8      1      9      8      8      8      1    763   1033
      2    145      8      1     10      6     10      7      0   1217   1494
      2    145      8      1     11      4      9      2      0    906   1222
      2    145      8      1     12      2      3      1      0    873   4366
      2    145      8      1     13      1      6      1      1    889   1721
      2    145      8      1     14      1      9      1      1   1077    869
      2    145      8      1     15      7     15      6      0   1195   1300
      2    145      8      1     16      6      9      6      1    700   1445
      2    145      8      2      1      6      6      7      0   4213
      2    145      8      2      2      8     16      8      1   1396
      2    145      8      2      3      6      3      6      1   1413
      2    145      8      2      4      5      2      5      1   1213
      2    145      8      2      5      2     14      8      0   1780
      2    145      8      2      6      8      3      8      1   1213
      2    145      8      2      7      4      5      4      1   1363
      2    145      8      2      8      3      8      3      1   1063
      2    145      8      2      9      1      2      1      1   1413
      2    145      8      2     10      4      3      3      0   5546
      2    145      8      2     11      7      5      7      1   1813
      2    145      8      2     12      5      7      5      1   1147
      2    145      8      2     13      1      4      1      1   3280
      2    145      8      2     14      3      9      3      1   1096
      2    145      8      2     15      7      8      6      0   1130
      2    145      8      2     16      2     13      4      0   1663
      2    145      9      1      1      6      9      6      1    818   1676
      2    145      9      1      2      6     10      6      1    813   2180
      2    145      9      1      3      6      7      7      0   1110    786
      2    145      9      1      4      7     15      6      0    856   1339
      2    145      9      1      5      7     16      6      0    971   1872
      2    145      9      1      6      7     12      7      1   1173   2852
      2    145      9      1      7      6      7      7      0   1418   1559
      2    145      9      1      8      4     13      4      1   1515   1196
      2    145      9      1      9      3     16      3      1    785    860
      2    145      9      1     10      4      8      2      0   1060    736
      2    145      9      1     11      5      4      5      1    709   2117
      2    145      9      1     12      7      4      6      0    691    705
      2    145      9      1     13      6      9      6      1    724   1438
      2    145      9      1     14      7      4      7      1    875   1636
      2    145      9      1     15      6     13      7      0   1284    580
      2    145      9      1     16      6      7      6      1    806    790
      2    145      9      2      1      1      7      3      0   1163
      2    145      9      2      2      1     16      1      1   1746
      2    145      9      2      3      8      4      8      1   1230
      2    145      9      2      4      6     11      6      1   1563
      2    145      9      2      5      5      5      5      1   1296
      2    145      9      2      6      7     13      7      1   1463
      2    145      9      2      7      4     15      4      1   1663
      2    145      9      2      8      3     10      3      1   1146
      2    145      9      2      9      7      2      6      0   1181
      2    145      9      2     10      5      6      5      1   1146
      2    145      9      2     11      3     12      3      1   1097
      2    145      9      2     12      2      5      2      1    929
      2    145      9      2     13      8     10      8      1   1363
      2    145      9      2     14      6      8      5      0   1179
      2    145      9      2     15      2      4      2      1   1012
      2    145      9      2     16      4     14      4      1   1163
