      1    178      1      1      1      8      3      7      0   5240
      1    178      1      1      2      5      2      5      1   2683
      1    178      1      1      3      7      4      2      0   6038
      1    178      1      1      4      8      8      2      0   2653
      1    178      1      1      5      7      7      4      0   2874
      1    178      1      1      6      2      3      3      0   2315
      1    178      1      1      7      3      7      1      0   3795
      1    178      1      1      8      2      2      1      0   1280
      1    178      1      1      9      4     13      7      0   2304
      1    178      1      1     10      6     11      1      0   3285
      1    178      1      1     11      4      1      7      0   4102
      1    178      1      1     12      5      9      5      1   1464
      1    178      1      1     13      3     15      7      0   3043
      1    178      1      1     14      1      3      7      0   2341
      1    178      1      1     15      6      3      4      0   2026
      1    178      1      1     16      1     16      2      0   2618
      1    178      1      2      1      6      5      7      0   8068
      1    178      1      2      2      3      2      2      0   2659
      1    178      1      2      3      7     16      6      0   4891
      1    178      1      2      4      2     10      4      0   2626
      1    178      1      2      5      2      4      2      1   4093
      1    178      1      2      6      8     15      3      0   2059
      1    178      1      2      7      1      7      1      1   1276
      1    178      1      2      8      5      4      5      1    975
      1    178      1      2      9      4     15      3      0   4125
      1    178      1      2     10      3     11      2      0   3592
      1    178      1      2     11      4     10      7      0   2559
      1    178      1      2     12      8     14      2      0   1758
      1    178      1      2     13      1     14      1      1   2027
      1    178      1      2     14      7     14      4      0   2241
      1    178      1      2     15      5      5      5      1   1259
      1    178      1      2     16      6      9      2      0   1293
      1    178      2      1      1      5     10      5      1   4736
      1    178      2      1      2      2      1      7      0   4137
      1    178      2      1      3      4     14      4      1   2145
      1    178      2      1      4      7      8      7      1   3649
      1    178      2      1      5      1      9      1      1    820
      1    178      2      1      6      4     11      3      0   3401
      1    178      2      1      7      5     12      5      1   1178
      1    178      2      1      8      6     16      8      0   3579
      1    178      2      1      9      3     14      3      1   3783
      1    178      2      1     10      1      6      1      1   1352
      1    178      2      1     11      3      8      3      1   1537
      1    178      2      1     12      7     10      2      0   2562
      1    178      2      1     13      8      4      1      0   1888
      1    178      2      1     14      8      6      8      1   2129
      1    178      2      1     15      6      8      3      0   5929
      1    178      2      1     16      2     13      3      0   4769
      1    178      2      2      1      2     16      4      0   4294
      1    178      2      2      2      6     10      7      0   3362
      1    178      2      2      3      1      5      2      0   2314
      1    178      2      2      4      3      6      3      1   1408
      1    178      2      2      5      6     15      6      1   3142
      1    178      2      2      6      8     10      1      0   2208
      1    178      2      2      7      4      8      4      1   1692
      1    178      2      2      8      7     15      7      1    942
      1    178      2      2      9      1     10      8      0   2442
      1    178      2      2     10      5     14      5      1    974
      1    178      2      2     11      8     13      8      1    808
      1    178      2      2     12      2      6      5      0   2592
      1    178      2      2     13      4     12      4      1   4324
      1    178      2      2     14      3     13      6      0   4824
      1    178      2      2     15      7     13      7      1   1174
      1    178      2      2     16      5     11      5      1    890
      1    178      3      1      1      7      2      7      1   2449
      1    178      3      1      2      3     16      6      0   4188
      1    178      3      1      3      1      2      4      0   3540
      1    178      3      1      4      1      4      4      0   1705
      1    178      3      1      5      6     12      6      1   2238
      1    178      3      1      6      5      8      5      1   1017
      1    178      3      1      7      8      2      8      1   2561
      1    178      3      1      8      4      9      6      0   1872
      1    178      3      1      9      2      5      7      0   3753
      1    178      3      1     10      3     10      4      0   5179
      1    178      3      1     11      2      9      2      1   1333
      1    178      3      1     12      7     12      7      1   1325
      1    178      3      1     13      4      5      4      1   5542
      1    178      3      1     14      5      6      5      1    986
      1    178      3      1     15      6      6      8      0   2023
      1    178      3      1     16      8      9      8      1   1353
      1    178      3      2      1      3      9      6      0   1910
      1    178      3      2      2      1      1      3      0   7641
      1    178      3      2      3      4      3      3      0   1524
      1    178      3      2      4      6     13      6      1   1575
      1    178      3      2      5      8      5      2      0   1945
      1    178      3      2      6      7      6      6      0   3643
      1    178      3      2      7      7      5      4      0   2825
      1    178      3      2      8      4     16      2      0   1242
      1    178      3      2      9      2     14      3      0   1491
      1    178      3      2     10      1     11      1      1    961
      1    178      3      2     11      5     16      5      1    924
      1    178      3      2     12      6      7      6      1   1058
      1    178      3      2     13      5      7      5      1    896
      1    178      3      2     14      8     16      4      0   3560
      1    178      3      2     15      2      8      2      1    975
      1    178      3      2     16      3     12      6      0   2408
      1    178      4      1      1      5     12      5      1   1905
      1    178      4      1      2      7      8      7      1   3688
      1    178      4      1      3      4      5      3      0   2460
      1    178      4      1      4      1      4      1      1   2467
      1    178      4      1      5      4     11      2      0   1248
      1    178      4      1      6      3     10      4      0   5488
      1    178      4      1      7      6      3      7      0   2456
      1    178      4      1      8      8      3      8      1   1287
      1    178      4      1      9      2      1      2      1   1309
      1    178      4      1     10      1      3      1      1   3120
      1    178      4      1     11      3      7      6      0   2642
      1    178      4      1     12      6      8      6      1   1455
      1    178      4      1     13      8      6      8      1    938
      1    178      4      1     14      5      2      5      1   1188
      1    178      4      1     15      7      2      7      1   1518
      1    178      4      1     16      2      3      3      0   2744
      1    178      4      2      1      4     15      4      1   3794
      1    178      4      2      2      1     10      2      0   2841
      1    178      4      2      3      5     11      5      1    911
      1    178      4      2      4      2      4      2      1   1040
      1    178      4      2      5      5     14      5      1    941
      1    178      4      2      6      6      7      6      1   2375
      1    178      4      2      7      1      5      3      0   1942
      1    178      4      2      8      4     12      2      0   1808
      1    178      4      2      9      7     13      7      1    924
      1    178      4      2     10      8     16      8      1   1175
      1    178      4      2     11      3     12      6      0   3027
      1    178      4      2     12      3     13      6      0   1041
      1    178      4      2     13      2     16      3      0   1457
      1    178      4      2     14      6     10      7      0   1040
      1    178      4      2     15      8     14      8      1    859
      1    178      4      2     16      7      5      7      1   1608
      1    178      5      1      1      8      8      1      0   2155
      1    178      5      1      2      1     16      6      0   4189
      1    178      5      1      3      2     13      3      0   1608
      1    178      5      1      4      4      9      3      0   3913
      1    178      5      1      5      5     10      5      1    954
      1    178      5      1      6      3     15      8      0   2523
      1    178      5      1      7      3     16      6      0   3005
      1    178      5      1      8      7      4      4      0   3464
      1    178      5      1      9      6      6      8      0   2536
      1    178      5      1     10      2      9      2      1    871
      1    178      5      1     11      1      6      3      0   1716
      1    178      5      1     12      4     14      4      1   2171
      1    178      5      1     13      5      6      5      1   1018
      1    178      5      1     14      6     11      6      1   2466
      1    178      5      1     15      8      4      8      1   1145
      1    178      5      1     16      7     10      7      1   1088
      1    178      5      2      1      7      6      7      1   1044
      1    178      5      2      2      7     14      3      0   1908
      1    178      5      2      3      6      9      7      0   1393
      1    178      5      2      4      6     13      6      1   1079
      1    178      5      2      5      3      2      4      0   4009
      1    178      5      2      6      4     16      4      1   2191
      1    178      5      2      7      2     14      4      0   1492
      1    178      5      2      8      4      3      3      0    942
      1    178      5      2      9      1     14      3      0   1242
      1    178      5      2     10      5      4      5      1   1109
      1    178      5      2     11      5      7      5      1   1075
      1    178      5      2     12      8      5      8      1   1092
      1    178      5      2     13      2      6      2      1   1141
      1    178      5      2     14      1      7      3      0   1176
      1    178      5      2     15      3      9      3      1   2641
      1    178      5      2     16      8     10      8      1   2809
      1    178      6      1      1      7      7      7      1   1071
      1    178      6      1      2      5      9      5      1    931
      1    178      6      1      3      7     12      7      1   3083
      1    178      6      1      4      3      8      3      1   2699
      1    178      6      1      5      1      2      4      0   4463
      1    178      6      1      6      8      9      8      1   1058
      1    178      6      1      7      6     16      6      1   2183
      1    178      6      1      8      2      2      2      1   1927
      1    178      6      1      9      4      1      1      0   4038
      1    178      6      1     10      8      2      8      1    918
      1    178      6      1     11      1      9      1      1   1056
      1    178      6      1     12      4     13      4      1    937
      1    178      6      1     13      3     14      3      1   2769
      1    178      6      1     14      2      5      2      1   1083
      1    178      6      1     15      6     12      3      0   2745
      1    178      6      1     16      5      8      5      1    869
      1    178      6      2      1      5      5      5      1  19844
      1    178      6      2      2      6      5      6      1   1692
      1    178      6      2      3      5     16      5      1    843
      1    178      6      2      4      1     11      1      1    859
      1    178      6      2      5      2     10      4      0   3492
      1    178      6      2      6      4      8      3      0   4661
      1    178      6      2      7      8     13      8      1    893
      1    178      6      2      8      8     15      8      1   1541
      1    178      6      2      9      3     11      3      1   1125
      1    178      6      2     10      3      6      1      0   2243
      1    178      6      2     11      2      8      2      1    825
      1    178      6      2     12      1      1      3      0   1342
      1    178      6      2     13      4     10      4      1   6026
      1    178      6      2     14      7     16      7      1   1892
      1    178      6      2     15      6     15      6      1    993
      1    178      6      2     16      7     15      7      1   1025
      1    178      7      1      1      1      4      4      0   3575
      1    178      7      1      2      7     12      7      1    932
      1    178      7      1      3      3     15      3      1   1312
      1    178      7      1      4      3     10      4      0   4188
      1    178      7      1      5      1      3      1      1   1299
      1    178      7      1      6      8      4      8      1   2448
      1    178      7      1      7      5      8      5      1    967
      1    178      7      1      8      5      2      5      1   1189
      1    178      7      1      9      6     16      6      1   1363
      1    178      7      1     10      6      3      7      0    973
      1    178      7      1     11      4      5      3      0   1271
      1    178      7      1     12      4     11      3      0   3232
      1    178      7      1     13      2      2      2      1   1055
      1    178      7      1     14      2     13      4      0   1099
      1    178      7      1     15      7      2      7      1   1231
      1    178      7      1     16      8      8      1      0   2126
      1    178      7      2      1      4     16      4      1   1444
      1    178      7      2      2      2     16      4      0    892
      1    178      7      2      3      8     16      8      1    860
      1    178      7      2      4      4     15      3      0    893
      1    178      7      2      5      1      5      4      0   1159
      1    178      7      2      6      3      6      1      0    925
      1    178      7      2      7      6     13      6      1    676
      1    178      7      2      8      3      2      3      1   1075
      1    178      7      2      9      2      6      2      1    758
      1    178      7      2     10      7      6      7      1   1158
      1    178      7      2     11      5     16      5      1   1392
      1    178      7      2     12      1     11      1      1    892
      1    178      7      2     13      7     16      4      0   3676
      1    178      7      2     14      6     15      6      1    924
      1    178      7      2     15      5      4      5      1    991
      1    178      7      2     16      8     10      1      0   2391
      1    178      8      1      1      6     12      6      1   1830
      1    178      8      1      2      1      2      3      0   3852
      1    178      8      1      3      8      6      8      1    800
      1    178      8      1      4      5      9      5      1   1396
      1    178      8      1      5      1      6      3      0    537
      1    178      8      1      6      7      8      7      1   1127
      1    178      8      1      7      4      1      3      0   1683
      1    178      8      1      8      3      7      3      1    764
      1    178      8      1      9      2      3      3      0   1622
      1    178      8      1     10      2      5      2      1    961
      1    178      8      1     11      8      9      8      1   1421
      1    178      8      1     12      4     14      4      1   1671
      1    178      8      1     13      5     12      5      1   1290
      1    178      8      1     14      3      8      3      1   1221
      1    178      8      1     15      7      7      4      0   1938
      1    178      8      1     16      6      6      8      0   1809
      1    178      8      2      1      6      7      6      1   1728
      1    178      8      2      2      3     13      3      1   1459
      1    178      8      2      3      2     10      2      1   1525
      1    178      8      2      4      8     14      8      1   2277
      1    178      8      2      5      1     14      1      1   1124
      1    178      8      2      6      5      7      5      1   1009
      1    178      8      2      7      5      5      5      1   1592
      1    178      8      2      8      2      8      2      1    925
      1    178      8      2      9      4     10      3      0   1942
      1    178      8      2     10      7     15      7      1    993
      1    178      8      2     11      8      5      3      0   1892
      1    178      8      2     12      1     10      4      0    926
      1    178      8      2     13      6      5      6      1   1458
      1    178      8      2     14      3      9      3      1   1126
      1    178      8      2     15      4      3      2      0   3662
      1    178      8      2     16      7     13      7      1   1243
      1    178      9      1      1      4     13      4      1   2104
      1    178      9      1      2      3     14      3      1    871
      1    178      9      1      3      1     16      2      0   1459
      1    178      9      1      4      1      9      2      0    991
      1    178      9      1      5      7      4      7      1   1734
      1    178      9      1      6      3     16      3      1   2083
      1    178      9      1      7      6      8      6      1   2750
      1    178      9      1      8      8      2      8      1   1278
      1    178      9      1      9      5      6      5      1   1219
      1    178      9      1     10      8      3      8      1   1627
      1    178      9      1     11      6     11      6      1   1071
      1    178      9      1     12      5     10      5      1   1202
      1    178      9      1     13      2      9      2      1    873
      1    178      9      1     14      7     10      7      1  17025
      1    178      9      1     15      4      9      3      0   1240
      1    178      9      1     16      2      1      2      1    950
      1    178      9      2      1      7      5      7      1   5261
      1    178      9      2      2      6      9      7      0   1477
      1    178      9      2      3      3     11      3      1   1092
      1    178      9      2      4      3     12      3      1   1210
      1    178      9      2      5      4      8      2      0    740
      1    178      9      2      6      1      1      2      0    942
      1    178      9      2      7      8     13      8      1    875
      1    178      9      2      8      2     14      4      0   1143
      1    178      9      2      9      2      4      2      1    741
      1    178      9      2     10      5     11      5      1    844
      1    178      9      2     11      6     10      7      0   2025
      1    178      9      2     12      5     14      5      1    909
      1    178      9      2     13      1      7      3      0    825
      1    178      9      2     14      7     14      7      1   1075
      1    178      9      2     15      8     15      8      1   1041
      1    178      9      2     16      4     12      2      0   1241
