      2    200      1      1      1      8     16      8      1   4911   2848
      2    200      1      1      2      1     16      1      1   4426   4196
      2    200      1      1      3      6      3      2      0   4880   2423
      2    200      1      1      4      2     10      2      1   2222   2822
      2    200      1      1      5      4     11      3      0   5103   2074
      2    200      1      1      6      3      7      3      1   2325   6982
      2    200      1      1      7      8      5      7      0   2498   1270
      2    200      1      1      8      4      5      1      0   3810   4574
      2    200      1      1      9      2      1      7      0   4763  11358
      2    200      1      1     10      1      2      6      0   2068   2759
      2    200      1      1     11      5      5      5      1   4928    966
      2    200      1      1     12      2      2      1      0   3476   1208
      2    200      1      1     13      4     13      4      1   2029   1123
      2    200      1      1     14      6      7      3      0   2820   1102
      2    200      1      1     15      1     14      3      0   9956   1040
      2    200      1      1     16      4      9      5      0    913   1307
      2    200      1      2      1      4     14      4      1   9147
      2    200      1      2      2      5      2      5      1   1930
      2    200      1      2      3      3      9      1      0   6418
      2    200      1      2      4      7     12      2      0   2515
      2    200      1      2      5      7      2      6      0   2757
      2    200      1      2      6      2      9      2      1   2899
      2    200      1      2      7      2      4      2      1   3532
      2    200      1      2      8      1      1      3      0   4000
      2    200      1      2      9      5     12      5      1   1299
      2    200      1      2     10      4      1      1      0   4184
      2    200      1      2     11      1      6      6      0   2600
      2    200      1      2     12      6      5      7      0   1298
      2    200      1      2     13      8      9      8      1   1544
      2    200      1      2     14      6     12      4      0   6770
      2    200      1      2     15      3     15      1      0   1582
      2    200      1      2     16      8      8      8      1   1328
      2    200      2      1      1      5      4      6      0   1564   6327
      2    200      2      1      2      5     16      5      1   1715   2072
      2    200      2      1      3      5      7      3      0   1963   4614
      2    200      2      1      4      6      3      6      1   3197   1417
      2    200      2      1      5      7     13      7      1   2834   3437
      2    200      2      1      6      3     14      2      0   1815   3063
      2    200      2      1      7      8     10      8      1   1578   6977
      2    200      2      1      8      6     15      6      1   2154   7599
      2    200      2      1      9      3      6      1      0    878   1563
      2    200      2      1     10      4     11      2      0    780   2130
      2    200      2      1     11      3      7      1      0   1087   2742
      2    200      2      1     12      7      7      6      0   2688  13266
      2    200      2      1     13      2      5      1      0    928   1514
      2    200      2      1     14      2     10      3      0   3780   7305
      2    200      2      1     15      3      2      1      0   1438   1831
      2    200      2      1     16      6     16      6      1   2585   3020
      2    200      2      2      1      1      5      3      0   4305
      2    200      2      2      2      3     10      4      0   4085
      2    200      2      2      3      6      9      6      1   2599
      2    200      2      2      4      7     14      7      1   3201
      2    200      2      2      5      3     13      2      0   2215
      2    200      2      2      6      7      8      3      0   6921
      2    200      2      2      7      2      8      2      1   1728
      2    200      2      2      8      6      8      6      1   1531
      2    200      2      2      9      1     11      4      0   2232
      2    200      2      2     10      5     11      5      1    944
      2    200      2      2     11      8      3      8      1   1566
      2    200      2      2     12      4     12      3      0   2616
      2    200      2      2     13      5      6      5      1   1211
      2    200      2      2     14      2      3      7      0   4514
      2    200      2      2     15      4      3      2      0   3163
      2    200      2      2     16      8      6      8      1   1065
      2    200      3      1      1      6     13      7      0   2349   1981
      2    200      3      1      2      6      6      7      0   2284   3183
      2    200      3      1      3      3     11      7      0    947   2160
      2    200      3      1      4      6      3      7      0    833   2928
      2    200      3      1      5      7     13      7      1    908   1241
      2    200      3      1      6      1      2      1      1    936   9190
      2    200      3      1      7      1     14      1      1    736   1976
      2    200      3      1      8      7      7      7      1    946   4532
      2    200      3      1      9      4      5      3      0   2454   2632
      2    200      3      1     10      2      5      2      1   2511   1956
      2    200      3      1     11      6      7      6      1   1943   1665
      2    200      3      1     12      3      2      7      0   2331   1365
      2    200      3      1     13      3      6      1      0   1101   1360
      2    200      3      1     14      1     10      7      0   6919   3855
      2    200      3      1     15      7     10      7      1   1014   4351
      2    200      3      1     16      7     15      7      1   1384   2827
      2    200      3      2      1      7      6      7      1   3404
      2    200      3      2      2      8     14      8      1    981
      2    200      3      2      3      1      3      3      0   4101
      2    200      3      2      4      5     14      5      1   1227
      2    200      3      2      5      1      7      3      0   2315
      2    200      3      2      6      6     11      6      1   3200
      2    200      3      2      7      3     12      3      1   2633
      2    200      3      2      8      5      8      5      1   1064
      2    200      3      2      9      2     13      2      1   1363
      2    200      3      2     10      2     16      1      0   7938
      2    200      3      2     11      4     10      1      0   6099
      2    200      3      2     12      8      2      8      1   1031
      2    200      3      2     13      3      8      3      1   2265
      2    200      3      2     14      7      4      3      0   1498
      2    200      3      2     15      4     15      4      1   2215
      2    200      3      2     16      6     10      7      0   2834
      2    200      4      1      1      3     11      4      0   3388   5930
      2    200      4      1      2      8     10      8      1   1274   1546
      2    200      4      1      3      3     16      3      1   1158   1063
      2    200      4      1      4      7     16      7      1   1117   1038
      2    200      4      1      5      8     13      8      1   1151    842
      2    200      4      1      6      3     14      1      0   1578   1027
      2    200      4      1      7      6     16      6      1   1419   1300
      2    200      4      1      8      6      6      4      0   4036   1104
      2    200      4      1      9      5     10      5      1   1111    913
      2    200      4      1     10      2      6      2      1   1068    907
      2    200      4      1     11      5      9      5      1    752   1005
      2    200      4      1     12      7     15      7      1    825   1239
      2    200      4      1     13      8      4      8      1    752    710
      2    200      4      1     14      5      7      5      1    745    750
      2    200      4      1     15      2     14      8      0   1494   1060
      2    200      4      1     16      5     16      5      1   1315   3559
      2    200      4      2      1      6      9      6      1   3187
      2    200      4      2      2      1      1      3      0   3151
      2    200      4      2      3      4     15      3      0   2250
      2    200      4      2      4      2     16      2      1   3517
      2    200      4      2      5      5      8      5      1   1328
      2    200      4      2      6      7     14      7      1   2632
      2    200      4      2      7      1     11      3      0   2717
      2    200      4      2      8      5     14      5      1   1011
      2    200      4      2      9      3     12      3      1   3633
      2    200      4      2     10      8      6      8      1    981
      2    200      4      2     11      7      8      7      1   1015
      2    200      4      2     12      6     12      4      0   1582
      2    200      4      2     13      4      3      3      0   8205
      2    200      4      2     14      3      9      3      1   5603
      2    200      4      2     15      8     14      8      1    981
      2    200      4      2     16      2     13      2      1   3082
      2    200      5      1      1      8     15      8      1    787   3593
      2    200      5      1      2      8     16      8      1    797    742
      2    200      5      1      3      1      9      1      1   1342   1047
      2    200      5      1      4      6      3      6      1   1411    832
      2    200      5      1      5      3      6      1      0   1437    871
      2    200      5      1      6      7      5      7      1   1584   4909
      2    200      5      1      7      4      8      2      0   4914   1498
      2    200      5      1      8      5      4      5      1    863   1838
      2    200      5      1      9      1     16      1      1   1887   1345
      2    200      5      1     10      4     16      2      0   2429    896
      2    200      5      1     11      7     10      7      1    743   4211
      2    200      5      1     12      6     15      6      1    985    776
      2    200      5      1     13      2      5      2      1    789    772
      2    200      5      1     14      7     13      7      1    627    767
      2    200      5      1     15      1      4      3      0   2280   1091
      2    200      5      1     16      3      2      3      1   1301   2427
      2    200      5      2      1      6      5      6      1   3686
      2    200      5      2      2      3     13      3      1   1598
      2    200      5      2      3      1      6      1      1   2083
      2    200      5      2      4      2      9      2      1   1064
      2    200      5      2      5      4      1      4      1   4085
      2    200      5      2      6      6      8      6      1   1198
      2    200      5      2      7      7      4      3      0   3862
      2    200      5      2      8      5      6      5      1   1032
      2    200      5      2      9      3     10      3      1   2783
      2    200      5      2     10      5     12      5      1    914
      2    200      5      2     11      8      3      8      1   1131
      2    200      5      2     12      8      9      8      1    898
      2    200      5      2     13      1      7      3      0   3683
      2    200      5      2     14      7     12      4      0   3751
      2    200      5      2     15      4     10      6      0   4347
      2    200      5      2     16      2      3      1      0   2332
      2    200      6      1      1      7      7      7      1   1398   3644
      2    200      6      1      2      1     10      1      1   3143    894
      2    200      6      1      3      6     13      6      1   3108   2546
      2    200      6      1      4      4      9      5      0    996    668
      2    200      6      1      5      1     14      3      0   1531   3091
      2    200      6      1      6      6      7      6      1    786   1344
      2    200      6      1      7      4     13      4      1   1083   1380
      2    200      6      1      8      2      2      2      1    802   1458
      2    200      6      1      9      5      5      5      1   1143   1208
      2    200      6      1     10      1      2      1      1   2242    835
      2    200      6      1     11      2      1      2      1    836    856
      2    200      6      1     12      4      5      4      1   3374    870
      2    200      6      1     13      8      5      8      1    798    861
      2    200      6      1     14      3      7      3      1   1433    827
      2    200      6      1     15      4     11      2      0   2325    794
      2    200      6      1     16      4     11      4      1    708   1030
      2    200      6      2      1      5      2      5      1   1168
      2    200      6      2      2      7      2      7      1   1149
      2    200      6      2      3      3     15      4      0   5569
      2    200      6      2      4      2      8      2      1   1342
      2    200      6      2      5      6     11      6      1   1544
      2    200      6      2      6      6     10      7      0   1448
      2    200      6      2      7      1      5      3      0   1248
      2    200      6      2      8      1      3      1      1   1565
      2    200      6      2      9      5     11      5      1    965
      2    200      6      2     10      4     14      4      1   1744
      2    200      6      2     11      4     12      1      0   4601
      2    200      6      2     12      8      8      8      1   1264
      2    200      6      2     13      3      8      3      1   1499
      2    200      6      2     14      7      6      6      0   2316
      2    200      6      2     15      8      2      8      1   1748
      2    200      6      2     16      2      4      2      1   1781
      2    200      7      1      1      2     10      2      1   1601   1266
      2    200      7      1      2      3     11      3      1   4066  10448
      2    200      7      1      3      5     10      5      1   1030    796
      2    200      7      1      4      8     15      8      1    759   1109
      2    200      7      1      5      1     16      1      1   1491    917
      2    200      7      1      6      7      7      7      1    958   1061
      2    200      7      1      7      5      5      5      1   1206    919
      2    200      7      1      8      1      2      1      1   3440   1066
      2    200      7      1      9      1     10      1      1   1590    918
      2    200      7      1     10      4     16      4      1   3538    922
      2    200      7      1     11      8     16      8      1    847    927
      2    200      7      1     12      2      6      2      1   1176    898
      2    200      7      1     13      8     10      8      1   1044    784
      2    200      7      1     14      3     16      3      1   1818   1313
      2    200      7      1     15      5      9      5      1   1008    867
      2    200      7      1     16      1      9      1      1    917    924
      2    200      7      2      1      1      6      1      1   1201
      2    200      7      2      2      5      2      5      1   1449
      2    200      7      2      3      2      8      2      1    897
      2    200      7      2      4      7     14      7      1   2250
      2    200      7      2      5      1      1      3      0   2382
      2    200      7      2      6      6      5      6      1   1416
      2    200      7      2      7      3     12      4      0   3166
      2    200      7      2      8      4     12      1      0  14479
      2    200      7      2      9      8      8      8      1   1298
      2    200      7      2     10      8     14      8      1   1280
      2    200      7      2     11      3     10      3      1   3582
      2    200      7      2     12      2      4      2      1   1060
      2    200      7      2     13      5      6      5      1   1098
      2    200      7      2     14      6      9      6      1   1082
      2    200      7      2     15      7      8      7      1   1331
      2    200      7      2     16      4      3      3      0   1978
      2    200      8      1      1      4     13      4      1    821   5711
      2    200      8      1      2      6      6      1      0   2528   6369
      2    200      8      1      3      4     16      4      1   1345   3511
      2    200      8      1      4      1     10      1      1   1406    984
      2    200      8      1      5      7     10      7      1    694   1450
      2    200      8      1      6      7      5      7      1   2763   3822
      2    200      8      1      7      6      7      6      1   1869   6319
      2    200      8      1      8      6     16      6      1   1945   3511
      2    200      8      1      9      7      5      7      1   1799   7279
      2    200      8      1     10      3      2      3      1   3163   1321
      2    200      8      1     11      7     13      7      1   1641    820
      2    200      8      1     12      4     11      4      1   6629   1161
      2    200      8      1     13      2      2      2      1    912   1822
      2    200      8      1     14      1     14      3      0   3376   1128
      2    200      8      1     15      4      8      4      1   2958   6203
      2    200      8      1     16      1     10      1      1   1574  30322
      2    200      8      2      1      8      2      8      1   1885
      2    200      8      2      2      1      3      4      0   7651
      2    200      8      2      3      2      9      2      1   1014
      2    200      8      2      4      8      9      8      1    998
      2    200      8      2      5      5     11      5      1   1482
      2    200      8      2      6      4      1      4      1   4435
      2    200      8      2      7      3     13      3      1   1731
      2    200      8      2      8      2     13      6      0   7220
      2    200      8      2      9      7      2      7      1   1248
      2    200      8      2     10      3      8      3      1   3350
      2    200      8      2     11      7     12      7      1   9573
      2    200      8      2     12      4     15      4      1   3333
      2    200      8      2     13      6      8      6      1    998
      2    200      8      2     14      5     14      5      1   1098
      2    200      8      2     15      6     12      6      1   2394
      2    200      8      2     16      1      7      3      0   3550
      2    200      9      1      1      1     10      1      1    860  11660
      2    200      9      1      2      1      2      1      1   1208    780
      2    200      9      1      3      1      4      4      0   4065   2132
      2    200      9      1      4      1     14      1      1    761   2361
      2    200      9      1      5      3     14      3      1   1570   4515
      2    200      9      1      6      2      5      2      1    673  13465
      2    200      9      1      7      6     13      6      1    930   1220
      2    200      9      1      8      5      7      5      1    718   1214
      2    200      9      1      9      4      8      4      1   1778   1012
      2    200      9      1     10      4      8      4      1   1837   1556
      2    200      9      1     11      2      2      2      1    815    908
      2    200      9      1     12      6     16      6      1   1297  12673
      2    200      9      1     13      3      2      3      1   2090   1860
      2    200      9      1     14      8      5      8      1    877   1987
      2    200      9      1     15      7     16      7      1   1167   2745
      2    200      9      1     16      4     16      4      1   1542   1354
      2    200      9      2      1      2      3      4      0   5889
      2    200      9      2      2      3     15      3      1   4548
      2    200      9      2      3      3      9      3      1   3146
      2    200      9      2      4      8      3      8      1   1666
      2    200      9      2      5      2     16      4      0   1199
      2    200      9      2      6      5     12      5      1    914
      2    200      9      2      7      1     11      1      1   2683
      2    200      9      2      8      6     11      6      1   1214
      2    200      9      2      9      4     14      4      1   1598
      2    200      9      2     10      5      8      5      1    798
      2    200      9      2     11      7      6      7      1   1516
      2    200      9      2     12      6     10      7      0   1127
      2    200      9      2     13      8      6      8      1   1064
      2    200      9      2     14      7      4      3      0   3567
      2    200      9      2     15      1      5      1      1   2578
      2    200      9      2     16      4     10      4      1   1565
