      2     82      1      1      1      2      8      1      0   3013   2466
      2     82      1      1      2      6      9      8      0   4045   2980
      2     82      1      1      3      1      7      1      1   2219   1416
      2     82      1      1      4      5      4      5      1   3749   1468
      2     82      1      1      5      5     16      5      1   1306    978
      2     82      1      1      6      5      7      8      0   5601   1404
      2     82      1      1      7      4      1      3      0   4713   1475
      2     82      1      1      8      1      9      3      0   1007   1154
      2     82      1      1      9      3      2      7      0   5074   1215
      2     82      1      1     10      2      4      2      1   2212   1440
      2     82      1      1     11      3      6      1      0   4827   1788
      2     82      1      1     12      4     14      7      0   3115   1227
      2     82      1      1     13      2      6      2      1   1218    963
      2     82      1      1     14      2      1      1      0   1101   1210
      2     82      1      1     15      1      2      7      0   2927   1018
      2     82      1      1     16      1      1      5      0   1554   1043
      2     82      1      2      1      7     14      8      0   6682     -1
      2     82      1      2      2      5      6      5      1   1507     -1
      2     82      1      2      3      3      9      3      1   2858     -1
      2     82      1      2      4      2     13      2      1   2024     -1
      2     82      1      2      5      4      9      7      0   3458     -1
      2     82      1      2      6      6      5      6      1   3307     -1
      2     82      1      2      7      5      2      5      1   1961     -1
      2     82      1      2      8      6     16      4      0   3259     -1
      2     82      1      2      9      2      3      1      0   1808     -1
      2     82      1      2     10      8      2      1      0  10011     -1
      2     82      1      2     11      1     14      1      1   2291     -1
      2     82      1      2     12      3      8      3      1   2842     -1
      2     82      1      2     13      4      3      1      0   1675     -1
      2     82      1      2     14      1      5      6      0   3459     -1
      2     82      1      2     15      8     10      8      1   1792     -1
      2     82      1      2     16      7     10      4      0   1342     -1
      2     82      2      1      1      6     13      6      1   1948   6081
      2     82      2      1      2      2     10      2      1   1408   1708
      2     82      2      1      3      8     15      4      0   1600   1127
      2     82      2      1      4      7      5      4      0   2584    816
      2     82      2      1      5      7     16      7      1   1440   1694
      2     82      2      1      6      3     14      1      0   3563   1230
      2     82      2      1      7      8      6      8      1   3512   1443
      2     82      2      1      8      5     12      5      1   1634   1324
      2     82      2      1      9      8      3      8      1   1617    899
      2     82      2      1     10      6      6      8      0   2703   1060
      2     82      2      1     11      7     15      7      1   2410   2083
      2     82      2      1     12      8     13      8      1   1022    877
      2     82      2      1     13      4      5      7      0   1601   1158
      2     82      2      1     14      3     16      3      1   2004   1222
      2     82      2      1     15      8     16      4      0   1941   1531
      2     82      2      1     16      4     11      2      0    852   1405
      2     82      2      2      1      8     14      8      1   1794     -1
      2     82      2      2      2      5     14      5      1   1391     -1
      2     82      2      2      3      8      8      4      0   4991     -1
      2     82      2      2      4      1     16      1      1   2092     -1
      2     82      2      2      5      6     11      6      1   1859     -1
      2     82      2      2      6      4     10      6      0   5376     -1
      2     82      2      2      7      5     10      1      0    977     -1
      2     82      2      2      8      2     14      8      0   3461     -1
      2     82      2      2      9      2      5      2      1   1358     -1
      2     82      2      2     10      3     15      3      1   4993     -1
      2     82      2      2     11      6     15      6      1   1275     -1
      2     82      2      2     12      7     12      7      1   1876     -1
      2     82      2      2     13      1     10      6      0   2692     -1
      2     82      2      2     14      3     11      1      0   1559     -1
      2     82      2      2     15      7     13      7      1   1277     -1
      2     82      2      2     16      4     16      2      0   2024     -1
      2     82      3      1      1      3     10      1      0   1449   5062
      2     82      3      1      2      7      7      7      1   1734    846
      2     82      3      1      3      6      8      6      1   1841   1087
      2     82      3      1      4      6      6      6      1   1082   1424
      2     82      3      1      5      7      4      6      0   1286   1387
      2     82      3      1      6      5      5      5      1   1569   3597
      2     82      3      1      7      6     10      7      0   1849   1178
      2     82      3      1      8      1      3      1      1   1674   1448
      2     82      3      1      9      4     12      2      0   1696   1279
      2     82      3      1     10      2      2      2      1   1152   1798
      2     82      3      1     11      3     13      3      1   4951   1093
      2     82      3      1     12      5     11      5      1   1157   1182
      2     82      3      1     13      1      6      1      1   2151   1258
      2     82      3      1     14      7      2      7      1   1072   2007
      2     82      3      1     15      4     13      4      1   1178    953
      2     82      3      1     16      6      9      6      1   2921   1399
      2     82      3      2      1      6      3      6      1   1477     -1
      2     82      3      2      2      8      9      8      1   1594     -1
      2     82      3      2      3      1     11      4      0   4126     -1
      2     82      3      2      4      4      8      4      1   3509     -1
      2     82      3      2      5      6     12      6      1   1558     -1
      2     82      3      2      6      4     15      6      0   3241     -1
      2     82      3      2      7      1      4      4      0   2224     -1
      2     82      3      2      8      3     12      3      1   2327     -1
      2     82      3      2      9      2      9      2      1   1075     -1
      2     82      3      2     10      5      8      5      1   1391     -1
      2     82      3      2     11      8      4      8      1   1208     -1
      2     82      3      2     12      5      9      5      1   1361     -1
      2     82      3      2     13      3      7      3      1   2442     -1
      2     82      3      2     14      2     16      4      0   3058     -1
      2     82      3      2     15      7      6      7      1   2026     -1
      2     82      3      2     16      7      8      7      1   1425     -1
      2     82      4      1      1      6      9      6      1   1494   2806
      2     82      4      1      2      1      7      3      0   1818   1125
      2     82      4      1      3      5      4      5      1   1030   1279
      2     82      4      1      4      5     16      5      1   1045    889
      2     82      4      1      5      5      7      5      1   1004    952
      2     82      4      1      6      4      1      4      1   2667   1096
      2     82      4      1      7      1      9      4      0   1339   1975
      2     82      4      1      8      3      2      1      0   2159    823
      2     82      4      1      9      2      4      2      1   1147   1325
      2     82      4      1     10      3      6      3      1   1543    841
      2     82      4      1     11      4     14      4      1   1704   1272
      2     82      4      1     12      2      6      2      1    803   1157
      2     82      4      1     13      2      1      2      1    700    653
      2     82      4      1     14      1      2      4      0   1601    665
      2     82      4      1     15      1      1      1      1   1487   1338
      2     82      4      1     16      8      5      8      1   1222   1612
      2     82      4      2      1      7     10      7      1   1693     -1
      2     82      4      2      2      1      5      1      1   1693     -1
      2     82      4      2      3      3     11      3      1   1742     -1
      2     82      4      2      4      4      8      4      1   1375     -1
      2     82      4      2      5      2      3      4      0   2545     -1
      2     82      4      2      6      2     14      4      0   2542     -1
      2     82      4      2      7      8     14      8      1   1558     -1
      2     82      4      2      8      6     12      6      1   1559     -1
      2     82      4      2      9      3     15      1      0   6175     -1
      2     82      4      2     10      8      4      8      1   1192     -1
      2     82      4      2     11      1     16      1      1   1124     -1
      2     82      4      2     12      7     12      7      1   1109     -1
      2     82      4      2     13      4     15      6      0   1408     -1
      2     82      4      2     14      6     11      6      1   1095     -1
      2     82      4      2     15      5     14      5      1    975     -1
      2     82      4      2     16      5      2      5      1   1191     -1
      2     82      5      1      1      6     13      6      1   2148   2928
      2     82      5      1      2      2      8      2      1    978   1475
      2     82      5      1      3      2     10      4      0   2601   1209
      2     82      5      1      4      8     15      8      1    938    927
      2     82      5      1      5      7      5      7      1   1100    818
      2     82      5      1      6      7     16      7      1   1368    979
      2     82      5      1      7      3     14      3      1   1659    987
      2     82      5      1      8      8      6      8      1   1045   1590
      2     82      5      1      9      5     12      5      1    888    760
      2     82      5      1     10      8      3      8      1   1075   2511
      2     82      5      1     11      6      6      6      1   1046   1180
      2     82      5      1     12      7     15      7      1   1063   1032
      2     82      5      1     13      8     13      8      1    874   1251
      2     82      5      1     14      4      5      7      0   2446   1162
      2     82      5      1     15      3     16      3      1    951   2569
      2     82      5      1     16      8     16      8      1    919   1320
      2     82      5      2      1      6      3      6      1   2210     -1
      2     82      5      2      2      8      9      8      1   1441     -1
      2     82      5      2      3      1     14      1      1   2942     -1
      2     82      5      2      4      2     13      2      1   1543     -1
      2     82      5      2      5      4     16      4      1   1193     -1
      2     82      5      2      6      5      6      5      1   1341     -1
      2     82      5      2      7      8      2      8      1   1325     -1
      2     82      5      2      8      1      4      1      1   1992     -1
      2     82      5      2      9      2      9      2      1   1092     -1
      2     82      5      2     10      3     12      3      1   1258     -1
      2     82      5      2     11      6      5      3      0   3259     -1
      2     82      5      2     12      4      3      1      0   1775     -1
      2     82      5      2     13      3      7      3      1   1825     -1
      2     82      5      2     14      5      8      5      1   1008     -1
      2     82      5      2     15      7      8      7      1   1242     -1
      2     82      5      2     16      7     14      4      0   2992     -1
      2     82      6      1      1      7     15      7      1    763   6043
      2     82      6      1      2      8     13      8      1   1005   1221
      2     82      6      1      3      4      5      4      1   2547    785
      2     82      6      1      4      3     16      3      1   1062   1014
      2     82      6      1      5      8     16      8      1    833    949
      2     82      6      1      6      4     11      2      0   1005    746
      2     82      6      1      7      6      7      6      1   1166   1587
      2     82      6      1      8      3     10      3      1   1806   1137
      2     82      6      1      9      7      7      7      1   1937   1403
      2     82      6      1     10      6      8      6      1   1601   1321
      2     82      6      1     11      7      4      7      1   1027   1017
      2     82      6      1     12      5      5      5      1   1368   1110
      2     82      6      1     13      6     10      6      1   1030   1096
      2     82      6      1     14      1      3      1      1   1624   1186
      2     82      6      1     15      4     12      1      0   1149   1079
      2     82      6      1     16      2      2      2      1   1298   1604
      2     82      6      2      1      6     16      6      1   1911     -1
      2     82      6      2      2      7      6      7      1   1510     -1
      2     82      6      2      3      6     15      6      1   1124     -1
      2     82      6      2      4      3      9      3      1   1741     -1
      2     82      6      2      5      5      9      5      1   1009     -1
      2     82      6      2      6      2      5      2      1   4174     -1
      2     82      6      2      7      3      8      3      1   1309     -1
      2     82      6      2      8      5     10      5      1   1342     -1
      2     82      6      2      9      8      8      8      1   1842     -1
      2     82      6      2     10      4     10      8      0   2426     -1
      2     82      6      2     11      4      9      4      1   2058     -1
      2     82      6      2     12      1     11      4      0   7810     -1
      2     82      6      2     13      8     10      8      1   1075     -1
      2     82      6      2     14      7     13      7      1   1457     -1
      2     82      6      2     15      1     10      4      0   7292     -1
      2     82      6      2     16      2     16      4      0   2325     -1
      2     82      7      1      1      2      2      2      1   1575   4538
      2     82      7      1      2      3     13      3      1    646   1197
      2     82      7      1      3      5     11      5      1   1043   1266
      2     82      7      1      4      1      6      1      1   1617    882
      2     82      7      1      5      7      2      7      1   1105   1516
      2     82      7      1      6      4     13      4      1    933   1129
      2     82      7      1      7      6      9      6      1   1339   1189
      2     82      7      1      8      1      7      1      1   1088   1157
      2     82      7      1      9      5      4      5      1   1175   1136
      2     82      7      1     10      4      1      4      1   1525   3906
      2     82      7      1     11      1      9      1      1   1800   1341
      2     82      7      1     12      3      2      1      0   1766    933
      2     82      7      1     13      2      4      4      0   2633   1080
      2     82      7      1     14      3      6      3      1    871    992
      2     82      7      1     15      4     14      4      1   4233    963
      2     82      7      1     16      2      6      2      1    902    945
      2     82      7      2      1      7      8      7      1   1778     -1
      2     82      7      2      2      8      4      8      1   1409     -1
      2     82      7      2      3      2     13      2      1   3508     -1
      2     82      7      2      4      4     10      4      1   2575     -1
      2     82      7      2      5      5     10      5      1   1492     -1
      2     82      7      2      6      2      5      4      0   2577     -1
      2     82      7      2      7      5     14      1      0    942     -1
      2     82      7      2      8      3      8      3      1   1892     -1
      2     82      7      2      9      6      3      6      1   1158     -1
      2     82      7      2     10      1     14      1      1   2359     -1
      2     82      7      2     11      8     10      8      1   1458     -1
      2     82      7      2     12      6     12      6      1   1392     -1
      2     82      7      2     13      4      3      1      0   2274     -1
      2     82      7      2     14      3     12      3      1   1675     -1
      2     82      7      2     15      1      4      1      1   1360     -1
      2     82      7      2     16      7     13      7      1   1309     -1
      2     82      8      1      1      1      2      4      0   1898  18106
      2     82      8      1      2      1      1      1      1   1178   1068
      2     82      8      1      3      8      5      8      1   1343   1152
      2     82      8      1      4      6     13      6      1   1091    824
      2     82      8      1      5      2      8      2      1   1068   1667
      2     82      8      1      6      1      3      1      1   1490   5219
      2     82      8      1      7      2     10      4      0    624   8658
      2     82      8      1      8      2     10      2      1    758   1399
      2     82      8      1      9      1      2      1      1   1002   1815
      2     82      8      1     10      4     12      4      1   1175   9882
      2     82      8      1     11      4     13      4      1    863   1999
      2     82      8      1     12      7      2      7      1   1217    961
      2     82      8      1     13      3     13      3      1    897   1442
      2     82      8      1     14      4      5      4      1   2093   1673
      2     82      8      1     15      1      1      1      1    872   3102
      2     82      8      1     16      3      2      3      1   1063   1982
      2     82      8      2      1      5      9      5      1   3979     -1
      2     82      8      2      2      2     16      4      0   2091     -1
      2     82      8      2      3      3      9      3      1   1076     -1
      2     82      8      2      4      3      7      3      1   1275     -1
      2     82      8      2      5      1     11      1      1   1059     -1
      2     82      8      2      6      7     14      4      0   4893     -1
      2     82      8      2      7      8      9      8      1   1226     -1
      2     82      8      2      8      2      9      2      1   1125     -1
      2     82      8      2      9      4     16      4      1   2492     -1
      2     82      8      2     10      6     16      6      1   1642     -1
      2     82      8      2     11      4      9      4      1   1642     -1
      2     82      8      2     12      5      6      5      1   1727     -1
      2     82      8      2     13      7     12      7      1   2144     -1
      2     82      8      2     14      1      5      1      1   1376     -1
      2     82      8      2     15      6      5      6      1   1525     -1
      2     82      8      2     16      8     14      8      1   1542     -1
      2     82      9      1      1      7      7      7      1    929  10351
      2     82      9      1      2      6     13      6      1    910   1494
      2     82      9      1      3      7      5      7      1   1415   1996
      2     82      9      1      4      4     13      4      1   2587   5025
      2     82      9      1      5      8     13      8      1   1100   1650
      2     82      9      1      6      7     16      7      1   1237   4579
      2     82      9      1      7      3      2      3      1   1913   1589
      2     82      9      1      8      4     12      2      0   1822   3103
      2     82      9      1      9      5     12      5      1   1359  13149
      2     82      9      1     10      5      7      5      1   1040   1678
      2     82      9      1     11      5     16      5      1   1086   1599
      2     82      9      1     12      6     10      6      1    815   3129
      2     82      9      1     13      5     11      5      1    809   2136
      2     82      9      1     14      1      6      1      1   1003   1552
      2     82      9      1     15      3      6      1      0   1016   2486
      2     82      9      1     16      1      1      1      1    817   1832
      2     82      9      2      1      2     14      4      0   1427     -1
      2     82      9      2      2      1     10      4      0   3193     -1
      2     82      9      2      3      7      6      7      1   1564     -1
      2     82      9      2      4      4     15      6      0   5292     -1
      2     82      9      2      5      6     11      6      1   1175     -1
      2     82      9      2      6      3     11      3      1   1127     -1
      2     82      9      2      7      1     16      1      1   1492     -1
      2     82      9      2      8      2      3      4      0   4925     -1
      2     82      9      2      9      8      2      8      1   1393     -1
      2     82      9      2     10      8      8      8      1   1242     -1
      2     82      9      2     11      5      8      5      1   1143     -1
      2     82      9      2     12      3     15      3      1   1459     -1
      2     82      9      2     13      4      8      4      1   2159     -1
      2     82      9      2     14      6     15      6      1   1325     -1
      2     82      9      2     15      7     10      7      1   1127     -1
      2     82      9      2     16      5      2      5      1   1093     -1
