      1    196      1      1      1      8     13      8      1   5717
      1    196      1      1      2      6      6      2      0   4885
      1    196      1      1      3      4     14      1      0   8970
      1    196      1      1      4      2     16      2      1   6833
      1    196      1      1      5      4     12      7      0  15216
      1    196      1      1      6      5      4      5      1   1346
      1    196      1      1      7      3     14      1      0   3452
      1    196      1      1      8      1      7      7      0   8515
      1    196      1      1      9      1      4      7      0   4797
      1    196      1      1     10      8     10      8      1   3862
      1    196      1      1     11      7      8      2      0   8405
      1    196      1      1     12      3     13      7      0   3043
      1    196      1      1     13      5      9      5      1   1484
      1    196      1      1     14      6     10      6      1   4908
      1    196      1      1     15      7     10      3      0   5225
      1    196      1      1     16      2      4      4      0   6247
      1    196      1      2      1      1      5      3      0  13597
      1    196      1      2      2      4     10      5      0   3509
      1    196      1      2      3      4      8      6      0  10242
      1    196      1      2      4      1      3      3      0   7495
      1    196      1      2      5      3     10      3      1   1607
      1    196      1      2      6      6      8      1      0   3523
      1    196      1      2      7      7     12      7      1   3027
      1    196      1      2      8      8      5      8      1   1732
      1    196      1      2      9      2      3      7      0  10644
      1    196      1      2     10      5     11      5      1   1762
      1    196      1      2     11      3     15      3      1   2495
      1    196      1      2     12      8      4      8      1   1577
      1    196      1      2     13      7     15      7      1   2426
      1    196      1      2     14      2     13      2      1   2794
      1    196      1      2     15      6      5      4      0   4065
      1    196      1      2     16      5      2      5      1   1928
      1    196      2      1      1      1      1      4      0  10075
      1    196      2      1      2      2      1      2      1   2530
      1    196      2      1      3      4     11      3      0   3895
      1    196      2      1      4      6      9      7      0   2262
      1    196      2      1      5      8      2      8      1   1246
      1    196      2      1      6      7      6      6      0   2407
      1    196      2      1      7      1      6      1      1  10842
      1    196      2      1      8      5     14      5      1   1433
      1    196      2      1      9      7      2      7      1   4554
      1    196      2      1     10      8     15      8      1   1166
      1    196      2      1     11      2      5      2      1   1723
      1    196      2      1     12      5      8      5      1   1413
      1    196      2      1     13      3      8      3      1   2012
      1    196      2      1     14      3      6      3      1   2012
      1    196      2      1     15      6     13      1      0   4750
      1    196      2      1     16      4      3      1      0   5511
      1    196      2      2      1      1      2      6      0  12480
      1    196      2      2      2      8     14      8      1   1229
      1    196      2      2      3      4      1      6      0   8877
      1    196      2      2      4      3      7      3      1   1627
      1    196      2      2      5      7      4      6      0   8677
      1    196      2      2      6      5     10      5      1   1677
      1    196      2      2      7      6      7      6      1   6278
      1    196      2      2      8      6     12      3      0   9428
      1    196      2      2      9      7      7      7      1   1779
      1    196      2      2     10      3      9      1      0   2460
      1    196      2      2     11      8      9      8      1   1060
      1    196      2      2     12      1     10      4      0   7710
      1    196      2      2     13      2      2      2      1   1762
      1    196      2      2     14      5      7      7      0   9344
      1    196      2      2     15      2      8      2      1   1761
      1    196      2      2     16      4     15      3      0   1977
      1    196      3      1      1      3     16      3      1   2518
      1    196      3      1      2      8     16      8      1   1178
      1    196      3      1      3      2     10      2      1   1787
      1    196      3      1      4      1     11      4      0   2700
      1    196      3      1      5      7     13      7      1   1545
      1    196      3      1      6      5     12      5      1   1093
      1    196      3      1      7      4     13      1      0   3067
      1    196      3      1      8      5      6      7      0   4331
      1    196      3      1      9      6      3      6      1   1712
      1    196      3      1     10      2      6      2      1   1303
      1    196      3      1     11      7     14      7      1   6941
      1    196      3      1     12      3      2      3      1   2411
      1    196      3      1     13      8      6      8      1   1036
      1    196      3      1     14      4      9      5      0   8926
      1    196      3      1     15      1     14      4      0   4482
      1    196      3      1     16      6     16      3      0   6463
      1    196      3      2      1      1      9      4      0   8647
      1    196      3      2      2      6     11      5      0  10493
      1    196      3      2      3      7      5      7      1   6010
      1    196      3      2      4      1     16      3      0   8662
      1    196      3      2      5      3     11      1      0   2746
      1    196      3      2      6      8      3      8      1   1044
      1    196      3      2      7      8      8      8      1   2009
      1    196      3      2      8      4     16      2      0   1944
      1    196      3      2      9      5     16      5      1   1410
      1    196      3      2     10      6     15      1      0   4527
      1    196      3      2     11      7     16      6      0   3242
      1    196      3      2     12      2     14      8      0   1927
      1    196      3      2     13      3     12      3      1   1527
      1    196      3      2     14      2      9      2      1   1011
      1    196      3      2     15      5      5      5      1   1377
      1    196      3      2     16      4      5      4      1   5295
      1    196      4      1      1      4     11      4      1   4923
      1    196      4      1      2      7      2      7      1   1416
      1    196      4      1      3      5     14      5      1   1339
      1    196      4      1      4      6     16      3      0   4074
      1    196      4      1      5      8     10      8      1   1272
      1    196      4      1      6      3      8      3      1   1612
      1    196      4      1      7      1      1      1      1   2710
      1    196      4      1      8      7      6      7      1   1835
      1    196      4      1      9      3     14      3      1   1560
      1    196      4      1     10      6     10      6      1   2062
      1    196      4      1     11      5      9      5      1   1431
      1    196      4      1     12      4     12      1      0   2721
      1    196      4      1     13      1      6      1      1   2183
      1    196      4      1     14      2      6      2      1   2213
      1    196      4      1     15      8     16      8      1   1207
      1    196      4      1     16      2     16      2      1   3894
      1    196      4      2      1      5      5      5      1   1563
      1    196      4      2      2      6     11      6      1   3427
      1    196      4      2      3      8     14      8      1   2577
      1    196      4      2      4      4      1      1      0   4745
      1    196      4      2      5      1      2      4      0  13044
      1    196      4      2      6      1     16      1      1   7796
      1    196      4      2      7      2     13      2      1   1294
      1    196      4      2      8      8      3      8      1    944
      1    196      4      2      9      4     15      3      0   1510
      1    196      4      2     10      7      7      7      1   1678
      1    196      4      2     11      6      8      6      1   1727
      1    196      4      2     12      3      7      3      1   1394
      1    196      4      2     13      2      3      1      0   4544
      1    196      4      2     14      7      5      7      1   1576
      1    196      4      2     15      3     11      3      1  10361
      1    196      4      2     16      5     10      5      1   1378
      1    196      5      1      1      5      4      5      1   1000
      1    196      5      1      2      2      1      2      1   1696
      1    196      5      1      3      2      5      2      1   1185
      1    196      5      1      4      3     13      3      1   1566
      1    196      5      1      5      1      4      4      0   3664
      1    196      5      1      6      8      6      8      1   1285
      1    196      5      1      7      1      7      1      1   4214
      1    196      5      1      8      3     16      3      1   1356
      1    196      5      1      9      6     13      4      0   3196
      1    196      5      1     10      8      2      8      1   1257
      1    196      5      1     11      5      6      5      1   1246
      1    196      5      1     12      4     14      1      0   3965
      1    196      5      1     13      7      8      7      1   1506
      1    196      5      1     14      6      3      6      1   1178
      1    196      5      1     15      4     13      4      1   3957
      1    196      5      1     16      7     14      7      1   2043
      1    196      5      2      1      2      2      2      1   1129
      1    196      5      2      2      3      9      3      1   1127
      1    196      5      2      3      5      2      5      1   1227
      1    196      5      2      4      4     10      5      0   1560
      1    196      5      2      5      3     10      3      1   4198
      1    196      5      2      6      6      7      6      1   1695
      1    196      5      2      7      5     16      5      1   1165
      1    196      5      2      8      4     16      2      0   1777
      1    196      5      2      9      2      9      2      1    966
      1    196      5      2     10      7      4      6      0   2377
      1    196      5      2     11      1      3      4      0   2810
      1    196      5      2     12      8      9      8      1   1412
      1    196      5      2     13      8      4      8      1   2844
      1    196      5      2     14      6      5      6      1   6594
      1    196      5      2     15      1      5      7      0   5228
      1    196      5      2     16      7     12      6      0   5446
      1    196      6      1      1      6      6      6      1   5588
      1    196      6      1      2      2      4      2      1   1670
      1    196      6      1      3      8     13      8      1   1430
      1    196      6      1      4      1     14      4      0   3673
      1    196      6      1      5      4      3      1      0   1966
      1    196      6      1      6      1     11      4      0   5621
      1    196      6      1      7      2     10      2      1   1032
      1    196      6      1      8      3      2      3      1    984
      1    196      6      1      9      6      9      6      1   1225
      1    196      6      1     10      7     13      7      1   1147
      1    196      6      1     11      5      8      5      1   1246
      1    196      6      1     12      4      9      5      0   1472
      1    196      6      1     13      8     15      8      1   2123
      1    196      6      1     14      7     10      7      1   1006
      1    196      6      1     15      3      6      3      1   1098
      1    196      6      1     16      5     12      5      1   1244
      1    196      6      2      1      2      8      2      1   1013
      1    196      6      2      2      1      9      4      0   6580
      1    196      6      2      3      5      7      5      1   1310
      1    196      6      2      4      5     11      5      1   1294
      1    196      6      2      5      4      8      4      1   1777
      1    196      6      2      6      6     12      6      1  13343
      1    196      6      2      7      3     15      3      1   1344
      1    196      6      2      8      7     16      7      1   1643
      1    196      6      2      9      4      5      4      1   3927
      1    196      6      2     10      8      8      8      1   1279
      1    196      6      2     11      1     10      4      0  10411
      1    196      6      2     12      7     15      7      1   1245
      1    196      6      2     13      3     12      3      1    995
      1    196      6      2     14      6     15      6      1   7228
      1    196      6      2     15      8      5      8      1   1193
      1    196      6      2     16      2     14      4      0   6946
      1    196      7      1      1      1     14      4      0   5127
      1    196      7      1      2      3      2      3      1   1342
      1    196      7      1      3      5     14      5      1   1019
      1    196      7      1      4      2     10      2      1   1078
      1    196      7      1      5      8     13      8      1   1178
      1    196      7      1      6      1      4      4      0   6171
      1    196      7      1      7      3      6      3      1   2205
      1    196      7      1      8      4      9      4      1   1708
      1    196      7      1      9      5      9      5      1   1222
      1    196      7      1     10      6      9      6      1   1329
      1    196      7      1     11      6      3      6      1   2416
      1    196      7      1     12      2      6      2      1    964
      1    196      7      1     13      7      6      7      1   1599
      1    196      7      1     14      7      2      7      1   1453
      1    196      7      1     15      8      2      8      1   1439
      1    196      7      1     16      4     14      1      0   7439
      1    196      7      2      1      1      9      1      1  11596
      1    196      7      2      2      3     11      3      1   1044
      1    196      7      2      3      4     15      3      0   4180
      1    196      7      2      4      2      2      2      1   1077
      1    196      7      2      5      3     15      3      1    978
      1    196      7      2      6      7      7      7      1   1296
      1    196      7      2      7      5     10      5      1    960
      1    196      7      2      8      6      8      6      1   4926
      1    196      7      2      9      1      2      4      0   2110
      1    196      7      2     10      2      9      2      1    994
      1    196      7      2     11      8     14      8      1   1160
      1    196      7      2     12      7     15      7      1    945
      1    196      7      2     13      6      5      4      0   2478
      1    196      7      2     14      5      2      5      1   1226
      1    196      7      2     15      4      5      4      1   1693
      1    196      7      2     16      8      5      8      1   1076
      1    196      8      1      1      8      6      8      1   1369
      1    196      8      1      2      3      8      3      1    890
      1    196      8      1      3      4     12      1      0   2577
      1    196      8      1      4      4     11      4      1   2816
      1    196      8      1      5      6      6      6      1   2231
      1    196      8      1      6      8     15      8      1   1291
      1    196      8      1      7      2      4      2      1   1114
      1    196      8      1      8      5      6      5      1   1401
      1    196      8      1      9      6     16      6      1   2638
      1    196      8      1     10      3     16      3      1    985
      1    196      8      1     11      2     16      2      1   3698
      1    196      8      1     12      1      1      1      1   3816
      1    196      8      1     13      7     10      7      1   1941
      1    196      8      1     14      5     12      5      1   1849
      1    196      8      1     15      7      8      7      1   1273
      1    196      8      1     16      1     11      1      1   4544
      1    196      8      2      1      5      7      5      1   1381
      1    196      8      2      2      3     12      3      1   1078
      1    196      8      2      3      3     10      3      1   2428
      1    196      8      2      4      1      5      6      0  12979
      1    196      8      2      5      2     13      2      1   1211
      1    196      8      2      6      1     16      4      0   5127
      1    196      8      2      7      8      3      8      1   1043
      1    196      8      2      8      6     15      6      1   6144
      1    196      8      2      9      4     10      4      1   1749
      1    196      8      2     10      8      8      8      1   1142
      1    196      8      2     11      2      3      4      0   2993
      1    196      8      2     12      4     16      2      0   1878
      1    196      8      2     13      7      5      7      1   2010
      1    196      8      2     14      5     16      5      1   1176
      1    196      8      2     15      7     12      6      0   1745
      1    196      8      2     16      6      7      4      0   1177
      1    196      9      1      1      4      3      1      0   2606
      1    196      9      1      2      6     13      4      0   2131
      1    196      9      1      3      3     13      3      1   1031
      1    196      9      1      4      5      4      5      1   1067
      1    196      9      1      5      4     13      4      1   9011
      1    196      9      1      6      1      7      1      1   7762
      1    196      9      1      7      8     16      8      1   1696
      1    196      9      1      8      1      6      4      0   2303
      1    196      9      1      9      7     14      7      1   1275
      1    196      9      1     10      5      8      5      1   1023
      1    196      9      1     11      2      5      2      1   1914
      1    196      9      1     12      3     14      3      1   6728
      1    196      9      1     13      6     10      6      1   1152
      1    196      9      1     14      7     13      7      1   1135
      1    196      9      1     15      8     10      8      1   1206
      1    196      9      1     16      2      1      2      1   1196
      1    196      9      2      1      5      5      5      1   1297
      1    196      9      2      2      3      7      3      1   1377
      1    196      9      2      3      3      9      3      1    977
      1    196      9      2      4      4      1      1      0   8143
      1    196      9      2      5      7      4      6      0   1578
      1    196      9      2      6      6     11      6      1   1143
      1    196      9      2      7      2      8      2      1   1009
      1    196      9      2      8      8      9      8      1   1143
      1    196      9      2      9      7     16      4      0   6093
      1    196      9      2     10      1      3      1      1   4210
      1    196      9      2     11      1     10      4      0   3027
      1    196      9      2     12      8      4      8      1   1396
      1    196      9      2     13      5     11      5      1   1612
      1    196      9      2     14      6     12      6      1   3013
      1    196      9      2     15      2     14      1      0  10194
      1    196      9      2     16      4      8      4      1   1362
