      2     27      1      1      1      5     10      1      0   6327   4030
      2     27      1      1      2      5      4      5      1   3231   2599
      2     27      1      1      3      3      7      3      1   2435   2433
      2     27      1      1      4      2      4      8      0   5117   1300
      2     27      1      1      5      8      9      6      0   2726   1399
      2     27      1      1      6      7      5      7      1   2459   1274
      2     27      1      1      7      5      2      5      1   2862   1596
      2     27      1      1      8      6     15      4      0   4085   1656
      2     27      1      1      9      6     11      6      1   6408   1344
      2     27      1      1     10      1      5      1      1   3416   1332
      2     27      1      1     11      3     12      1      0   5059   1814
      2     27      1      1     12      6      3      8      0   3981   1277
      2     27      1      1     13      4      5      1      0   5490   1882
      2     27      1      1     14      7      8      5      0   7282   1239
      2     27      1      1     15      6     16      5      0   7586   2859
      2     27      1      1     16      2     14      8      0   9428    971
      2     27      1      2      1      4      1      2      0  11272     -1
      2     27      1      2      2      4     13      2      0   7403     -1
      2     27      1      2      3      8     15      2      0   4050     -1
      2     27      1      2      4      3      2      7      0   2815     -1
      2     27      1      2      5      2      2      1      0   2231     -1
      2     27      1      2      6      2     13      1      0   1514     -1
      2     27      1      2      7      5     11      5      1   3016     -1
      2     27      1      2      8      3      6      3      1   2800     -1
      2     27      1      2      9      7      6      6      0   3946     -1
      2     27      1      2     10      5     12      5      1   1194     -1
      2     27      1      2     11      6      6      8      0   7338     -1
      2     27      1      2     12      7     10      6      0   6003     -1
      2     27      1      2     13      8     13      2      0   5986     -1
      2     27      1      2     14      1      9      2      0   1481     -1
      2     27      1      2     15      1      7      7      0  11208     -1
      2     27      1      2     16      6     13      6      1   2617     -1
      2     27      2      1      1      1      4      2      0   1580   2061
      2     27      2      1      2      8     14      8      1   2563   1682
      2     27      2      1      3      8      5      8      1    900   1800
      2     27      2      1      4      6      7      7      0   2182   1332
      2     27      2      1      5      6     15      6      1   1756   6672
      2     27      2      1      6      5      4      5      1   1655   1164
      2     27      2      1      7      8      4      8      1   3676   3828
      2     27      2      1      8      4     12      2      0   1032   1704
      2     27      2      1      9      4      8      4      1    958   1331
      2     27      2      1     10      6     10      3      0   1198   1591
      2     27      2      1     11      4     14      8      0   3287   1849
      2     27      2      1     12      8      2      8      1   1293   3432
      2     27      2      1     13      2      6      1      0    860   1775
      2     27      2      1     14      2      4      2      1   1005   1326
      2     27      2      1     15      6      7      6      1   4010   1226
      2     27      2      1     16      3     14      4      0   2054   1943
      2     27      2      2      1      3     11      3      1   1652     -1
      2     27      2      2      2      5      7      5      1   2482     -1
      2     27      2      2      3      2      9      2      1   1965     -1
      2     27      2      2      4      6     12      6      1   2782     -1
      2     27      2      2      5      5      8      5      1   1298     -1
      2     27      2      2      6      7      4      1      0   7704     -1
      2     27      2      2      7      8      8      8      1   1932     -1
      2     27      2      2      8      8     16      8      1   1944     -1
      2     27      2      2      9      7      2      3      0   8568     -1
      2     27      2      2     10      1     14      4      0   5520     -1
      2     27      2      2     11      6      9      6      1   1747     -1
      2     27      2      2     12      4     16      3      0   5036     -1
      2     27      2      2     13      1      3      2      0   1665     -1
      2     27      2      2     14      3     15      1      0   1998     -1
      2     27      2      2     15      2     16      8      0   1911     -1
      2     27      2      2     16      4      9      5      0   3766     -1
      2     27      3      1      1      8     14      8      1    937   6382
      2     27      3      1      2      2      1      2      1    891   1111
      2     27      3      1      3      7     13      7      1   2510    817
      2     27      3      1      4      6     10      6      1    924   1372
      2     27      3      1      5      5     16      5      1   1174   1193
      2     27      3      1      6      3      8      7      0   3933   1299
      2     27      3      1      7      3      9      3      1    996   2441
      2     27      3      1      8      7     16      3      0   1891   3861
      2     27      3      1      9      2      1      2      1   2248   6099
      2     27      3      1     10      6     16      6      1   1394   1531
      2     27      3      1     11      3     12      3      1   1779   3215
      2     27      3      1     12      8      9      8      1   1210   3841
      2     27      3      1     13      8     10      8      1    995   1611
      2     27      3      1     14      5      5      6      0    793   1940
      2     27      3      1     15      4     15      4      1   1999   2046
      2     27      3      1     16      4     15      4      1    948   1218
      2     27      3      2      1      3     16      3      1   4287     -1
      2     27      3      2      2      3     13      7      0   2499     -1
      2     27      3      2      3      6      5      7      0   4034     -1
      2     27      3      2      4      5      9      5      1   1381     -1
      2     27      3      2      5      8      3      8      1   1398     -1
      2     27      3      2      6      7     15      7      1   6866     -1
      2     27      3      2      7      6      8      6      1   1428     -1
      2     27      3      2      8      7      7      3      0   4085     -1
      2     27      3      2      9      2      8      2      1   3216     -1
      2     27      3      2     10      1     11      1      1   3583     -1
      2     27      3      2     11      1     16      1      1   5469     -1
      2     27      3      2     12      2      5      2      1   1363     -1
      2     27      3      2     13      4      3      1      0   4034     -1
      2     27      3      2     14      5      6      5      1   1646     -1
      2     27      3      2     15      8      6      8      1   1299     -1
      2     27      3      2     16      4     10      4      1   2600     -1
      2     27      4      1      1      5      5      5      1   1196   3674
      2     27      4      1      2      1      2      1      1   3788   1454
      2     27      4      1      3      8      5      8      1   1177   1190
      2     27      4      1      4      3     12      3      1   1117   1801
      2     27      4      1      5      6      3      7      0   1021   1131
      2     27      4      1      6      2     14      4      0    867   1591
      2     27      4      1      7      1      1      1      1   1106   1325
      2     27      4      1      8      7     16      4      0   1174   1388
      2     27      4      1      9      7     14      1      0   1099   2230
      2     27      4      1     10      1      4      4      0   2791   1112
      2     27      4      1     11      1      6      1      1   1938   2171
      2     27      4      1     12      6      7      6      1   1244   2214
      2     27      4      1     13      3      7      7      0   4993   2161
      2     27      4      1     14      3      9      3      1    846   8639
      2     27      4      1     15      3     14      3      1    798    969
      2     27      4      1     16      3     12      3      1   1068   1264
      2     27      4      2      1      5     12      5      1   1551     -1
      2     27      4      2      2      7      2      7      1   7370     -1
      2     27      4      2      3      3      2      7      0   3350     -1
      2     27      4      2      4      6      6      7      0   7487     -1
      2     27      4      2      5      4     16      4      1   1766     -1
      2     27      4      2      6      6      5      7      0   3666     -1
      2     27      4      2      7      1     16      1      1   2599     -1
      2     27      4      2      8      8     13      8      1   1326     -1
      2     27      4      2      9      5      9      5      1   1031     -1
      2     27      4      2     10      4      3      1      0   5153     -1
      2     27      4      2     11      7      7      7      1   2884     -1
      2     27      4      2     12      3     11      1      0   1481     -1
      2     27      4      2     13      2     13      2      1   3183     -1
      2     27      4      2     14      8      3      8      1   1064     -1
      2     27      4      2     15      1     11      7      0   5269     -1
      2     27      4      2     16      2      8      2      1   2366     -1
      2     27      5      1      1      1      1      3      0   2313   4798
      2     27      5      1      2      4      8      1      0    897   2304
      2     27      5      1      3      4      5      7      0   5739   1605
      2     27      5      1      4      3     12      1      0    843   2361
      2     27      5      1      5      8     10      8      1   1304   5081
      2     27      5      1      6      5     14      5      1    754   1130
      2     27      5      1      7      2      3      1      0   1688   1886
      2     27      5      1      8      1      6      1      1   1090   1064
      2     27      5      1      9      2      6      2      1    973   1874
      2     27      5      1     10      2      4      2      1    823   1696
      2     27      5      1     11      6     10      7      0    707    852
      2     27      5      1     12      7     13      7      1    767    712
      2     27      5      1     13      6     10      6      1    725    671
      2     27      5      1     14      5      5      5      1   1121   1049
      2     27      5      1     15      4     14      4      1    928   1188
      2     27      5      1     16      6     16      7      0    989   1032
      2     27      5      2      1      8     16      8      1   1051     -1
      2     27      5      2      2      3     16      3      1   5486     -1
      2     27      5      2      3      7     15      7      1   1664     -1
      2     27      5      2      4      6     12      6      1   1883     -1
      2     27      5      2      5      4      9      2      0  12525     -1
      2     27      5      2      6      7     10      7      1   1681     -1
      2     27      5      2      7      3     13      3      1   5464     -1
      2     27      5      2      8      4      1      1      0   2499     -1
      2     27      5      2      9      1      7      3      0   7904     -1
      2     27      5      2     10      2      2      2      1   1498     -1
      2     27      5      2     11      6      9      6      1   1366     -1
      2     27      5      2     12      8     15      8      1   1264     -1
      2     27      5      2     13      1      3      2      0   1580     -1
      2     27      5      2     14      5     11      5      1   1047     -1
      2     27      5      2     15      2      9      2      1   1548     -1
      2     27      5      2     16      5      7      5      1   1415     -1
      2     27      6      1      1      8     14      8      1   1213   3982
      2     27      6      1      2      2     14      4      0   2078   1804
      2     27      6      1      3      3      8      1      0   1416   4715
      2     27      6      1      4      3     14      3      1    781    991
      2     27      6      1      5      6     11      6      1   1054   2073
      2     27      6      1      6      8     10      8      1   1725   1012
      2     27      6      1      7      8      2      8      1   1264   6079
      2     27      6      1      8      3      8      3      1   1602   1280
      2     27      6      1      9      7     13      7      1    906    918
      2     27      6      1     10      2      1      2      1    977    687
      2     27      6      1     11      3     10      1      0    844   1662
      2     27      6      1     12      1      6      1      1   1095   2978
      2     27      6      1     13      5     14      5      1   1064   4420
      2     27      6      1     14      3      9      3      1   2049   2699
      2     27      6      1     15      4      8      1      0   1190   1274
      2     27      6      1     16      1     10      4      0    760   3417
      2     27      6      2      1      2     16      4      0   2936     -1
      2     27      6      2      2      4     10      2      0   3968     -1
      2     27      6      2      3      1     14      3      0   4252     -1
      2     27      6      2      4      3      6      7      0   1548     -1
      2     27      6      2      5      5      6      5      1   1232     -1
      2     27      6      2      6      4     13      4      1   1481     -1
      2     27      6      2      7      6     13      6      1   1745     -1
      2     27      6      2      8      3     15      3      1   3718     -1
      2     27      6      2      9      7      4      7      1   1664     -1
      2     27      6      2     10      7      6      7      1   1481     -1
      2     27      6      2     11      2      5      2      1   1215     -1
      2     27      6      2     12      8      8      8      1   1082     -1
      2     27      6      2     13      1      9      1      1   4001     -1
      2     27      6      2     14      6      8      6      1   1449     -1
      2     27      6      2     15      5      8      5      1   4385     -1
      2     27      6      2     16      8      6      8      1   1281     -1
      2     27      7      1      1      5      5      5      1    966   1777
      2     27      7      1      2      8      4      8      1    855   1237
      2     27      7      1      3      2     14      4      0    877    864
      2     27      7      1      4      4     14      2      0    910   1597
      2     27      7      1      5      4     15      4      1   1460   2329
      2     27      7      1      6      6      3      6      1   1366   1151
      2     27      7      1      7      3      9      7      0    870   2108
      2     27      7      1      8      6      7      6      1   1024   1876
      2     27      7      1      9      7     12      7      1    941   2120
      2     27      7      1     10      7     16      7      1    793   1613
      2     27      7      1     11      6     16      6      1    869   1132
      2     27      7      1     12      1      6      1      1   1053   2189
      2     27      7      1     13      2     14      2      1   1051   3068
      2     27      7      1     14      4     14      4      1    765   1331
      2     27      7      1     15      1      1      3      0    663   2056
      2     27      7      1     16      7     12      7      1   1095   1675
      2     27      7      2      1      4     10      2      0   7473     -1
      2     27      7      2      2      1     11      3      0   7555     -1
      2     27      7      2      3      4      9      5      0   3867     -1
      2     27      7      2      4      1      7      7      0   2277     -1
      2     27      7      2      5      3     16      3      1   1598     -1
      2     27      7      2      6      5      6      5      1   1098     -1
      2     27      7      2      7      6      8      6      1   1698     -1
      2     27      7      2      8      8     16      8      1   1527     -1
      2     27      7      2      9      6      5      6      1   1997     -1
      2     27      7      2     10      7      6      7      1   1364     -1
      2     27      7      2     11      3     13      7      0   1431     -1
      2     27      7      2     12      5      7      5      1   1349     -1
      2     27      7      2     13      7      7      7      1   1549     -1
      2     27      7      2     14      2     16      2      1   2716     -1
      2     27      7      2     15      8     13      8      1   1365     -1
      2     27      7      2     16      2      8      2      1   2267     -1
      2     27      8      1      1      6     10      6      1   5433   1070
      2     27      8      1      2      7     13      7      1   3308   1243
      2     27      8      1      3      2      1      2      1   1405   1131
      2     27      8      1      4      3     10      3      1   1224   1062
      2     27      8      1      5      8     14      8      1    966    957
      2     27      8      1      6      2      3      3      0   1651    858
      2     27      8      1      7      8      2      8      1    998   1445
      2     27      8      1      8      1      6      1      1   1011   1156
      2     27      8      1      9      2      1      2      1    689   2919
      2     27      8      1     10      4     11      2      0    888   1324
      2     27      8      1     11      1     10      3      0    779   1693
      2     27      8      1     12      3     12      3      1   1170   1571
      2     27      8      1     13      6      3      6      1    972   1861
      2     27      8      1     14      1      1      3      0   1000    908
      2     27      8      1     15      1      4      1      1   1315   2617
      2     27      8      1     16      8      5      8      1    805   1130
      2     27      8      2      1      6     13      6      1   1919     -1
      2     27      8      2      2      6     12      6      1   2817     -1
      2     27      8      2      3      3      6      7      0   1198     -1
      2     27      8      2      4      3      2      7      0   1193     -1
      2     27      8      2      5      8      3      8      1   1111     -1
      2     27      8      2      6      1     16      7      0   3300     -1
      2     27      8      2      7      4     13      4      1   1829     -1
      2     27      8      2      8      5      8      5      1   1231     -1
      2     27      8      2      9      8      8      8      1   1198     -1
      2     27      8      2     10      7     10      7      1   1495     -1
      2     27      8      2     11      2      9      2      1   2816     -1
      2     27      8      2     12      7     15      7      1   1499     -1
      2     27      8      2     13      5     11      5      1   1097     -1
      2     27      8      2     14      4      1      1      0   1933     -1
      2     27      8      2     15      2     13      2      1   5118     -1
      2     27      8      2     16      1      9      1      1   1682     -1
      2     27      9      1      1      5     14      5      1   1396   1358
      2     27      9      1      2      1      1      4      0   1818   1783
      2     27      9      1      3      1      1      1      1   1341   1143
      2     27      9      1      4      3     12      3      1   1377   1629
      2     27      9      1      5      2     14      2      1   1643   2036
      2     27      9      1      6      4     14      4      1    778    911
      2     27      9      1      7      4     15      4      1    779    862
      2     27      9      1      8      2      1      2      1    638    982
      2     27      9      1      9      1      6      1      1   1092   2280
      2     27      9      1     10      3      8      7      0   1957   1503
      2     27      9      1     11      3      7      3      1    737   3244
      2     27      9      1     12      2      3      3      0   1003   4090
      2     27      9      1     13      7     14      7      1   1122   1633
      2     27      9      1     14      3      7      3      1    745   2083
      2     27      9      1     15      3     14      3      1    836   1001
      2     27      9      1     16      1      5      3      0    765   1298
      2     27      9      2      1      5      9      5      1   2152     -1
      2     27      9      2      2      6      6      7      0   5019     -1
      2     27      9      2      3      2      2      2      1   1182     -1
      2     27      9      2      4      3     15      3      1   1449     -1
      2     27      9      2      5      4     16      4      1   1748     -1
      2     27      9      2      6      6      9      6      1   1766     -1
      2     27      9      2      7      1      3      2      0   8021     -1
      2     27      9      2      8      7      4      3      0   2550     -1
      2     27      9      2      9      3     11      3      1   1448     -1
      2     27      9      2     10      7      2      7      1   1833     -1
      2     27      9      2     11      4      3      1      0   5169     -1
      2     27      9      2     12      8      6      8      1   1449     -1
      2     27      9      2     13      8     15      8      1   1481     -1
      2     27      9      2     14      2      5      2      1   1277     -1
      2     27      9      2     15      5     12      5      1   1198     -1
      2     27      9      2     16      1     14      3      0   7487     -1
