      2     70      1      1      1      7     13      4      0   7837   3073
      2     70      1      1      2      6     11      1      0   2089   4817
      2     70      1      1      3      5     16      5      1   3235   2058
      2     70      1      1      4      7     16      8      0   2900   5812
      2     70      1      1      5      5      8      3      0   3010   1796
      2     70      1      1      6      8     16      3      0   2588   1912
      2     70      1      1      7      7     13      8      0   1782   1473
      2     70      1      1      8      3     10      7      0    911    705
      2     70      1      1      9      7      2      2      0   1067    850
      2     70      1      1     10      1      5      1      1   1147   1083
      2     70      1      1     11      2      2      4      0   1674   1399
      2     70      1      1     12      8     13      1      0   1532    782
      2     70      1      1     13      3      7      7      0    951    946
      2     70      1      1     14      1      9      2      0   1055   1205
      2     70      1      1     15      6     13      6      1   1093   1200
      2     70      1      1     16      7     16      5      0   1373    777
      2     70      1      2      1      4     10      3      0   2459     -1
      2     70      1      2      2      1     16      2      0   1876     -1
      2     70      1      2      3      3      6      3      1   3406     -1
      2     70      1      2      4      6      9      7      0   1992     -1
      2     70      1      2      5      2      8      5      0   2657     -1
      2     70      1      2      6      5     14      3      0   2692     -1
      2     70      1      2      7      3     13      1      0   1793     -1
      2     70      1      2      8      6     10      8      0   1843     -1
      2     70      1      2      9      7      6      6      0   2158     -1
      2     70      1      2     10      8      2      4      0   2559     -1
      2     70      1      2     11      4     15      2      0   2193     -1
      2     70      1      2     12      7     12      7      1   2725     -1
      2     70      1      2     13      2      1      1      0   3159     -1
      2     70      1      2     14      8      5      6      0   4226     -1
      2     70      1      2     15      1      4      3      0   8642     -1
      2     70      1      2     16      5     12      3      0   2109     -1
      2     70      2      1      1      5      7      2      0    939   1514
      2     70      2      1      2      6     15      6      1    960    788
      2     70      2      1      3      7     13      3      0   1529    855
      2     70      2      1      4      1      9      2      0    955   1155
      2     70      2      1      5      1     11      6      0   1263    855
      2     70      2      1      6      5      4      7      0    628    887
      2     70      2      1      7      2      4      3      0   1209   1593
      2     70      2      1      8      6     16      7      0    803    847
      2     70      2      1      9      4     13      2      0   1714   1098
      2     70      2      1     10      8      3      6      0   1207   1413
      2     70      2      1     11      7     13      7      1    956   1565
      2     70      2      1     12      2      4      2      1   2242   1022
      2     70      2      1     13      4     11      2      0   3008   1119
      2     70      2      1     14      6      8      5      0   1430    657
      2     70      2      1     15      4      3      2      0   1516    555
      2     70      2      1     16      1      9      4      0    888   1631
      2     70      2      2      1      5      2      3      0   3396     -1
      2     70      2      2      2      2      6      4      0   4041     -1
      2     70      2      2      3      7      4      6      0   4580     -1
      2     70      2      2      4      3      8      7      0   2592     -1
      2     70      2      2      5      6      3      7      0   3509     -1
      2     70      2      2      6      5      9      5      1   1395     -1
      2     70      2      2      7      7      7      8      0   3275     -1
      2     70      2      2      8      2     13      1      0   2358     -1
      2     70      2      2      9      4      8      2      0   1708     -1
      2     70      2      2     10      1     10      2      0   1640     -1
      2     70      2      2     11      4     16      4      1   1374     -1
      2     70      2      2     12      6     12      7      0   1977     -1
      2     70      2      2     13      8      8      2      0   2343     -1
      2     70      2      2     14      8     10      1      0   1825     -1
      2     70      2      2     15      3     14      8      0   1526     -1
      2     70      2      2     16      1      3      2      0   1342     -1
      2     70      3      1      1      6      7      4      0   1207   1184
      2     70      3      1      2      1      6      6      0    730   1015
      2     70      3      1      3      4     11      5      0    959    872
      2     70      3      1      4      4      3      2      0   1119    717
      2     70      3      1      5      2      3      4      0    855   2070
      2     70      3      1      6      2      2      4      0    943    968
      2     70      3      1      7      4     12      4      1    753    995
      2     70      3      1      8      1      9      4      0    770   1419
      2     70      3      1      9      3      7      7      0   1125   2513
      2     70      3      1     10      3     12      3      1    704    797
      2     70      3      1     11      3      9      1      0   1276   2445
      2     70      3      1     12      3     11      3      1   1025   1020
      2     70      3      1     13      5      6      7      0    895   1017
      2     70      3      1     14      6      8      6      1   1009   1004
      2     70      3      1     15      6     13      6      1   1705   1335
      2     70      3      1     16      5      7      5      1    691   1314
      2     70      3      2      1      8     14      4      0   3046     -1
      2     70      3      2      2      2      9      2      1   2063     -1
      2     70      3      2      3      3     16      1      0   3459     -1
      2     70      3      2      4      3     15      3      1   1458     -1
      2     70      3      2      5      5     10      5      1   1260     -1
      2     70      3      2      6      7     14      8      0   2109     -1
      2     70      3      2      7      4      1      3      0   2077     -1
      2     70      3      2      8      4      5      7      0   3042     -1
      2     70      3      2      9      1      7      6      0   1675     -1
      2     70      3      2     10      6      6      3      0   3041     -1
      2     70      3      2     11      7     10      6      0   2276     -1
      2     70      3      2     12      2     16      4      0   1577     -1
      2     70      3      2     13      1      1      1      1   2762     -1
      2     70      3      2     14      8      9      3      0   3175     -1
      2     70      3      2     15      5     11      5      1   1175     -1
      2     70      3      2     16      6      5      3      0   1740     -1
      2     70      4      1      1      5      8      5      1    887   2406
      2     70      4      1      2      7     13      7      1    662   6963
      2     70      4      1      3      7     15      7      1    935    652
      2     70      4      1      4      6     11      6      1   1121   1090
      2     70      4      1      5      1     11      2      0   1166   1389
      2     70      4      1      6      4      3      2      0    691   1071
      2     70      4      1      7      1      9      4      0    634    751
      2     70      4      1      8      7     16      5      0   1372    860
      2     70      4      1      9      8      6      8      1    621   2010
      2     70      4      1     10      8     13      8      1   1200   2013
      2     70      4      1     11      1      9      1      1    963   1114
      2     70      4      1     12      3      7      6      0    910    693
      2     70      4      1     13      8      4      8      1   1706   1186
      2     70      4      1     14      8     16      8      1    871    845
      2     70      4      1     15      2      2      2      1    791   1023
      2     70      4      1     16      2      4      4      0   1136    995
      2     70      4      2      1      3      8      7      0   2813     -1
      2     70      4      2      2      3      6      4      0   1908     -1
      2     70      4      2      3      2      1      2      1   2209     -1
      2     70      4      2      4      5     11      5      1   1175     -1
      2     70      4      2      5      5      2      5      1   1391     -1
      2     70      4      2      6      8     10      8      1   1325     -1
      2     70      4      2      7      6      9      6      1   1942     -1
      2     70      4      2      8      7     12      7      1   2959     -1
      2     70      4      2      9      7     14      3      0   1909     -1
      2     70      4      2     10      2      8      1      0   2558     -1
      2     70      4      2     11      4     10      3      0   3325     -1
      2     70      4      2     12      6     10      7      0   3595     -1
      2     70      4      2     13      8     14      8      1   1110     -1
      2     70      4      2     14      4     15      1      0   2194     -1
      2     70      4      2     15      1     10      4      0   2842     -1
      2     70      4      2     16      1      1      3      0   1563     -1
      2     70      5      1      1      5      7      5      1   1475    607
      2     70      5      1      2      5      4      5      1    812    949
      2     70      5      1      3      3     10      3      1    807    695
      2     70      5      1      4      5      5      5      1   1252    881
      2     70      5      1      5      4     14      4      1   1338   1006
      2     70      5      1      6      2     10      4      0    995    954
      2     70      5      1      7      3     11      3      1   1264   1457
      2     70      5      1      8      6     15      6      1   1836    961
      2     70      5      1      9      4     13      3      0   3638   2661
      2     70      5      1     10      6     13      3      0   2105   2040
      2     70      5      1     11      3     12      3      1    970   2600
      2     70      5      1     12      3      7      3      1   1118   1422
      2     70      5      1     13      6     16      6      1    780    852
      2     70      5      1     14      8      4      8      1    771   1467
      2     70      5      1     15      8      6      8      1    738    911
      2     70      5      1     16      4     13      4      1    668   1323
      2     70      5      2      1      1     16      1      1   3145     -1
      2     70      5      2      2      2     16      4      0   3525     -1
      2     70      5      2      3      5     14      5      1   1358     -1
      2     70      5      2      4      4      5      3      0   5008     -1
      2     70      5      2      5      3     13      6      0   1709     -1
      2     70      5      2      6      1      3      2      0   1724     -1
      2     70      5      2      7      4      1      1      0   4441     -1
      2     70      5      2      8      8      9      8      1   1124     -1
      2     70      5      2      9      3     15      3      1   2243     -1
      2     70      5      2     10      7     10      7      1   1110     -1
      2     70      5      2     11      6     12      6      1   1376     -1
      2     70      5      2     12      2      6      2      1   3174     -1
      2     70      5      2     13      5     10      5      1   1142     -1
      2     70      5      2     14      6      6      7      0   2892     -1
      2     70      5      2     15      8      2      8      1   1262     -1
      2     70      5      2     16      7      4      6      0   2324     -1
      2     70      6      1      1      6     15      6      1    836   1076
      2     70      6      1      2      6      7      6      1    958   1037
      2     70      6      1      3      1      2      8      0   1184    634
      2     70      6      1      4      3      9      3      1    875    808
      2     70      6      1      5      8      4      8      1    956    796
      2     70      6      1      6      6     16      6      1    744   1004
      2     70      6      1      7      8     13      8      1   1136   1026
      2     70      6      1      8      3      7      3      1   1017    879
      2     70      6      1      9      1      9      2      0   1209    972
      2     70      6      1     10      6     13      6      1    823    808
      2     70      6      1     11      7     16      7      1   2875    760
      2     70      6      1     12      8      3      8      1    828   1080
      2     70      6      1     13      4     13      4      1    895    822
      2     70      6      1     14      5     16      5      1    779    887
      2     70      6      1     15      6     11      6      1    671   1075
      2     70      6      1     16      5      5      5      1    819    650
      2     70      6      2      1      3     14      1      0   2479     -1
      2     70      6      2      2      5     12      5      1    841     -1
      2     70      6      2      3      6      5      6      1   1241     -1
      2     70      6      2      4      1      4      1      1   2922     -1
      2     70      6      2      5      6      3      7      0   1758     -1
      2     70      6      2      6      2      9      2      1   1862     -1
      2     70      6      2      7      4      8      3      0   2758     -1
      2     70      6      2      8      7      7      7      1   1408     -1
      2     70      6      2      9      5      9      5      1   1627     -1
      2     70      6      2     10      3     16      3      1   4726     -1
      2     70      6      2     11      8      5      8      1   1041     -1
      2     70      6      2     12      2     13      4      0   1258     -1
      2     70      6      2     13      4     16      4      1    959     -1
      2     70      6      2     14      8      8      8      1   1144     -1
      2     70      6      2     15      7      6      7      1   1909     -1
      2     70      6      2     16      1      7      1      1   2141     -1
      2     70      7      1      1      1      2      8      0    888   1107
      2     70      7      1      2      7     15      7      1    888   1006
      2     70      7      1      3      2     10      4      0    933    883
      2     70      7      1      4      6     16      6      1    641    743
      2     70      7      1      5      4      3      2      0   1102    847
      2     70      7      1      6      7      5      7      1   1261    839
      2     70      7      1      7      6      7      6      1    872    680
      2     70      7      1      8      6      8      6      1   1626    856
      2     70      7      1      9      8      6      8      1    726   1755
      2     70      7      1     10      3     10      3      1   1336    782
      2     70      7      1     11      6     15      6      1    714    622
      2     70      7      1     12      8     15      8      1    660    494
      2     70      7      1     13      3      2      7      0   1689    648
      2     70      7      1     14      1      5      1      1   2061    869
      2     70      7      1     15      7      2      7      1    932   1077
      2     70      7      1     16      5      4      5      1    623    926
      2     70      7      2      1      6      9      6      1   5814     -1
      2     70      7      2      2      3     15      1      0   3260     -1
      2     70      7      2      3      2     16      4      0    942     -1
      2     70      7      2      4      8     10      8      1   1226     -1
      2     70      7      2      5      2      6      2      1   3439     -1
      2     70      7      2      6      6     12      1      0   5942     -1
      2     70      7      2      7      5      2      5      1    891     -1
      2     70      7      2      8      1     10      3      0   2575     -1
      2     70      7      2      9      1      7      1      1   2958     -1
      2     70      7      2     10      5     10      5      1   1526     -1
      2     70      7      2     11      7     12      6      0   4828     -1
      2     70      7      2     12      4      5      3      0   2709     -1
      2     70      7      2     13      3     16      3      1   3810     -1
      2     70      7      2     14      8      5      8      1    959     -1
      2     70      7      2     15      7     14      7      1   1126     -1
      2     70      7      2     16      4     16      4      1   1110     -1
      2     70      8      1      1      5      4      5      1    940   2676
      2     70      8      1      2      5      7      6      0   2156    812
      2     70      8      1      3      1      6      1      1   1794   1346
      2     70      8      1      4      4      9      6      0   1535    995
      2     70      8      1      5      2      5      2      1   1516    868
      2     70      8      1      6      3     11      1      0   1246    688
      2     70      8      1      7      2      3      1      0   2431    835
      2     70      8      1      8      4     11      1      0   2154    863
      2     70      8      1      9      8     16      8      1    813    771
      2     70      8      1     10      3     12      3      1   1159    871
      2     70      8      1     11      5      6      5      1   1102    814
      2     70      8      1     12      7      8      7      1   1266   1783
      2     70      8      1     13      3      9      3      1   2031   2524
      2     70      8      1     14      5      8      5      1    718    898
      2     70      8      1     15      4     12      2      0   1684    768
      2     70      8      1     16      2      3      2      1   1262   3460
      2     70      8      2      1      5     11      5      1    863     -1
      2     70      8      2      2      3      8      7      0   1925     -1
      2     70      8      2      3      4      8      3      0   1976     -1
      2     70      8      2      4      1      3      2      0   2359     -1
      2     70      8      2      5      8      8      8      1   1141     -1
      2     70      8      2      6      7      4      6      0   1943     -1
      2     70      8      2      7      6      3      7      0   1709     -1
      2     70      8      2      8      1      4      3      0   3077     -1
      2     70      8      2      9      4     15      4      1   1727     -1
      2     70      8      2     10      8      9      8      1    964     -1
      2     70      8      2     11      3      6      7      0   2493     -1
      2     70      8      2     12      2      9      2      1   1676     -1
      2     70      8      2     13      5      9      5      1   1129     -1
      2     70      8      2     14      2      1      2      1   2275     -1
      2     70      8      2     15      7     10      7      1   1425     -1
      2     70      8      2     16      6      5      6      1   1192     -1
      2     70      9      1      1      4     12      4      1   1086   1859
      2     70      9      1      2      7     13      7      1    898   1015
      2     70      9      1      3      1     14      1      1    924   1071
      2     70      9      1      4      1     11      1      1   1046   1278
      2     70      9      1      5      8      4      8      1    898    967
      2     70      9      1      6      4     14      4      1   1769    944
      2     70      9      1      7      2      2      2      1    872   1155
      2     70      9      1      8      2     14      4      0    871   1008
      2     70      9      1      9      2      4      4      0   1184   1274
      2     70      9      1     10      6     15      6      1    607   1006
      2     70      9      1     11      2      2      2      1   2036    665
      2     70      9      1     12      6     11      6      1   1446   2229
      2     70      9      1     13      5      4      5      1   1100   1423
      2     70      9      1     14      8     16      8      1   1290   1759
      2     70      9      1     15      4     12      4      1   1099   5355
      2     70      9      1     16      3     10      3      1   1392    612
      2     70      9      2      1      4      1      3      0   2932     -1
      2     70      9      2      2      6     10      7      0   1327     -1
      2     70      9      2      3      7      6      6      0   1378     -1
      2     70      9      2      4      5     12      5      1   1209     -1
      2     70      9      2      5      2     13      4      0   1209     -1
      2     70      9      2      6      6      6      7      0   2528     -1
      2     70      9      2      7      3     14      3      1   2092     -1
      2     70      9      2      8      3     13      6      0   2963     -1
      2     70      9      2      9      5     14      5      1   1608     -1
      2     70      9      2     10      8      2      8      1   4059     -1
      2     70      9      2     11      4     10      3      0   2926     -1
      2     70      9      2     12      8     14      8      1   1392     -1
      2     70      9      2     13      1     16      1      1   2977     -1
      2     70      9      2     14      7      7      3      0   2344     -1
      2     70      9      2     15      1      1      3      0   1942     -1
      2     70      9      2     16      2      8      4      0   1075     -1
