      2     84      1      1      1      6     10      3      0   1813   2661
      2     84      1      1      2      5      2      5      1   1616   3535
      2     84      1      1      3      3     14      2      0   1859   2054
      2     84      1      1      4      3      2      8      0   2068   5158
      2     84      1      1      5      5     12      5      1    981   3438
      2     84      1      1      6      6      9      6      1    831   1261
      2     84      1      1      7      2      8      1      0   1450   1733
      2     84      1      1      8      2      5      2      1   1142   1316
      2     84      1      1      9      7      2      6      0   3532   1096
      2     84      1      1     10      6      7      7      0    682   1227
      2     84      1      1     11      8      3      4      0   1125   1692
      2     84      1      1     12      8      6      8      1   1099   1505
      2     84      1      1     13      5      6      1      0   1142   2855
      2     84      1      1     14      2      1      2      1   1028   1378
      2     84      1      1     15      8      2      8      1    887   1352
      2     84      1      1     16      1      4      8      0   1828   1476
      2     84      1      2      1      8     13      8      1   2918     -1
      2     84      1      2      2      2      4      2      1   1407     -1
      2     84      1      2      3      6      3      7      0   3192     -1
      2     84      1      2      4      1     16      3      0   1575     -1
      2     84      1      2      5      2      6      2      1   1096     -1
      2     84      1      2      6      3     13      3      1   1407     -1
      2     84      1      2      7      8     16      8      1   2991     -1
      2     84      1      2      8      7     16      6      0   1626     -1
      2     84      1      2      9      5     11      5      1   1094     -1
      2     84      1      2     10      4      8      2      0   1592     -1
      2     84      1      2     11      3     10      3      1    976     -1
      2     84      1      2     12      7      5      4      0   1709     -1
      2     84      1      2     13      6      8      5      0   2690     -1
      2     84      1      2     14      4     16      2      0   1375     -1
      2     84      1      2     15      5      5      5      1   1425     -1
      2     84      1      2     16      1      7      3      0   1293     -1
      2     84      2      1      1      6     16      4      0   1064   2859
      2     84      2      1      2      6     13      6      1   1736   1400
      2     84      2      1      3      6     10      6      1    937    777
      2     84      2      1      4      1     11      4      0    818   1030
      2     84      2      1      5      1      5      1      1   1070   1617
      2     84      2      1      6      2      1      1      0   1431   1555
      2     84      2      1      7      1      4      1      1   1053    938
      2     84      2      1      8      6      9      7      0    798   4735
      2     84      2      1      9      6     13      7      0    927   1460
      2     84      2      1     10      7      8      7      1    860   2330
      2     84      2      1     11      8      9      4      0    843   1934
      2     84      2      1     12      1      3      4      0   1039    975
      2     84      2      1     13      1      6      1      1    877    707
      2     84      2      1     14      5      6      4      0    942   1577
      2     84      2      1     15      2     16      4      0    737   1451
      2     84      2      1     16      3      2      3      1    855   1400
      2     84      2      2      1      8     15      8      1   2428     -1
      2     84      2      2      2      4      9      1      0   2492     -1
      2     84      2      2      3      4      1      3      0   1192     -1
      2     84      2      2      4      3     15      3      1   2308     -1
      2     84      2      2      5      2      3      1      0   1708     -1
      2     84      2      2      6      1     14      1      1   2258     -1
      2     84      2      2      7      7     14      7      1   1525     -1
      2     84      2      2      8      3     12      3      1   1175     -1
      2     84      2      2      9      6      5      4      0   3924     -1
      2     84      2      2     10      6      6      7      0   3491     -1
      2     84      2      2     11      2      2      2      1   1524     -1
      2     84      2      2     12      1     10      1      1   1591     -1
      2     84      2      2     13      5     10      5      1   1307     -1
      2     84      2      2     14      7     13      7      1   1525     -1
      2     84      2      2     15      5     14      5      1   1193     -1
      2     84      2      2     16      8     10      4      0   2958     -1
      2     84      3      1      1      4     15      4      1   1304  14430
      2     84      3      1      2      4     13      4      1    948   2323
      2     84      3      1      3      2     13      4      0    691   4542
      2     84      3      1      4      3      7      3      1    780   3078
      2     84      3      1      5      6     16      4      0    826    969
      2     84      3      1      6      3      7      3      1   1232   1098
      2     84      3      1      7      7      8      7      1   1018   5974
      2     84      3      1      8      8      5      4      0   1160   1411
      2     84      3      1      9      4     15      4      1    917   3323
      2     84      3      1     10      2      1      1      0   1269    763
      2     84      3      1     11      8      2      8      1   1726   2627
      2     84      3      1     12      4     11      1      0   1027   1279
      2     84      3      1     13      1      6      4      0   1443   1626
      2     84      3      1     14      1      5      1      1   1087   1470
      2     84      3      1     15      1      3      1      1   1237   1075
      2     84      3      1     16      7     12      3      0    948   1294
      2     84      3      2      1      1      9      1      1   3295     -1
      2     84      3      2      2      7     10      7      1   1559     -1
      2     84      3      2      3      7     15      7      1   5125     -1
      2     84      3      2      4      8      8      8      1   1626     -1
      2     84      3      2      5      2     14      4      0   1476     -1
      2     84      3      2      6      4     10      4      1   1893     -1
      2     84      3      2      7      5      8      5      1   1308     -1
      2     84      3      2      8      6     15      5      0   2143     -1
      2     84      3      2      9      2     10      2      1   2626     -1
      2     84      3      2     10      3     16      3      1   1508     -1
      2     84      3      2     11      3      8      3      1   1291     -1
      2     84      3      2     12      5      7      5      1   1159     -1
      2     84      3      2     13      1      1      3      0   2409     -1
      2     84      3      2     14      4     14      2      0   3459     -1
      2     84      3      2     15      8     14      8      1   1141     -1
      2     84      3      2     16      6     12      5      0   2225     -1
      2     84      4      1      1      6     10      6      1    970  14267
      2     84      4      1      2      4     11      2      0    859   2821
      2     84      4      1      3      4     15      4      1   2254    661
      2     84      4      1      4      5      6      5      1    923    828
      2     84      4      1      5      5     12      5      1    843    968
      2     84      4      1      6      5     16      5      1    944   1246
      2     84      4      1      7      6      7      7      0   2327   1148
      2     84      4      1      8      6     13      7      0   1219   1600
      2     84      4      1      9      4     12      1      0   1897   1261
      2     84      4      1     10      2      1      1      0    835    698
      2     84      4      1     11      1      6      1      1    766   1323
      2     84      4      1     12      8      9      8      1   1612   1636
      2     84      4      1     13      2      5      2      1    958   1922
      2     84      4      1     14      1      4      4      0   2036   1027
      2     84      4      1     15      4     15      4      1   1002   1240
      2     84      4      1     16      2     16      4      0    731   2227
      2     84      4      2      1      1      7      3      0   1378     -1
      2     84      4      2      2      3     13      3      1   1193     -1
      2     84      4      2      3      8     14      8      1   1175     -1
      2     84      4      2      4      4      1      3      0   1409     -1
      2     84      4      2      5      3     15      3      1   1541     -1
      2     84      4      2      6      5     11      5      1    942     -1
      2     84      4      2      7      5     14      5      1   1475     -1
      2     84      4      2      8      1     16      3      0   1291     -1
      2     84      4      2      9      7      5      7      1   5161     -1
      2     84      4      2     10      2     14      2      1   4826     -1
      2     84      4      2     11      4      8      1      0   2143     -1
      2     84      4      2     12      7     10      7      1   2191     -1
      2     84      4      2     13      8     13      8      1   1108     -1
      2     84      4      2     14      2      4      2      1   1841     -1
      2     84      4      2     15      6     12      7      0   2041     -1
      2     84      4      2     16      6     15      5      0   1463     -1
      2     84      5      1      1      3      2      3      1   1276   8589
      2     84      5      1      2      3      7      3      1   1026   2818
      2     84      5      1      3      3      6      3      1   1603   3369
      2     84      5      1      4      4     13      4      1    934   2455
      2     84      5      1      5      2     13      1      0    945   1821
      2     84      5      1      6      2     16      2      1    641    594
      2     84      5      1      7      8      2      8      1   1264   1029
      2     84      5      1      8      7      4      3      0   1111   2373
      2     84      5      1      9      6     10      6      1    709    594
      2     84      5      1     10      6      9      6      1   1118   1109
      2     84      5      1     11      3      2      3      1    871   3069
      2     84      5      1     12      6     16      5      0   1772   2072
      2     84      5      1     13      2      5      2      1    873   2877
      2     84      5      1     14      2      1      2      1    854   2103
      2     84      5      1     15      4     11      1      0    777   1658
      2     84      5      1     16      1      6      1      1   1141   1007
      2     84      5      2      1      3     10      3      1   1712     -1
      2     84      5      2      2      3     12      3      1   1242     -1
      2     84      5      2      3      4     14      4      1   1842     -1
      2     84      5      2      4      2      6      2      1   1509     -1
      2     84      5      2      5      6      8      6      1   3625     -1
      2     84      5      2      6      4     16      4      1   6559     -1
      2     84      5      2      7      1     14      1      1   3842     -1
      2     84      5      2      8      2      2      2      1   1175     -1
      2     84      5      2      9      5      7      5      1   1007     -1
      2     84      5      2     10      7     16      7      1   1762     -1
      2     84      5      2     11      8     15      8      1   1258     -1
      2     84      5      2     12      8     10      8      1   1459     -1
      2     84      5      2     13      7     13      7      1   1407     -1
      2     84      5      2     14      6      3      6      1   1324     -1
      2     84      5      2     15      5      8      5      1   1025     -1
      2     84      5      2     16      1     10      1      1   2891     -1
      2     84      6      1      1      5     16      5      1   1723   1901
      2     84      6      1      2      3      9      3      1    827   1249
      2     84      6      1      3      6      9      6      1    897   1128
      2     84      6      1      4      8      2      8      1    947    980
      2     84      6      1      5      3     14      3      1   1121   1331
      2     84      6      1      6      1      2      1      1   2468    994
      2     84      6      1      7      3      2      3      1    992   1131
      2     84      6      1      8      2      5      2      1   1148   1045
      2     84      6      1      9      1      3      1      1    940   1299
      2     84      6      1     10      1      5      3      0   1632   1474
      2     84      6      1     11      6     11      5      0    987   1419
      2     84      6      1     12      4     12      1      0    968   4551
      2     84      6      1     13      3      7      3      1    904    910
      2     84      6      1     14      7      7      7      1   1675    955
      2     84      6      1     15      7      8      7      1   1551    567
      2     84      6      1     16      7      2      7      1   1765    802
      2     84      6      2      1      3     16      3      1   1377     -1
      2     84      6      2      2      5     10      5      1   1159     -1
      2     84      6      2      3      8     16      8      1   1324     -1
      2     84      6      2      4      2     10      2      1   2392     -1
      2     84      6      2      5      6      5      7      0   1909     -1
      2     84      6      2      6      7     14      7      1   1158     -1
      2     84      6      2      7      2      3      4      0   1691     -1
      2     84      6      2      8      8      8      8      1   1058     -1
      2     84      6      2      9      1      1      3      0   2325     -1
      2     84      6      2     10      5      5      5      1   1024     -1
      2     84      6      2     11      4      9      4      1   1674     -1
      2     84      6      2     12      7     15      7      1    892     -1
      2     84      6      2     13      1      9      1      1   1225     -1
      2     84      6      2     14      4     10      4      1   1142     -1
      2     84      6      2     15      3      8      3      1    991     -1
      2     84      6      2     16      6      6      7      0   1742     -1
      2     84      7      1      1      2      9      2      1   1802  54727
      2     84      7      1      2      3      9      3      1    849    588
      2     84      7      1      3      6     10      6      1    641    448
      2     84      7      1      4      1     11      1      1   1005    499
      2     84      7      1      5      2      1      2      1   1523    580
      2     84      7      1      6      3     11      3      1   1074   1084
      2     84      7      1      7      4     13      4      1    751    766
      2     84      7      1      8      4     15      4      1    962    933
      2     84      7      1      9      4      3      1      0   1358    874
      2     84      7      1     10      4      5      3      0   1970    928
      2     84      7      1     11      8      3      8      1    748   1046
      2     84      7      1     12      5     16      5      1   1221   1237
      2     84      7      1     13      5     12      5      1    754   1382
      2     84      7      1     14      3     14      3      1   1433   1194
      2     84      7      1     15      1      3      1      1   1110    819
      2     84      7      1     16      7      6      7      1    741   1786
      2     84      7      2      1      4     10      4      1   4978     -1
      2     84      7      2      2      1      9      1      1   1258     -1
      2     84      7      2      3      4     16      4      1   4926     -1
      2     84      7      2      4      1     10      3      0   2375     -1
      2     84      7      2      5      3     15      3      1   1424     -1
      2     84      7      2      6      2      3      3      0   1857     -1
      2     84      7      2      7      3     10      3      1   1626     -1
      2     84      7      2      8      6      6      7      0   1125     -1
      2     84      7      2      9      5      5      5      1    992     -1
      2     84      7      2     10      8     16      8      1    925     -1
      2     84      7      2     11      8     14      8      1   1225     -1
      2     84      7      2     12      5     11      5      1   1109     -1
      2     84      7      2     13      6      5      7      0   1192     -1
      2     84      7      2     14      7     14      7      1   1460     -1
      2     84      7      2     15      2      6      2      1   1309     -1
      2     84      7      2     16      7      5      7      1   1225     -1
      2     84      8      1      1      4     12      1      0   2003    802
      2     84      8      1      2      5      6      5      1   1914   1454
      2     84      8      1      3      3     11      3      1    877   1199
      2     84      8      1      4      7      6      6      0   2266   1211
      2     84      8      1      5      4     11      1      0   2156    907
      2     84      8      1      6      1      6      4      0   1738    666
      2     84      8      1      7      1      3      1      1   1299    668
      2     84      8      1      8      1      5      4      0   1198    949
      2     84      8      1      9      8      9      8      1   1177   1101
      2     84      8      1     10      3     14      3      1   1106    708
      2     84      8      1     11      7      4      7      1   1034    718
      2     84      8      1     12      5     12      5      1   1012    838
      2     84      8      1     13      8      3      8      1    797    768
      2     84      8      1     14      6     11      5      0    673   1023
      2     84      8      1     15      5      4      5      1   1004    760
      2     84      8      1     16      5     16      5      1    916    863
      2     84      8      2      1      2      2      2      1   1928     -1
      2     84      8      2      2      1      7      3      0   1192     -1
      2     84      8      2      3      4     14      4      1   1344     -1
      2     84      8      2      4      5      7      5      1   1158     -1
      2     84      8      2      5      4      8      4      1   1577     -1
      2     84      8      2      6      6      3      7      0   2393     -1
      2     84      8      2      7      2     10      2      1   1925     -1
      2     84      8      2      8      7     16      7      1   1341     -1
      2     84      8      2      9      5     14      5      1   1775     -1
      2     84      8      2     10      3     12      3      1    828     -1
      2     84      8      2     11      3     13      3      1    975     -1
      2     84      8      2     12      1     16      1      1   2058     -1
      2     84      8      2     13      8     10      8      1    910     -1
      2     84      8      2     14      8     13      8      1   1092     -1
      2     84      8      2     15      7     13      7      1   1124     -1
      2     84      8      2     16      6      8      6      1   1759     -1
      2     84      9      1      1      6     10      6      1    644    605
      2     84      9      1      2      4      5      4      1    790    547
      2     84      9      1      3      6      7      6      1   1368    782
      2     84      9      1      4      2      9      2      1    833    668
      2     84      9      1      5      1      2      8      0    969    896
      2     84      9      1      6      8      2      8      1    808    890
      2     84      9      1      7      6     16      6      1   1240    597
      2     84      9      1      8      4     12      1      0   1401    584
      2     84      9      1      9      2     16      2      1   1076    871
      2     84      9      1     10      2     13      2      1    792    477
      2     84      9      1     11      2     13      2      1    706    514
      2     84      9      1     12      4      3      1      0   1678    575
      2     84      9      1     13      6      9      6      1   1076    989
      2     84      9      1     14      8      4      8      1   1266    768
      2     84      9      1     15      2      5      2      1    775   1036
      2     84      9      1     16      5      9      5      1   1009    869
      2     84      9      2      1      2      4      2      1    877     -1
      2     84      9      2      2      4      9      4      1   4691     -1
      2     84      9      2      3      1      1      3      0   1025     -1
      2     84      9      2      4      7     10      7      1   1227     -1
      2     84      9      2      5      8     15      8      1   1125     -1
      2     84      9      2      6      3      8      3      1   1126     -1
      2     84      9      2      7      1     14      3      0   3074     -1
      2     84      9      2      8      4      1      3      0   1127     -1
      2     84      9      2      9      5     10      5      1   1591     -1
      2     84      9      2     10      7     15      7      1   1042     -1
      2     84      9      2     11      3     16      3      1   1058     -1
      2     84      9      2     12      6     12      7      0   1492     -1
      2     84      9      2     13      8      8      8      1   1076     -1
      2     84      9      2     14      2     14      4      0   1292     -1
      2     84      9      2     15      5      8      5      1   1024     -1
      2     84      9      2     16      6     15      6      1   1343     -1
