      2    198      1      1      1      2      2      8      0   3687   1506
      2    198      1      1      2      2      1      2      1   2370   1201
      2    198      1      1      3      5      2      1      0   1781   2945
      2    198      1      1      4      5      8      5      1   2465   1207
      2    198      1      1      5      1      1      7      0   1612   1333
      2    198      1      1      6      4     10      1      0    898   2586
      2    198      1      1      7      4      9      4      1   1103   1597
      2    198      1      1      8      5      6      3      0   1961   1230
      2    198      1      1      9      8     15      8      1   2264   3244
      2    198      1      1     10      6     16      3      0   1633   1372
      2    198      1      1     11      8     16      1      0   1084   6059
      2    198      1      1     12      6     15      7      0   2432   1717
      2    198      1      1     13      6      9      6      1   4275   1085
      2    198      1      1     14      7     12      6      0   1073   1317
      2    198      1      1     15      6      5      7      0    655    811
      2    198      1      1     16      1      7      3      0   1985   2208
      2    198      1      2      1      8     14      4      0   2962
      2    198      1      2      2      2      3      1      0   3810
      2    198      1      2      3      1      4      6      0   3624
      2    198      1      2      4      3      9      7      0   1509
      2    198      1      2      5      4     15      7      0   1889
      2    198      1      2      6      4      3      3      0   1658
      2    198      1      2      7      6     11      5      0   1476
      2    198      1      2      8      5      4      5      1    908
      2    198      1      2      9      1      5      6      0   4608
      2    198      1      2     10      5     14      5      1   1242
      2    198      1      2     11      2     10      2      1   5041
      2    198      1      2     12      8     10      8      1   4079
      2    198      1      2     13      6     10      3      0   9026
      2    198      1      2     14      3     14      6      0   1642
      2    198      1      2     15      7      4      4      0   3111
      2    198      1      2     16      7     14      4      0   1311
      2    198      2      1      1      1      7      1      1   1143   1245
      2    198      2      1      2      7     12      1      0    717   2764
      2    198      2      1      3      7     12      6      0   2330   3753
      2    198      2      1      4      8      5      4      0    816   3863
      2    198      2      1      5      8      6      4      0    842    869
      2    198      2      1      6      7     10      6      0    934   4418
      2    198      2      1      7      1     14      7      0    814   1456
      2    198      2      1      8      6     15      5      0   1744   1690
      2    198      2      1      9      6     16      8      0   2102   3286
      2    198      2      1     10      4     14      1      0   1863   1489
      2    198      2      1     11      4      9      4      1    749   1961
      2    198      2      1     12      7     10      6      0   2947   3356
      2    198      2      1     13      4      8      8      0   1954   3153
      2    198      2      1     14      1      9      7      0   1623   1218
      2    198      2      1     15      2      1      1      0    908   1120
      2    198      2      1     16      2      2      2      1    784    997
      2    198      2      2      1      3     15      7      0   7696
      2    198      2      2      2      6     12      6      1  13480
      2    198      2      2      3      8      3      8      1   1676
      2    198      2      2      4      1      3      1      1   8260
      2    198      2      2      5      4      1      7      0   8329
      2    198      2      2      6      8      2      4      0   1176
      2    198      2      2      7      7      2      3      0   6476
      2    198      2      2      8      1      2      1      1   1595
      2    198      2      2      9      2      4      1      0   1408
      2    198      2      2     10      2     14      4      0   1510
      2    198      2      2     11      5     16      5      1   1209
      2    198      2      2     12      3      2      7      0   2876
      2    198      2      2     13      5      7      5      1   1093
      2    198      2      2     14      7     13      2      0   6041
      2    198      2      2     15      4      5      2      0   1594
      2    198      2      2     16      6      8      3      0   3909
      2    198      3      1      1      8     16      4      0    858   3723
      2    198      3      1      2      6     16      3      0    900   2513
      2    198      3      1      3      7      8      6      0   1119   1123
      2    198      3      1      4      6      5      3      0   4592   2198
      2    198      3      1      5      1      7      2      0   2134   1812
      2    198      3      1      6      3     11      1      0   1062   1162
      2    198      3      1      7      8      4      8      1   1097   1783
      2    198      3      1      8      1     11      1      1   1030   1832
      2    198      3      1      9      7     10      7      1   2198   1293
      2    198      3      1     10      7      6      7      1    685   1927
      2    198      3      1     11      6     13      6      1    884   1814
      2    198      3      1     12      1      7      1      1   2762   2590
      2    198      3      1     13      3      8      1      0   1249    994
      2    198      3      1     14      4     14      3      0    970   3401
      2    198      3      1     15      4      9      4      1    967   1127
      2    198      3      1     16      1      1      1      1   3207   3560
      2    198      3      2      1      2     13      8      0   2313
      2    198      3      2      2      1     10      1      1   2878
      2    198      3      2      3      8      8      4      0   3596
      2    198      3      2      4      1      6      1      1   1810
      2    198      3      2      5      3     16      3      1   1742
      2    198      3      2      6      5     10      5      1   1177
      2    198      3      2      7      4     12      1      0   2426
      2    198      3      2      8      2      5      1      0    908
      2    198      3      2      9      6      3      7      0   3008
      2    198      3      2     10      3      7      7      0   2443
      2    198      3      2     11      7      5      7      1   1142
      2    198      3      2     12      6      7      6      1   1208
      2    198      3      2     13      7     16      6      0   2458
      2    198      3      2     14      4     16      4      1   1941
      2    198      3      2     15      5      5      5      1   1392
      2    198      3      2     16      8     13      4      0   1308
      2    198      4      1      1      6      9      6      1   1696   2037
      2    198      4      1      2      7     12      7      1   1633    813
      2    198      4      1      3      2      1      1      0    737    839
      2    198      4      1      4      2      2      2      1   1776    953
      2    198      4      1      5      1     11      1      1   1056    871
      2    198      4      1      6      6     16      6      1   1296    835
      2    198      4      1      7      8     15      8      1   1051   1044
      2    198      4      1      8      7      6      7      1   1189   1334
      2    198      4      1      9      4     10      1      0   1140   1365
      2    198      4      1     10      4      9      4      1    960    903
      2    198      4      1     11      4     14      3      0   1103   1419
      2    198      4      1     12      1     14      3      0    877   2443
      2    198      4      1     13      6      6      3      0    779   2212
      2    198      4      1     14      6     15      6      1   2682   6615
      2    198      4      1     15      8     16      8      1    720   4004
      2    198      4      1     16      3     11      6      0   1792   4887
      2    198      4      2      1      5     16      5      1   1262
      2    198      4      2      2      8     13      8      1   2141
      2    198      4      2      3      7     13      7      1   1576
      2    198      4      2      4      5     14      5      1   1325
      2    198      4      2      5      7     14      3      0   5942
      2    198      4      2      6      6     10      7      0   2811
      2    198      4      2      7      3     16      3      1   3278
      2    198      4      2      8      1      6      1      1   1475
      2    198      4      2      9      4      3      1      0   1393
      2    198      4      2     10      4      5      6      0   3892
      2    198      4      2     11      1      3      1      1   3876
      2    198      4      2     12      2      5      2      1   1125
      2    198      4      2     13      3     14      3      1   2009
      2    198      4      2     14      8      8      8      1   2342
      2    198      4      2     15      2     14      8      0   1375
      2    198      4      2     16      6      8      5      0   4742
      2    198      5      1      1      2     16      8      0   1316   6234
      2    198      5      1      2      4     14      8      0   2037   1547
      2    198      5      1      3      8     15      4      0   1634   2352
      2    198      5      1      4      8      9      4      0   1536   2334
      2    198      5      1      5      8     16      8      1   1300   1996
      2    198      5      1      6      7     10      7      1   1290   2627
      2    198      5      1      7      6      5      3      0   3383   1320
      2    198      5      1      8      4     14      2      0   3044   4165
      2    198      5      1      9      2      9      1      0    848   2452
      2    198      5      1     10      4     11      2      0    914   2162
      2    198      5      1     11      1      1      1      1    784   2026
      2    198      5      1     12      3      6      7      0   1538   4055
      2    198      5      1     13      2      8      2      1   1939   2971
      2    198      5      1     14      3     13      7      0   1275   1051
      2    198      5      1     15      7     12      7      1   1148    949
      2    198      5      1     16      6     13      6      1   3306   1379
      2    198      5      2      1      7      5      7      1   1863
      2    198      5      2      2      1     10      1      1   1592
      2    198      5      2      3      6     12      6      1   2575
      2    198      5      2      4      6      7      6      1   2108
      2    198      5      2      5      8     10      8      1   2242
      2    198      5      2      6      2     10      2      1   1877
      2    198      5      2      7      3      7      3      1   1209
      2    198      5      2      8      5      7      5      1   1026
      2    198      5      2      9      1      5      4      0   4742
      2    198      5      2     10      4     15      4      1    947
      2    198      5      2     11      4      1      3      0  10459
      2    198      5      2     12      3      2      3      1    878
      2    198      5      2     13      5      5      5      1   1359
      2    198      5      2     14      2      3      1      0   3676
      2    198      5      2     15      8      3      8      1   4561
      2    198      5      2     16      7      2      7      1   2642
      2    198      6      1      1      2      1      2      1   3226   1991
      2    198      6      1      2      2      1      2      1   1004   1211
      2    198      6      1      3      4     14      4      1   1072    726
      2    198      6      1      4      2      8      4      0   1239   1319
      2    198      6      1      5      8     15      8      1   1689   2366
      2    198      6      1      6      2      6      2      1   2238   2073
      2    198      6      1      7      6      6      6      1   2203   1727
      2    198      6      1      8      1      1      1      1    834   2027
      2    198      6      1      9      6     16      6      1   3864    931
      2    198      6      1     10      1     11      1      1    887   7251
      2    198      6      1     11      1      9      1      1   1889   1021
      2    198      6      1     12      8      6      8      1   1524   1088
      2    198      6      1     13      8      9      8      1   1756    958
      2    198      6      1     14      3     13      7      0   1169   3235
      2    198      6      1     15      1      7      4      0   1018   5398
      2    198      6      1     16      3     13      3      1   1287   1156
      2    198      6      2      1      2      4      2      1   3079
      2    198      6      2      2      5     10      5      1   1443
      2    198      6      2      3      7      4      6      0   4443
      2    198      6      2      4      6     11      6      1   1460
      2    198      6      2      5      1      4      1      1   2826
      2    198      6      2      6      6      3      3      0   3658
      2    198      6      2      7      7     16      3      0   2457
      2    198      6      2      8      3      9      3      1   1058
      2    198      6      2      9      4     12      1      0   3780
      2    198      6      2     10      5      4      5      1   1241
      2    198      6      2     11      1      2      1      1   2458
      2    198      6      2     12      2     13      4      0   1592
      2    198      6      2     13      8     14      8      1   1096
      2    198      6      2     14      8      2      8      1   1308
      2    198      6      2     15      4     16      4      1   2043
      2    198      6      2     16      3     15      3      1   1362
      2    198      7      1      1      6     15      7      0   1385   1585
      2    198      7      1      2      7     12      7      1   1440   1148
      2    198      7      1      3      7      6      7      1    850    716
      2    198      7      1      4      3      8      3      1    855    925
      2    198      7      1      5      1      7      1      1    936    747
      2    198      7      1      6      2      9      2      1   2473    678
      2    198      7      1      7      6     13      6      1    969    827
      2    198      7      1      8      4     14      4      1    896    943
      2    198      7      1      9      4     13      4      1    981   1064
      2    198      7      1     10      1     11      1      1    855    892
      2    198      7      1     11      6      5      6      1   2662   5523
      2    198      7      1     12      6      6      6      1    910    837
      2    198      7      1     13      8      6      8      1    831   1032
      2    198      7      1     14      7      6      7      1    893   1425
      2    198      7      1     15      2      2      2      1    918    700
      2    198      7      1     16      6      9      5      0   1975   1529
      2    198      7      2      1      5     14      5      1   1062
      2    198      7      2      2      3      9      3      1   1045
      2    198      7      2      3      7      2      7      1   1545
      2    198      7      2      4      7      5      7      1   1392
      2    198      7      2      5      8      3      8      1   1575
      2    198      7      2      6      3     15      4      0   1791
      2    198      7      2      7      4     15      4      1   1209
      2    198      7      2      8      1      6      1      1   1759
      2    198      7      2      9      6      3      3      0   2308
      2    198      7      2     10      2      4      2      1   1327
      2    198      7      2     11      6      8      6      1   1842
      2    198      7      2     12      1      2      1      1   1542
      2    198      7      2     13      5     16      5      1   1258
      2    198      7      2     14      4      3      3      0   6809
      2    198      7      2     15      8     14      8      1   2026
      2    198      7      2     16      2      5      2      1   1326
      2    198      8      1      1      3     11      3      1   1132   4127
      2    198      8      1      2      1      9      1      1   1272    943
      2    198      8      1      3      7      7      7      1    851    667
      2    198      8      1      4      8     16      8      1    867    996
      2    198      8      1      5      6      9      6      1    612   2001
      2    198      8      1      6      3      6      3      1    982   2619
      2    198      8      1      7      2     16      4      0   1291    842
      2    198      8      1      8      4      8      6      0   2131   4634
      2    198      8      1      9      4     11      4      1   1479   5683
      2    198      8      1     10      2      8      4      0   1053   3746
      2    198      8      1     11      1      9      1      1   1743   4212
      2    198      8      1     12      4     10      1      0   6160    671
      2    198      8      1     13      4      9      4      1    767   4928
      2    198      8      1     14      7     15      7      1    977    592
      2    198      8      1     15      8     16      8      1    651    797
      2    198      8      1     16      7     15      7      1    767    651
      2    198      8      2      1      6     12      6      1   1445
      2    198      8      2      2      7      4      6      0   1077
      2    198      8      2      3      2     10      2      1   6893
      2    198      8      2      4      8      8      8      1    992
      2    198      8      2      5      3     14      3      1   2309
      2    198      8      2      6      5      4      5      1   1275
      2    198      8      2      7      3     16      3      1   1309
      2    198      8      2      8      5      7      5      1    925
      2    198      8      2      9      4      5      7      0   1792
      2    198      8      2     10      6     11      6      1   1526
      2    198      8      2     11      4     12      4      1   2729
      2    198      8      2     12      2     14      8      0   1798
      2    198      8      2     13      1      5      1      1   1091
      2    198      8      2     14      8     10      8      1   1525
      2    198      8      2     15      1      3      1      1   1474
      2    198      8      2     16      7     13      7      1   1276
      2    198      9      1      1      4      9      4      1   1111   1714
      2    198      9      1      2      4     14      4      1   1704   1630
      2    198      9      1      3      4     11      2      0   2069   1190
      2    198      9      1      4      2      6      2      1    648   2193
      2    198      9      1      5      2      8      2      1    914   1308
      2    198      9      1      6      8      6      8      1    698   2851
      2    198      9      1      7      8      5      8      1   1023   2446
      2    198      9      1      8      3     11      3      1   1864   3894
      2    198      9      1      9      7     15      7      1    897   1043
      2    198      9      1     10      3      8      3      1    684    865
      2    198      9      1     11      6      6      6      1    866   1125
      2    198      9      1     12      6     16      6      1    899   1718
      2    198      9      1     13      1      1      1      1    967   1947
      2    198      9      1     14      3     10      3      1   1811    675
      2    198      9      1     15      1      7      1      1    868    746
      2    198      9      1     16      6     15      6      1   1441    940
      2    198      9      2      1      2     13      4      0   2962
      2    198      9      2      2      2      3      1      0   1608
      2    198      9      2      3      6      7      6      1   1376
      2    198      9      2      4      1      4      1      1   1396
      2    198      9      2      5      8      2      8      1   1292
      2    198      9      2      6      7     14      7      1   3841
      2    198      9      2      7      3      7      3      1   1058
      2    198      9      2      8      3      2      3      1   1126
      2    198      9      2      9      4     16      4      1   3342
      2    198      9      2     10      1     10      1      1   1109
      2    198      9      2     11      5      5      5      1   1129
      2    198      9      2     12      7     16      6      0   6058
      2    198      9      2     13      8     13      8      1   1409
      2    198      9      2     14      5     10      5      1   1392
      2    198      9      2     15      6     10      6      1   9859
      2    198      9      2     16      4      1      4      1  28293
