      1    164      1      1      1      7      4      2      0   3898
      1    164      1      1      2      5     16      5      1   3450
      1    164      1      1      3      6      3      4      0   7651
      1    164      1      1      4      3     11      2      0   5005
      1    164      1      1      5      4     14      8      0   2765
      1    164      1      1      6      5     14      5      1   3103
      1    164      1      1      7      8     13      2      0   1853
      1    164      1      1      8      4     16      1      0   5599
      1    164      1      1      9      1     10      7      0   4375
      1    164      1      1     10      3      9      2      0   3003
      1    164      1      1     11      2      4      5      0   2229
      1    164      1      1     12      1     16      8      0   3245
      1    164      1      1     13      7     16      4      0   2721
      1    164      1      1     14      2     10      1      0   2629
      1    164      1      1     15      8      8      3      0   4482
      1    164      1      1     16      6      6      1      0   4485
      1    164      1      2      1      3     16      8      0   5281
      1    164      1      2      2      5      9      5      1   2263
      1    164      1      2      3      1      5      6      0   4764
      1    164      1      2      4      2      9      2      1   3446
      1    164      1      2      5      7      2      4      0   5363
      1    164      1      2      6      7     10      7      1   7164
      1    164      1      2      7      4     12      8      0   4863
      1    164      1      2      8      8     14      8      1   2996
      1    164      1      2      9      6     12      1      0   4180
      1    164      1      2     10      5      4      5      1   1229
      1    164      1      2     11      1      1      2      0   8229
      1    164      1      2     12      3     14      3      1   3430
      1    164      1      2     13      6      8      5      0   4179
      1    164      1      2     14      8     10      8      1   3029
      1    164      1      2     15      2     16      2      1   3196
      1    164      1      2     16      4     11      6      0   5446
      1    164      2      1      1      6     15      7      0   5501
      1    164      2      1      2      5      8      5      1   1452
      1    164      2      1      3      1      2      8      0   2184
      1    164      2      1      4      7      7      4      0   5598
      1    164      2      1      5      3      8      6      0   2687
      1    164      2      1      6      4     13      4      1   4760
      1    164      2      1      7      7      6      3      0   2520
      1    164      2      1      8      1     14      1      1   4768
      1    164      2      1      9      2      2      2      1   3185
      1    164      2      1     10      8      3      8      1   1459
      1    164      2      1     11      6      7      3      0   4662
      1    164      2      1     12      5      6      5      1   1294
      1    164      2      1     13      4      1      1      0   1851
      1    164      2      1     14      2      1      2      1   1710
      1    164      2      1     15      8      5      8      1   1937
      1    164      2      1     16      3      6      7      0   3056
      1    164      2      2      1      4     15      4      1   5663
      1    164      2      2      2      3     10      6      0   3930
      1    164      2      2      3      8      2      8      1   3196
      1    164      2      2      4      5      2      5      1   1196
      1    164      2      2      5      2     14      1      0   6498
      1    164      2      2      6      1      6      3      0   4646
      1    164      2      2      7      5     10      5      1   1280
      1    164      2      2      8      3     15      7      0   3930
      1    164      2      2      9      1      3      2      0   1646
      1    164      2      2     10      8      9      8      1   2113
      1    164      2      2     11      2      6      5      0    979
      1    164      2      2     12      6     10      1      0   3263
      1    164      2      2     13      7     14      4      0   4747
      1    164      2      2     14      6     13      6      1   7215
      1    164      2      2     15      4      8      1      0   3896
      1    164      2      2     16      7     12      3      0   1930
      1    164      3      1      1      2     13      2      1   2781
      1    164      3      1      2      2      8      2      1   1598
      1    164      3      1      3      1      4      1      1  16395
      1    164      3      1      4      1      7      7      0   1989
      1    164      3      1      5      7     13      6      0   2180
      1    164      3      1      6      5      5      5      1   1319
      1    164      3      1      7      3     13      7      0   3000
      1    164      3      1      8      3      7      3      1   2090
      1    164      3      1      9      8      6      8      1   1516
      1    164      3      1     10      4     10      8      0   1446
      1    164      3      1     11      7      8      1      0   3179
      1    164      3      1     12      5     11      5      1   1765
      1    164      3      1     13      4      5      7      0   2929
      1    164      3      1     14      6     11      6      1   3650
      1    164      3      1     15      8     16      8      1   1629
      1    164      3      1     16      6      5      6      1   3061
      1    164      3      2      1      2      5      2      1   4146
      1    164      3      2      2      3     12      3      1   4730
      1    164      3      2      3      6     16      6      1   1746
      1    164      3      2      4      6      9      6      1   1813
      1    164      3      2      5      3      2      3      1   3247
      1    164      3      2      6      7     15      7      1   1864
      1    164      3      2      7      2      3      2      1   1547
      1    164      3      2      8      8     15      8      1   1196
      1    164      3      2      9      7      5      4      0   2447
      1    164      3      2     10      5     12      5      1   1146
      1    164      3      2     11      4      3      2      0   9829
      1    164      3      2     12      4      9      1      0   4463
      1    164      3      2     13      1     11      6      0   3063
      1    164      3      2     14      1      9      2      0   3730
      1    164      3      2     15      5      7      5      1   2080
      1    164      3      2     16      8      4      8      1   1246
      1    164      4      1      1      7      7      4      0   2710
      1    164      4      1      2      2      1      2      1   1239
      1    164      4      1      3      1     16      4      0   2688
      1    164      4      1      4      3     11      3      1   2802
      1    164      4      1      5      6      6      6      1   1158
      1    164      4      1      6      1     14      1      1  11834
      1    164      4      1      7      8      6      8      1   1242
      1    164      4      1      8      5     16      5      1   2898
      1    164      4      1      9      6     11      6      1   1129
      1    164      4      1     10      3      9      3      1   5016
      1    164      4      1     11      2      2      2      1   1166
      1    164      4      1     12      7     13      7      1   4438
      1    164      4      1     13      4      1      1      0   2433
      1    164      4      1     14      8      5      8      1   1182
      1    164      4      1     15      5     11      5      1   1153
      1    164      4      1     16      4     14      2      0   7827
      1    164      4      2      1      7      5      1      0   3496
      1    164      4      2      2      5      4      5      1   2163
      1    164      4      2      3      8      2      8      1   1180
      1    164      4      2      4      3     12      4      0   4046
      1    164      4      2      5      2     14      1      0   3147
      1    164      4      2      6      4     11      2      0   1096
      1    164      4      2      7      6     10      6      1   1947
      1    164      4      2      8      4      8      4      1   5463
      1    164      4      2      9      5      9      5      1   1480
      1    164      4      2     10      6      8      6      1   1396
      1    164      4      2     11      8      4      8      1   1880
      1    164      4      2     12      3     10      3      1   5146
      1    164      4      2     13      1     11      1      1   3563
      1    164      4      2     14      2     16      4      0   3296
      1    164      4      2     15      1      3      3      0   2596
      1    164      4      2     16      7     14      7      1   6546
      1    164      5      1      1      8      3      8      1   1399
      1    164      5      1      2      2     10      2      1   4013
      1    164      5      1      3      5      5      5      1   1201
      1    164      5      1      4      1     10      4      0   2757
      1    164      5      1      5      5      8      5      1   1188
      1    164      5      1      6      1      4      4      0   2966
      1    164      5      1      7      8     16      8      1   1508
      1    164      5      1      8      2      4      2      1   1335
      1    164      5      1      9      3      6      3      1   1552
      1    164      5      1     10      6      7      6      1   1312
      1    164      5      1     11      4     10      1      0   2395
      1    164      5      1     12      6     15      6      1   1095
      1    164      5      1     13      3      8      3      1   2434
      1    164      5      1     14      4     13      4      1   2049
      1    164      5      1     15      7      8      4      0   1994
      1    164      5      1     16      7      6      6      0   1765
      1    164      5      2      1      2      6      2      1   1029
      1    164      5      2      2      4     15      4      1   1879
      1    164      5      2      3      7     10      7      1   2480
      1    164      5      2      4      5     10      5      1   1197
      1    164      5      2      5      1      5      1      1   1947
      1    164      5      2      6      4     12      2      0   1463
      1    164      5      2      7      6     13      6      1   1313
      1    164      5      2      8      5     12      5      1   1229
      1    164      5      2      9      3     14      3      1   1413
      1    164      5      2     10      3     15      4      0   1330
      1    164      5      2     11      6     12      6      1   1964
      1    164      5      2     12      1      6      1      1   1296
      1    164      5      2     13      2      5      2      1   1063
      1    164      5      2     14      8      9      8      1   1680
      1    164      5      2     15      7      2      7      1   1063
      1    164      5      2     16      8     15      8      1   1397
      1    164      6      1      1      5      6      5      1   6331
      1    164      6      1      2      4      5      4      1   6330
      1    164      6      1      3      3     13      3      1   2176
      1    164      6      1      4      1      2      4      0   3841
      1    164      6      1      5      1      7      3      0   2504
      1    164      6      1      6      6      5      4      0   3035
      1    164      6      1      7      8     13      8      1   1012
      1    164      6      1      8      7     16      4      0   6203
      1    164      6      1      9      3      7      3      1   2138
      1    164      6      1     10      5     14      5      1    984
      1    164      6      1     11      2     13      2      1   2838
      1    164      6      1     12      8      8      1      0   4909
      1    164      6      1     13      7      4      3      0   1777
      1    164      6      1     14      4     16      2      0   2954
      1    164      6      1     15      2      8      2      1    958
      1    164      6      1     16      6      3      6      1   1265
      1    164      6      2      1      2      9      2      1   3630
      1    164      6      2      2      2      3      1      0   3030
      1    164      6      2      3      3      2      3      1   2046
      1    164      6      2      4      8     14      8      1   1047
      1    164      6      2      5      4      3      4      1   6129
      1    164      6      2      6      7     15      7      1   2896
      1    164      6      2      7      7     12      7      1   2213
      1    164      6      2      8      5      7      5      1   1296
      1    164      6      2      9      6      9      6      1   1097
      1    164      6      2     10      1      9      1      1   5680
      1    164      6      2     11      6     16      6      1   1163
      1    164      6      2     12      5      2      5      1    863
      1    164      6      2     13      4      9      4      1   3963
      1    164      6      2     14      3     16      3      1   1430
      1    164      6      2     15      8     10      8      1    979
      1    164      6      2     16      1      1      4      0   2447
      1    164      7      1      1      1      4      4      0  21704
      1    164      7      1      2      8      8      8      1   1324
      1    164      7      1      3      2     13      4      0   3688
      1    164      7      1      4      2     10      2      1    997
      1    164      7      1      5      7      4      7      1   1630
      1    164      7      1      6      6      3      6      1   1032
      1    164      7      1      7      1     16      1      1   3131
      1    164      7      1      8      3      6      3      1   3255
      1    164      7      1      9      8      5      8      1   1137
      1    164      7      1     10      7      8      7      1   2580
      1    164      7      1     11      6      7      6      1   1396
      1    164      7      1     12      4     10      4      1   2409
      1    164      7      1     13      5     16      5      1   1303
      1    164      7      1     14      5     14      5      1    999
      1    164      7      1     15      3      8      3      1   1466
      1    164      7      1     16      4     16      2      0   1883
      1    164      7      2      1      7      2      7      1   2230
      1    164      7      2      2      5     10      5      1   3329
      1    164      7      2      3      2      3      1      0   7762
      1    164      7      2      4      2     16      4      0   4146
      1    164      7      2      5      8      9      8      1   1279
      1    164      7      2      6      3      2      3      1   2913
      1    164      7      2      7      1      5      1      1   2231
      1    164      7      2      8      6     10      6      1   1163
      1    164      7      2      9      5      2      5      1   1063
      1    164      7      2     10      7     15      7      1   3713
      1    164      7      2     11      8     10      8      1   1796
      1    164      7      2     12      4     12      4      1   7162
      1    164      7      2     13      4     11      2      0   4513
      1    164      7      2     14      1      9      1      1   1714
      1    164      7      2     15      6     13      6      1   1481
      1    164      7      2     16      3     16      3      1   1229
      1    164      8      1      1      6     11      6      1   1101
      1    164      8      1      2      4      1      4      1   1994
      1    164      8      1      3      2      2      2      1   2181
      1    164      8      1      4      7      7      7      1   1490
      1    164      8      1      5      7     16      4      0   4712
      1    164      8      1      6      1     10      1      1   1284
      1    164      8      1      7      8      3      8      1   1024
      1    164      8      1      8      3      7      3      1   1169
      1    164      8      1      9      6      5      6      1   1467
      1    164      8      1     10      1     14      4      0   3001
      1    164      8      1     11      3     13      3      1   1062
      1    164      8      1     12      2      1      2      1   1567
      1    164      8      1     13      5      5      5      1   2963
      1    164      8      1     14      4      5      1      0   4713
      1    164      8      1     15      5      8      5      1   1111
      1    164      8      1     16      8      6      8      1    991
      1    164      8      2      1      4      3      4      1   6929
      1    164      8      2      2      7      5      7      1   4663
      1    164      8      2      3      1      6      3      0   1979
      1    164      8      2      4      7     12      7      1   3748
      1    164      8      2      5      1     11      1      1   2080
      1    164      8      2      6      6      9      6      1   1013
      1    164      8      2      7      6     16      6      1    913
      1    164      8      2      8      3     10      3      1   3064
      1    164      8      2      9      2      5      2      1   1297
      1    164      8      2     10      8      2      8      1   2098
      1    164      8      2     11      3     14      3      1   3163
      1    164      8      2     12      8      4      8      1   1113
      1    164      8      2     13      5     12      5      1   1313
      1    164      8      2     14      2      9      2      1   1030
      1    164      8      2     15      4      9      4      1   1679
      1    164      8      2     16      5      4      5      1    981
      1    164      9      1      1      8     16      8      1   1131
      1    164      9      1      2      2      8      2      1   1912
      1    164      9      1      3      3     11      3      1   2754
      1    164      9      1      4      1      2      4      0   2079
      1    164      9      1      5      1      7      3      0   1317
      1    164      9      1      6      2      4      2      1   1230
      1    164      9      1      7      4     14      4      1   2547
      1    164      9      1      8      5      6      5      1    989
      1    164      9      1      9      7      6      6      0   1520
      1    164      9      1     10      8     13      8      1   1117
      1    164      9      1     11      7     13      7      1   3096
      1    164      9      1     12      5     11      5      1   1220
      1    164      9      1     13      6      6      6      1   3916
      1    164      9      1     14      3      9      3      1   1102
      1    164      9      1     15      6     15      6      1   1229
      1    164      9      1     16      4     13      4      1   3628
      1    164      9      2      1      1      3      2      0   1930
      1    164      9      2      2      2      6      2      1   1296
      1    164      9      2      3      2     14      4      0   2380
      1    164      9      2      4      7     10      7      1   1880
      1    164      9      2      5      6      8      6      1   1629
      1    164      9      2      6      4     15      1      0   6496
      1    164      9      2      7      8     15      8      1   1097
      1    164      9      2      8      5      7      5      1   1213
      1    164      9      2      9      5      9      5      1   1363
      1    164      9      2     10      1      1      4      0   3214
      1    164      9      2     11      8     14      8      1   1079
      1    164      9      2     12      3     12      1      0   1798
      1    164      9      2     13      4      8      1      0   7246
      1    164      9      2     14      7     14      4      0   2996
      1    164      9      2     15      3     15      4      0   3314
      1    164      9      2     16      6     12      6      1   1713
