      2     81      1      1      1      5      2      2      0   1756   1820
      2     81      1      1      2      5      2      5      1   1907   1265
      2     81      1      1      3      2      3      4      0   1650    911
      2     81      1      1      4      2      3      2      1    952    634
      2     81      1      1      5      4      9      3      0   1402   1017
      2     81      1      1      6      4      9      4      1    818    669
      2     81      1      1      7      6     11      3      0   1108    727
      2     81      1      1      8      6     11      6      1   1637    763
      2     81      1      1      9      5      9      2      0   1335    901
      2     81      1      1     10      5      9      5      1   1087   1534
      2     81      1      1     11      3     16      3      1   1054   1059
      2     81      1      1     12      3     11      3      1    927   1085
      2     81      1      1     13      1      5      8      0    853    978
      2     81      1      1     14      1      5      1      1    992   1071
      2     81      1      1     15      1      7      2      0    922   1103
      2     81      1      1     16      1      7      1      1    848    623
      2     81      1      2      1      3     10      1      0   1472     -1
      2     81      1      2      2      4      3      4      1   1623     -1
      2     81      1      2      3      1      1      2      0    956     -1
      2     81      1      2      4      7     15      1      0   1412     -1
      2     81      1      2      5      4     14      7      0    956     -1
      2     81      1      2      6      3      8      2      0    791     -1
      2     81      1      2      7      6     13      5      0    747     -1
      2     81      1      2      8      1     10      3      0    675     -1
      2     81      1      2      9      2      4      4      0    742     -1
      2     81      1      2     10      8      4      7      0    642     -1
      2     81      1      2     11      6      5      2      0    625     -1
      2     81      1      2     12      5     11      1      0    892     -1
      2     81      1      2     13      5     14      6      0    862     -1
      2     81      1      2     14      7      6      5      0    743     -1
      2     81      1      2     15      8      9      3      0    758     -1
      2     81      1      2     16      2     13      5      0   1025     -1
      2     81      2      1      1      8      3      2      0    823   2616
      2     81      2      1      2      8      3      8      1   1210    725
      2     81      2      1      3      2     14      3      0    861   1167
      2     81      2      1      4      2     14      2      1    887    683
      2     81      2      1      5      6      8      1      0    967    914
      2     81      2      1      6      6      8      6      1   1214    901
      2     81      2      1      7      3     13      3      1    672   1235
      2     81      2      1      8      1      7      3      0    831   1011
      2     81      2      1      9      1      7      1      1    727   1020
      2     81      2      1     10      6      6      3      0    794   1003
      2     81      2      1     11      6      6      6      1   1035    896
      2     81      2      1     12      5      8      3      0    831    787
      2     81      2      1     13      5      8      5      1    785    831
      2     81      2      1     14      6     10      6      1    925   1002
      2     81      2      1     15      8     14      3      0    733    621
      2     81      2      1     16      8     14      8      1    809    677
      2     81      2      2      1      1      4      2      0   1145     -1
      2     81      2      2      2      4      5      4      1   1959     -1
      2     81      2      2      3      2      8      1      0    791     -1
      2     81      2      2      4      3     12      2      0    993     -1
      2     81      2      2      5      7     12      6      0    529     -1
      2     81      2      2      6      5     12      5      1   2379     -1
      2     81      2      2      7      2     10      7      0   1294     -1
      2     81      2      2      8      5     16      4      0    676     -1
      2     81      2      2      9      8      6      3      0   1496     -1
      2     81      2      2     10      1      2      2      0   1341     -1
      2     81      2      2     11      7     13      7      1    925     -1
      2     81      2      2     12      4      1      8      0    863     -1
      2     81      2      2     13      3      6      1      0    759     -1
      2     81      2      2     14      8      8      3      0    659     -1
      2     81      2      2     15      6     16      2      0    592     -1
      2     81      2      2     16      6     12      5      0    726     -1
      2     81      3      1      1      5      2      5      1   1622   1645
      2     81      3      1      2      6      6      2      0   1031    738
      2     81      3      1      3      6      6      6      1    890    744
      2     81      3      1      4      6      3      6      1   1494   7870
      2     81      3      1      5      5     10      5      1   1330   2015
      2     81      3      1      6      3      2      4      0   1266   1062
      2     81      3      1      7      3      2      3      1   1059    840
      2     81      3      1      8      8     10      3      0   3631   2443
      2     81      3      1      9      8     10      8      1    945   2413
      2     81      3      1     10      5      2      5      1    769   1371
      2     81      3      1     11      1      7      4      0    989    811
      2     81      3      1     12      1      7      1      1    690    761
      2     81      3      1     13      7      7      3      0    866   1323
      2     81      3      1     14      7      7      7      1    852    684
      2     81      3      1     15      1      7      1      1    753   1092
      2     81      3      1     16      5      2      5      1   1082    704
      2     81      3      2      1      4     12      4      1   2879     -1
      2     81      3      2      2      3     15      3      1   1913     -1
      2     81      3      2      3      6      9      5      0   2093     -1
      2     81      3      2      4      5      4      5      1   1076     -1
      2     81      3      2      5      7      8      7      1   2526     -1
      2     81      3      2      6      1      9      1      1   1077     -1
      2     81      3      2      7      5      6      5      1   1279     -1
      2     81      3      2      8      2      1      3      0    826     -1
      2     81      3      2      9      2      2      2      1    613     -1
      2     81      3      2     10      6     15      4      0    559     -1
      2     81      3      2     11      4     13      7      0    609     -1
      2     81      3      2     12      1     16      1      1    592     -1
      2     81      3      2     13      3      9      8      0    612     -1
      2     81      3      2     14      8      2      5      0    791     -1
      2     81      3      2     15      8      5      3      0    675     -1
      2     81      3      2     16      7      4      2      0    543     -1
      2     81      4      1      1      1      7      1      1    683    783
      2     81      4      1      2      5      8      5      1    783   1304
      2     81      4      1      3      5      2      5      1    649    998
      2     81      4      1      4      5      9      5      1    924   1547
      2     81      4      1      5      5     10      5      1    978   1838
      2     81      4      1      6      5      8      5      1    849    834
      2     81      4      1      7      2      3      1      0    656    876
      2     81      4      1      8      2      3      2      1   1550    997
      2     81      4      1      9      1      7      1      1    706    876
      2     81      4      1     10      2      3      1      0    770    747
      2     81      4      1     11      2      3      2      1    782    573
      2     81      4      1     12      6      3      5      0   1459    676
      2     81      4      1     13      6      3      6      1   1163    902
      2     81      4      1     14      7      5      3      0    757   1102
      2     81      4      1     15      7      5      7      1    977   1069
      2     81      4      1     16      5      5      5      1    847    999
      2     81      4      2      1      5     11      5      1   1213     -1
      2     81      4      2      2      3      8      2      0   2159     -1
      2     81      4      2      3      3      6      2      0   2060     -1
      2     81      4      2      4      6      9      5      0   1042     -1
      2     81      4      2      5      1      1      3      0    542     -1
      2     81      4      2      6      8      8      4      0    475     -1
      2     81      4      2      7      6     15      1      0    562     -1
      2     81      4      2      8      1     10      2      0    460     -1
      2     81      4      2      9      2      8      2      1    491     -1
      2     81      4      2     10      4      3      7      0   1109     -1
      2     81      4      2     11      4     12      6      0    975     -1
      2     81      4      2     12      5     14      4      0    576     -1
      2     81      4      2     13      7      6      5      0    658     -1
      2     81      4      2     14      8      6      1      0    591     -1
      2     81      4      2     15      2      4      2      1    526     -1
      2     81      4      2     16      7     12      6      0    741     -1
      2     81      5      1      1      6     11      5      0   1280   4779
      2     81      5      1      2      6     11      6      1   1815    471
      2     81      5      1      3      6      3      5      0    855    485
      2     81      5      1      4      6      3      5      0   1850    604
      2     81      5      1      5      6      3      6      1   1249    766
      2     81      5      1      6      4      9      2      0    890    614
      2     81      5      1      7      4      9      4      1    818    505
      2     81      5      1      8      3     13      1      0    866    818
      2     81      5      1      9      3     13      3      1    751    666
      2     81      5      1     10      1      7      3      0   1114    738
      2     81      5      1     11      1      7      1      1    735   1779
      2     81      5      1     12      5      2      5      1   1897   1343
      2     81      5      1     13      2      3      1      0    723    624
      2     81      5      1     14      2      3      3      0   1515    472
      2     81      5      1     15      2      3      2      1    694    545
      2     81      5      1     16      6      6      3      0   2354    468
      2     81      5      2      1      7     13      3      0   2912     -1
      2     81      5      2      2      5      6      1      0    592     -1
      2     81      5      2      3      2     13      2      1    525     -1
      2     81      5      2      4      6     16      7      0    508     -1
      2     81      5      2      5      3      9      6      0    858     -1
      2     81      5      2      6      4     14      4      1    559     -1
      2     81      5      2      7      2      1      2      1    558     -1
      2     81      5      2      8      8      5      5      0    629     -1
      2     81      5      2      9      7     15      3      0    577     -1
      2     81      5      2     10      1     16      1      1    458     -1
      2     81      5      2     11      8      2      2      0    626     -1
      2     81      5      2     12      3     10      3      1    458     -1
      2     81      5      2     13      6     12      7      0    691     -1
      2     81      5      2     14      4      1      8      0    493     -1
      2     81      5      2     15      1      9      6      0    576     -1
      2     81      5      2     16      5     16      1      0    589     -1
      2     81      6      1      1      3     16      2      0    940   1691
      2     81      6      1      2      3     16      3      1   1355    699
      2     81      6      1      3      3      7      1      0    884   2686
      2     81      6      1      4      3      7      3      1    994    661
      2     81      6      1      5      3      2      2      0    813    640
      2     81      6      1      6      3      2      3      1    997    852
      2     81      6      1      7      6      8      3      0    747    672
      2     81      6      1      8      6      8      6      1   1643    709
      2     81      6      1      9      1      3      3      0    902   1059
      2     81      6      1     10      1      3      1      1   1150    965
      2     81      6      1     11      5      9      5      1    891   1710
      2     81      6      1     12      7     16      5      0   1436    732
      2     81      6      1     13      7     16      7      1   2018    587
      2     81      6      1     14      4     10      6      0   1256    713
      2     81      6      1     15      4     10      4      1    631    670
      2     81      6      1     16      7      7      1      0    794   1002
      2     81      6      2      1      2     10      2      1   1013     -1
      2     81      6      2      2      5      4      3      0    509     -1
      2     81      6      2      3      8      4      7      0    493     -1
      2     81      6      2      4      6      5      6      1    474     -1
      2     81      6      2      5      2      2      1      0    563     -1
      2     81      6      2      6      1      2      3      0    575     -1
      2     81      6      2      7      8      9      3      0    641     -1
      2     81      6      2      8      4      5      8      0    558     -1
      2     81      6      2      9      4     13      7      0    576     -1
      2     81      6      2     10      3     15      6      0    778     -1
      2     81      6      2     11      1      4      5      0    624     -1
      2     81      6      2     12      6     13      6      1    525     -1
      2     81      6      2     13      3     12      3      1    526     -1
      2     81      6      2     14      7      4      7      1    508     -1
      2     81      6      2     15      5     12      1      0    624     -1
      2     81      6      2     16      7      8      5      0    708     -1
      2     81      7      1      1      3     16      8      0   1566   2749
      2     81      7      1      2      3     16      3      1    912    912
      2     81      7      1      3      6      3      6      1   1053    731
      2     81      7      1      4      5      2      5      1    746    720
      2     81      7      1      5      5      8      5      1    761   1166
      2     81      7      1      6      5     10      5      1    764   1980
      2     81      7      1      7      5      2      5      1    580    623
      2     81      7      1      8      5      2      5      1    612    413
      2     81      7      1      9      5      2      5      1    632    441
      2     81      7      1     10      5      2      5      1    612    429
      2     81      7      1     11      5      2      5      1    601    538
      2     81      7      1     12      5      2      5      1    605    385
      2     81      7      1     13      5      2      5      1    625    497
      2     81      7      1     14      5      2      5      1    687    712
      2     81      7      1     15      5      2      5      1    652    896
      2     81      7      1     16      5      2      5      1    591    777
      2     81      7      2      1      8      8      2      0    780     -1
      2     81      7      2      2      4     13      3      0    609     -1
      2     81      7      2      3      8      2      1      0    723     -1
      2     81      7      2      4      4      1      6      0    893     -1
      2     81      7      2      5      7     15      3      0    709     -1
      2     81      7      2      6      2      4      4      0    760     -1
      2     81      7      2      7      6     15      2      0    576     -1
      2     81      7      2      8      5     11      6      0    708     -1
      2     81      7      2      9      7     12      5      0    958     -1
      2     81      7      2     10      1      4      6      0    711     -1
      2     81      7      2     11      3     10      2      0    742     -1
      2     81      7      2     12      2      1      8      0   1159     -1
      2     81      7      2     13      3     12      7      0    628     -1
      2     81      7      2     14      5     12      3      0    709     -1
      2     81      7      2     15      6      9      5      0    644     -1
      2     81      7      2     16      1     10      3      0    458     -1
      2     81      8      1      1      5      2      5      1    715   2018
      2     81      8      1      2      5      2      5      1    691    645
      2     81      8      1      3      5      2      5      1    662    574
      2     81      8      1      4      5      2      5      1    665    541
      2     81      8      1      5      5      2      5      1    613    737
      2     81      8      1      6      5      2      5      1    652    600
      2     81      8      1      7      5      2      5      1    589    549
      2     81      8      1      8      5      2      5      1    617    407
      2     81      8      1      9      5      2      5      1    573   1172
      2     81      8      1     10      5      2      5      1    631    491
      2     81      8      1     11      5      2      5      1    575    741
      2     81      8      1     12      5      2      5      1    604    895
      2     81      8      1     13      2      3      1      0    930    720
      2     81      8      1     14      2      3      2      1    725    629
      2     81      8      1     15      3     13      1      0    691    629
      2     81      8      1     16      3     13      3      1    708    727
      2     81      8      2      1      1      2      3      0   3944     -1
      2     81      8      2      2      5      6      2      0   1010     -1
      2     81      8      2      3      5     16      1      0    658     -1
      2     81      8      2      4      3      9      2      0    575     -1
      2     81      8      2      5      2     13      8      0    592     -1
      2     81      8      2      6      2     10      4      0   1061     -1
      2     81      8      2      7      6     13      6      1    609     -1
      2     81      8      2      8      4     12      2      0    641     -1
      2     81      8      2      9      7      8      1      0    674     -1
      2     81      8      2     10      6      5      3      0    525     -1
      2     81      8      2     11      4      3      2      0    508     -1
      2     81      8      2     12      8      4      5      0    541     -1
      2     81      8      2     13      7      6      2      0    742     -1
      2     81      8      2     14      3      8      2      0    558     -1
      2     81      8      2     15      8      9      3      0    411     -1
      2     81      8      2     16      1      9      8      0    475     -1
      2     81      9      1      1      2      3      2      1    973   1320
      2     81      9      1      2      5      2      5      1   1009    480
      2     81      9      1      3      2      3      2      1    807    451
      2     81      9      1      4      5      2      5      1    546    573
      2     81      9      1      5      2      3      2      1    561    512
      2     81      9      1      6      5      2      5      1    622    468
      2     81      9      1      7      2      3      2      1    730    557
      2     81      9      1      8      5      2      5      1    905    664
      2     81      9      1      9      2      3      2      1    623    680
      2     81      9      1     10      5      2      5      1    985    945
      2     81      9      1     11      2      3      2      1    670    667
      2     81      9      1     12      5      2      5      1    536    633
      2     81      9      1     13      2      3      2      1   1125    579
      2     81      9      1     14      5      2      5      1    594    725
      2     81      9      1     15      2      3      2      1    633   1079
      2     81      9      1     16      5      2      5      1    753    519
      2     81      9      2      1      8      6      2      0    646     -1
      2     81      9      2      2      8      5      1      0    825     -1
      2     81      9      2      3      4     14      3      0    890     -1
      2     81      9      2      4      6     16      4      0    708     -1
      2     81      9      2      5      2      8      5      0    574     -1
      2     81      9      2      6      7     13      6      0    657     -1
      2     81      9      2      7      4      5      7      0    540     -1
      2     81      9      2      8      7      4      8      0    693     -1
      2     81      9      2      9      6     12      1      0    691     -1
      2     81      9      2     10      2      2      2      1    479     -1
      2     81      9      2     11      3      6      3      1    407     -1
      2     81      9      2     12      5      4      4      0    611     -1
      2     81      9      2     13      3     15      5      0    657     -1
      2     81      9      2     14      5     14      6      0    692     -1
      2     81      9      2     15      1      1      7      0    641     -1
      2     81      9      2     16      1     16      8      0    691     -1
