      1    176      1      1      1      5      8      5      1   6356
      1    176      1      1      2      8      2      3      0   6705
      1    176      1      1      3      6      9      1      0   7116
      1    176      1      1      4      7     10      1      0   5039
      1    176      1      1      5      3     13      3      1   2792
      1    176      1      1      6      3     16      2      0   4025
      1    176      1      1      7      6      6      4      0   1497
      1    176      1      1      8      1     11      1      1   7838
      1    176      1      1      9      4     10      2      0   2715
      1    176      1      1     10      7     16      2      0   7302
      1    176      1      1     11      8     14      2      0  10460
      1    176      1      1     12      4     11      3      0  10951
      1    176      1      1     13      1      3      3      0   2271
      1    176      1      1     14      2      4      5      0   7588
      1    176      1      1     15      5      4      5      1   1928
      1    176      1      1     16      2     10      2      1   3676
      1    176      1      2      1      1      5      3      0   2879
      1    176      1      2      2      6     10      6      1   2130
      1    176      1      2      3      5      7      5      1   1847
      1    176      1      2      4      4     16      2      0   1913
      1    176      1      2      5      4      5      4      1   4030
      1    176      1      2      6      6     11      6      1   2246
      1    176      1      2      7      8      9      8      1   1329
      1    176      1      2      8      7      8      7      1   2463
      1    176      1      2      9      3      7      1      0   3246
      1    176      1      2     10      5      9      5      1   3363
      1    176      1      2     11      8     13      3      0   3746
      1    176      1      2     12      2      1      2      1   1296
      1    176      1      2     13      1     14      1      1   1496
      1    176      1      2     14      7     15      6      0   2680
      1    176      1      2     15      3      8      7      0   2730
      1    176      1      2     16      2     13      2      1   1613
      1    176      2      1      1      8      5      8      1   9372
      1    176      2      1      2      3      2      6      0   2516
      1    176      2      1      3      1      9      1      1   2521
      1    176      2      1      4      5     14      5      1   1589
      1    176      2      1      5      2      2      1      0   3599
      1    176      2      1      6      6     15      7      0   1602
      1    176      2      1      7      3     12      7      0   1708
      1    176      2      1      8      6     13      4      0   2306
      1    176      2      1      9      2      5      2      1   2505
      1    176      2      1     10      8     16      4      0   1866
      1    176      2      1     11      1      7      6      0   2710
      1    176      2      1     12      7     12      7      1   6110
      1    176      2      1     13      5      5      5      1   1788
      1    176      2      1     14      4     12      2      0   2679
      1    176      2      1     15      7     13      3      0   5916
      1    176      2      1     16      4     15      4      1   2560
      1    176      2      2      1      6      7      5      0   5413
      1    176      2      2      2      5     11      5      1   1313
      1    176      2      2      3      1     16      1      1   2746
      1    176      2      2      4      7      5      4      0   2213
      1    176      2      2      5      7      6      7      1   3196
      1    176      2      2      6      5      6      5      1   1679
      1    176      2      2      7      3     11      1      0   2796
      1    176      2      2      8      3     15      4      0   4847
      1    176      2      2      9      1      6      2      0   7013
      1    176      2      2     10      6     12      6      1   2448
      1    176      2      2     11      2      8      2      1   1695
      1    176      2      2     12      2     14      4      0   3446
      1    176      2      2     13      4     13      7      0   3780
      1    176      2      2     14      8      8      8      1   2013
      1    176      2      2     15      8      6      8      1   1263
      1    176      2      2     16      4      8      4      1   1963
      1    176      3      1      1      7      2      6      0   5091
      1    176      3      1      2      6      3      7      0   2766
      1    176      3      1      3      5      2      5      1   1286
      1    176      3      1      4      7      4      4      0   5632
      1    176      3      1      5      6     16      3      0   4530
      1    176      3      1      6      2      6      2      1   1312
      1    176      3      1      7      8     15      8      1   1317
      1    176      3      1      8      1      4      4      0   1159
      1    176      3      1      9      1      2      4      0   1846
      1    176      3      1     10      3     14      6      0   1322
      1    176      3      1     11      4      1      4      1   2776
      1    176      3      1     12      5     10      5      1   2414
      1    176      3      1     13      4     14      1      0   2438
      1    176      3      1     14      3      9      7      0   5072
      1    176      3      1     15      2      9      2      1   2798
      1    176      3      1     16      8      3      8      1   1466
      1    176      3      2      1      6      8      5      0   3763
      1    176      3      2      2      3      6      3      1   3479
      1    176      3      2      3      5     16      5      1   1096
      1    176      3      2      4      2     16      4      0   4279
      1    176      3      2      5      8      4      8      1   1180
      1    176      3      2      6      5     12      5      1   1647
      1    176      3      2      7      4      9      2      0   1363
      1    176      3      2      8      3     10      3      1   2963
      1    176      3      2      9      1     10      4      0   2063
      1    176      3      2     10      1      1      3      0   3397
      1    176      3      2     11      7     14      6      0   1546
      1    176      3      2     12      8     10      7      0   1364
      1    176      3      2     13      7      7      7      1   1980
      1    176      3      2     14      2      3      6      0   1465
      1    176      3      2     15      6      5      1      0   3013
      1    176      3      2     16      4      3      6      0   1763
      1    176      4      1      1      3     12      3      1   3547
      1    176      4      1      2      1     11      4      0   2811
      1    176      4      1      3      6     13      6      1   1309
      1    176      4      1      4      1      2      7      0   1121
      1    176      4      1      5      3     14      3      1   1458
      1    176      4      1      6      6      9      6      1   5565
      1    176      4      1      7      4     15      7      0   3333
      1    176      4      1      8      7     10      7      1   1439
      1    176      4      1      9      7      2      7      1   2312
      1    176      4      1     10      8      3      8      1   1082
      1    176      4      1     11      5     14      5      1   1616
      1    176      4      1     12      2      4      2      1   1006
      1    176      4      1     13      4     10      2      0   3210
      1    176      4      1     14      5     10      5      1   2130
      1    176      4      1     15      8     16      8      1   1067
      1    176      4      1     16      2      9      1      0   1456
      1    176      4      2      1      7     14      4      0  11396
      1    176      4      2      2      4      9      2      0   1746
      1    176      4      2      3      3     11      3      1   2929
      1    176      4      2      4      2     16      1      0   2246
      1    176      4      2      5      8      6      8      1   1297
      1    176      4      2      6      5     11      5      1   1413
      1    176      4      2      7      6      7      6      1   1346
      1    176      4      2      8      6      8      6      1   1579
      1    176      4      2      9      4      5      4      1   1763
      1    176      4      2     10      5     16      5      1   1396
      1    176      4      2     11      7      6      7      1   2513
      1    176      4      2     12      3     10      3      1   1730
      1    176      4      2     13      1      1      4      0   5063
      1    176      4      2     14      8      4      8      1   1213
      1    176      4      2     15      1     10      1      1   1780
      1    176      4      2     16      2      3      1      0   1996
      1    176      5      1      1      7      4      6      0   7576
      1    176      5      1      2      3      9      3      1   1334
      1    176      5      1      3      7     16      4      0   2085
      1    176      5      1      4      8     14      8      1   1975
      1    176      5      1      5      2      6      2      1    710
      1    176      5      1      6      8     15      8      1   1539
      1    176      5      1      7      5      2      5      1   1047
      1    176      5      1      8      4      1      4      1   2303
      1    176      5      1      9      6      6      6      1   5687
      1    176      5      1     10      1      4      1      1   2327
      1    176      5      1     11      3     13      3      1   2245
      1    176      5      1     12      2      2      2      1   1311
      1    176      5      1     13      5      8      5      1   1093
      1    176      5      1     14      4     14      7      0   3731
      1    176      5      1     15      6     16      6      1   1750
      1    176      5      1     16      1      9      1      1   1301
      1    176      5      2      1      7     15      7      1   7963
      1    176      5      2      2      6     12      6      1   4380
      1    176      5      2      3      5      6      5      1   1163
      1    176      5      2      4      8     13      8      1   1296
      1    176      5      2      5      5      7      5      1   1247
      1    176      5      2      6      3      6      3      1   2847
      1    176      5      2      7      4     16      4      1   2546
      1    176      5      2      8      7      5      4      0   2496
      1    176      5      2      9      1     16      4      0   4046
      1    176      5      2     10      2      1      2      1   1379
      1    176      5      2     11      2     13      2      1   1180
      1    176      5      2     12      8     10      3      0   2979
      1    176      5      2     13      6      5      6      1   1729
      1    176      5      2     14      4     13      3      0   4813
      1    176      5      2     15      3     15      3      1   1847
      1    176      5      2     16      1     14      6      0   2331
      1    176      6      1      1      6     15      6      1   1907
      1    176      6      1      2      7     12      3      0   2832
      1    176      6      1      3      5      5      5      1   2098
      1    176      6      1      4      2     10      2      1   1204
      1    176      6      1      5      8      2      8      1   1534
      1    176      6      1      6      5      4      5      1   1336
      1    176      6      1      7      1      7      3      0   2325
      1    176      6      1      8      4     12      1      0   2017
      1    176      6      1      9      7     13      4      0   1734
      1    176      6      1     10      3     16      3      1   1573
      1    176      6      1     11      2      5      2      1   1353
      1    176      6      1     12      6      3      6      1   1419
      1    176      6      1     13      8      5      8      1   1409
      1    176      6      1     14      1      3      1      1   2933
      1    176      6      1     15      4     11      2      0   1255
      1    176      6      1     16      3      2      7      0   2042
      1    176      6      2      1      2     14      4      0   4196
      1    176      6      2      2      5      9      5      1   1197
      1    176      6      2      3      7      8      4      0   6296
      1    176      6      2      4      1      6      3      0   1446
      1    176      6      2      5      1      5      7      0   3063
      1    176      6      2      6      3      8      3      1   1796
      1    176      6      2      7      4      8      1      0   1796
      1    176      6      2      8      5     12      5      1   1296
      1    176      6      2      9      3      7      7      0   2963
      1    176      6      2     10      4      3      4      1   8913
      1    176      6      2     11      7      7      7      1   1780
      1    176      6      2     12      6     11      6      1    996
      1    176      6      2     13      8      8      8      1   1296
      1    176      6      2     14      6     10      6      1   1163
      1    176      6      2     15      8      9      8      1   1496
      1    176      6      2     16      2      8      2      1    979
      1    176      7      1      1      2      5      2      1   1105
      1    176      7      1      2      1      3      1      1   1415
      1    176      7      1      3      2     10      2      1   2000
      1    176      7      1      4      5     14      5      1   1961
      1    176      7      1      5      7      4      4      0   5812
      1    176      7      1      6      8     15      8      1   1945
      1    176      7      1      7      4     12      1      0   1560
      1    176      7      1      8      6     16      6      1   1298
      1    176      7      1      9      6      6      6      1   1295
      1    176      7      1     10      4     10      2      0   3149
      1    176      7      1     11      8     14      8      1   1026
      1    176      7      1     12      1      9      1      1   1431
      1    176      7      1     13      3     16      3      1   2121
      1    176      7      1     14      5      2      5      1   2864
      1    176      7      1     15      7     10      7      1   1818
      1    176      7      1     16      3      9      3      1   1994
      1    176      7      2      1      8      6      8      1   2996
      1    176      7      2      2      5      6      5      1   1080
      1    176      7      2      3      2     16      4      0   5579
      1    176      7      2      4      8     10      8      1   2196
      1    176      7      2      5      7     15      7      1   1180
      1    176      7      2      6      3     11      3      1   2846
      1    176      7      2      7      2     14      1      0   4280
      1    176      7      2      8      1     16      1      1   3546
      1    176      7      2      9      3      6      4      0   1913
      1    176      7      2     10      6      5      6      1   1013
      1    176      7      2     11      6     10      6      1   1030
      1    176      7      2     12      4      5      4      1   8063
      1    176      7      2     13      1      6      3      0   1164
      1    176      7      2     14      4      3      1      0   1429
      1    176      7      2     15      5     16      5      1   1212
      1    176      7      2     16      7      7      7      1   1813
      1    176      8      1      1      7     16      7      1   2684
      1    176      8      1      2      8     16      8      1   1230
      1    176      8      1      3      6     13      6      1   1080
      1    176      8      1      4      4      1      4      1   4428
      1    176      8      1      5      1      7      3      0   1557
      1    176      8      1      6      3     14      3      1   1189
      1    176      8      1      7      8      2      8      1   1158
      1    176      8      1      8      2      6      2      1    925
      1    176      8      1      9      6     15      6      1   2082
      1    176      8      1     10      3     13      3      1   4456
      1    176      8      1     11      4     11      2      0   3026
      1    176      8      1     12      7     13      7      1   1257
      1    176      8      1     13      1     11      1      1   2099
      1    176      8      1     14      5      5      5      1   1065
      1    176      8      1     15      2      2      2      1    983
      1    176      8      1     16      5      8      5      1   1351
      1    176      8      2      1      3      8      7      0   1663
      1    176      8      2      2      5     11      5      1    963
      1    176      8      2      3      8     13      8      1   2029
      1    176      8      2      4      4      8      2      0   3746
      1    176      8      2      5      7      5      7      1   4063
      1    176      8      2      6      6      7      6      1   1546
      1    176      8      2      7      7     14      4      0   2613
      1    176      8      2      8      2      1      2      1    980
      1    176      8      2      9      5      9      5      1   1130
      1    176      8      2     10      6     11      6      1   1098
      1    176      8      2     11      8      4      8      1   1379
      1    176      8      2     12      2      8      2      1   1679
      1    176      8      2     13      1     10      1      1   1413
      1    176      8      2     14      3     10      3      1   3130
      1    176      8      2     15      4     13      1      0   3030
      1    176      8      2     16      1      5      7      0   1330
      1    176      9      1      1      6      9      6      1   1269
      1    176      9      1      2      5     10      5      1   1459
      1    176      9      1      3      3      2      7      0   1314
      1    176      9      1      4      7      2      7      1   1237
      1    176      9      1      5      2      9      2      1   1058
      1    176      9      1      6      3     12      3      1   4426
      1    176      9      1      7      4     15      1      0   2177
      1    176      9      1      8      2      4      2      1   1049
      1    176      9      1      9      5      4      5      1    985
      1    176      9      1     10      6      3      6      1   1716
      1    176      9      1     11      4     14      4      1   2222
      1    176      9      1     12      1      4      4      0   1722
      1    176      9      1     13      8      3      8      1   1375
      1    176      9      1     14      1      2      1      1   2119
      1    176      9      1     15      8      5      8      1   1666
      1    176      9      1     16      7     12      7      1   1596
      1    176      9      2      1      6     12      6      1   9113
      1    176      9      2      2      4      9      2      0   1513
      1    176      9      2      3      8      9      8      1   1281
      1    176      9      2      4      7      8      4      0   5363
      1    176      9      2      5      3      7      3      1   1746
      1    176      9      2      6      1      1      1      1   3630
      1    176      9      2      7      5      7      5      1   1263
      1    176      9      2      8      1     14      6      0   1846
      1    176      9      2      9      5     12      5      1   1596
      1    176      9      2     10      8      8      8      1   3296
      1    176      9      2     11      7      6      6      0   1729
      1    176      9      2     12      6      8      6      1   1213
      1    176      9      2     13      3     15      7      0   1296
      1    176      9      2     14      4     16      2      0   3613
      1    176      9      2     15      2     13      2      1   1046
      1    176      9      2     16      2      3      4      0   1463
