      2    147      1      1      1      7     16      1      0   3551   3927
      2    147      1      1      2      2      9      7      0   1556  10834
      2    147      1      1      3      2      1      2      1    998   2124
      2    147      1      1      4      4     14      7      0   1810   2541
      2    147      1      1      5      4     13      4      1   2358   1476
      2    147      1      1      6      7     16      7      1   2058   9984
      2    147      1      1      7      2      6      2      1   2551   2906
      2    147      1      1      8      7     15      7      1   1159   1299
      2    147      1      1      9      4     16      6      0   2728   3258
      2    147      1      1     10      1      2      1      1   1098   3272
      2    147      1      1     11      8      3      1      0    981   3124
      2    147      1      1     12      8      9      8      1   2798   5452
      2    147      1      1     13      5      2      5      1   2058   1903
      2    147      1      1     14      5      9      5      1    840   1398
      2    147      1      1     15      2      6      2      1    812   2114
      2    147      1      1     16      1      5      6      0   3674   2596
      2    147      1      2      1      5      8      5      1   2634
      2    147      1      2      2      4      5      4      1   6641
      2    147      1      2      3      4     11      3      0   1958
      2    147      1      2      4      6     12      6      1   2491
      2    147      1      2      5      2      3      7      0   3891
      2    147      1      2      6      8      8      8      1   6491
      2    147      1      2      7      1      9      1      1   3327
      2    147      1      2      8      7     14      6      0   6393
      2    147      1      2      9      7      4      1      0   4327
      2    147      1      2     10      2      5      2      1   2959
      2    147      1      2     11      5     14      5      1   1159
      2    147      1      2     12      8      4      8      1   2960
      2    147      1      2     13      3     13      7      0   3042
      2    147      1      2     14      6      7      6      1   3841
      2    147      1      2     15      3      2      3      1   4209
      2    147      1      2     16      1      3      4      0   6742
      2    147      2      1      1      4     16      3      0   3927   1610
      2    147      2      1      2      1      5      1      1   2852    892
      2    147      2      1      3      6      5      1      0   2257   1825
      2    147      2      1      4      4     16      4      1   1358   2558
      2    147      2      1      5      1      5      1      1   1180    700
      2    147      2      1      6      6      5      6      1   1071    861
      2    147      2      1      7      7     12      1      0   1870    845
      2    147      2      1      8      7     12      7      1   1150   2487
      2    147      2      1      9      1      6      1      1   1327   1642
      2    147      2      1     10      7     15      3      0   4332   1113
      2    147      2      1     11      7     15      7      1    989   2643
      2    147      2      1     12      2     16      2      1   3321   3661
      2    147      2      1     13      6      9      6      1   3072   1970
      2    147      2      1     14      8     14      8      1   1346    983
      2    147      2      1     15      2      1      2      1   1543    888
      2    147      2      1     16      3     12      7      0   2177    791
      2    147      2      2      1      8     16      8      1   1746
      2    147      2      2      2      3     11      3      1   7794
      2    147      2      2      3      4      3      3      0   1613
      2    147      2      2      4      5     12      5      1   1013
      2    147      2      2      5      7      8      3      0   3509
      2    147      2      2      6      2      4      2      1   5058
      2    147      2      2      7      6      3      6      1   3091
      2    147      2      2      8      4     15      7      0   2113
      2    147      2      2      9      8      6      8      1   1009
      2    147      2      2     10      1      1      1      1   3992
      2    147      2      2     11      7     13      4      0   7092
      2    147      2      2     12      6     13      4      0   4678
      2    147      2      2     13      5      4      5      1   1258
      2    147      2      2     14      1      4      1      1   3075
      2    147      2      2     15      2     10      2      1   1559
      2    147      2      2     16      3      7      6      0   5525
      2    147      3      1      1      3     12      4      0   1711   5083
      2    147      3      1      2      8      9      8      1    867   2452
      2    147      3      1      3      5     10      5      1   1194    885
      2    147      3      1      4      2      9      2      1   1622   1450
      2    147      3      1      5      6      6      3      0   8282   1834
      2    147      3      1      6      4      8      1      0   1710   2927
      2    147      3      1      7      4     12      2      0   1051   3090
      2    147      3      1      8      2     14      8      0   1774    859
      2    147      3      1      9      3     15      7      0   5360   7886
      2    147      3      1     10      3     12      4      0   2388   3643
      2    147      3      1     11      8      2      8      1    745   4278
      2    147      3      1     12      3     10      3      1   1763    753
      2    147      3      1     13      4      9      5      0   1252    731
      2    147      3      1     14      2     14      2      1   1431   6179
      2    147      3      1     15      5      7      5      1   2290    956
      2    147      3      1     16      8      3      8      1    850   2194
      2    147      3      2      1      8      5      8      1   1295
      2    147      3      2      2      1     16      3      0  10309
      2    147      3      2      3      5     16      5      1   1043
      2    147      3      2      4      4     10      4      1   4842
      2    147      3      2      5      2      2      4      0   1909
      2    147      3      2      6      6     10      6      1   1677
      2    147      3      2      7      8     15      8      1   1192
      2    147      3      2      8      6      8      6      1   4392
      2    147      3      2      9      3      9      3      1   3341
      2    147      3      2     10      1     10      2      0    843
      2    147      3      2     11      4      1      4      1   4059
      2    147      3      2     12      5      5      5      1   1343
      2    147      3      2     13      2     13      2      1   1259
      2    147      3      2     14      7      2      3      0   9841
      2    147      3      2     15      3      8      3      1   2042
      2    147      3      2     16      7      6      1      0   1258
      2    147      4      1      1      7     10      3      0   2219   1250
      2    147      4      1      2      7     16      4      0   4330   5207
      2    147      4      1      3      7     15      7      1   1573   4806
      2    147      4      1      4      6     15      4      0   4698   1949
      2    147      4      1      5      6     15      6      1   4636   2288
      2    147      4      1      6      6      6      7      0   1049  11851
      2    147      4      1      7      6      6      6      1   1931   1048
      2    147      4      1      8      7     10      6      0   2583   1768
      2    147      4      1      9      2      6      2      1   1589   3069
      2    147      4      1     10      6     11      6      1   1300    801
      2    147      4      1     11      1      2      3      0   2521   2516
      2    147      4      1     12      4     14      1      0   2628   6166
      2    147      4      1     13      3     16      3      1   1717   2210
      2    147      4      1     14      4     13      1      0   1369    897
      2    147      4      1     15      1      2      1      1   1732   1635
      2    147      4      1     16      1      5      1      1   1266   5259
      2    147      4      2      1      6     13      6      1   2982
      2    147      4      2      2      5      5      5      1   1211
      2    147      4      2      3      2      3      1      0   4211
      2    147      4      2      4      1      1      3      0   1763
      2    147      4      2      5      6     10      6      1   2263
      2    147      4      2      6      4     10      4      1   3579
      2    147      4      2      7      3     11      3      1   2463
      2    147      4      2      8      8      8      8      1   2210
      2    147      4      2      9      2     13      2      1   1961
      2    147      4      2     10      8      6      8      1   1327
      2    147      4      2     11      3     13      3      1   1062
      2    147      4      2     12      7      4      6      0   7794
      2    147      4      2     13      1      3      1      1   2494
      2    147      4      2     14      7      2      4      0   8961
      2    147      4      2     15      4      5      4      1   3726
      2    147      4      2     16      5      8      5      1   1029
      2    147      5      1      1      7     10      6      0   2950   1278
      2    147      5      1      2      7     15      7      1    858   2773
      2    147      5      1      3      7     16      7      1    908   2564
      2    147      5      1      4      7      5      7      1   1038   1811
      2    147      5      1      5      7     12      7      1    768   2897
      2    147      5      1      6      3     10      3      1   4471   1747
      2    147      5      1      7      1      7      3      0    832   1014
      2    147      5      1      8      1      7      1      1   1058   2283
      2    147      5      1      9      7     10      7      1   2600   1222
      2    147      5      1     10      6     15      6      1    917   2387
      2    147      5      1     11      1     11      1      1    703   1239
      2    147      5      1     12      2      6      2      1    823   1383
      2    147      5      1     13      1      7      1      1    935   1029
      2    147      5      1     14      8     10      8      1    926    691
      2    147      5      1     15      7      5      7      1   3773    806
      2    147      5      1     16      1     14      1      1   2156   1696
      2    147      5      2      1      3      2      3      1   7579
      2    147      5      2      2      2      2      2      1   1409
      2    147      5      2      3      6      7      6      1   3027
      2    147      5      2      4      8     15      8      1   1562
      2    147      5      2      5      8      5      8      1   1192
      2    147      5      2      6      1     10      1      1   1979
      2    147      5      2      7      3      8      3      1   4276
      2    147      5      2      8      7     13      7      1   1174
      2    147      5      2      9      5     12      5      1   1096
      2    147      5      2     10      4     15      4      1   6093
      2    147      5      2     11      4     11      1      0   5308
      2    147      5      2     12      6      8      6      1   1308
      2    147      5      2     13      7      6      7      1   1858
      2    147      5      2     14      5      4      5      1   1125
      2    147      5      2     15      2      5      2      1   1326
      2    147      5      2     16      1      4      1      1   1276
      2    147      6      1      1      6      9      6      1   2045   7198
      2    147      6      1      2      3     15      3      1   5255   5006
      2    147      6      1      3      3     10      4      0    834   2883
      2    147      6      1      4      5      7      4      0   1462   1702
      2    147      6      1      5      7      7      7      1   2395   4657
      2    147      6      1      6      3      6      4      0   4419   1991
      2    147      6      1      7      1      7      1      1   1591   9099
      2    147      6      1      8      4     16      4      1   1080   1523
      2    147      6      1      9      2     16      4      0    939   1382
      2    147      6      1     10      4     12      4      1   4651   6337
      2    147      6      1     11      1      2      4      0   1275   3281
      2    147      6      1     12      2     16      2      1   1064   9302
      2    147      6      1     13      2     14      8      0   1756   1544
      2    147      6      1     14      4     14      4      1   1082  11170
      2    147      6      1     15      4     16      4      1    968   1224
      2    147      6      1     16      3     16      7      0   1787   1237
      2    147      6      2      1      8     16      8      1   9630
      2    147      6      2      2      5     14      5      1   1025
      2    147      6      2      3      2     10      2      1   1580
      2    147      6      2      4      7      8      7      1   2307
      2    147      6      2      5      2      4      2      1   1345
      2    147      6      2      6      6      3      6      1   2057
      2    147      6      2      7      1      9      1      1   1259
      2    147      6      2      8      5     16      5      1    924
      2    147      6      2      9      4      3      1      0   1889
      2    147      6      2     10      4      1      7      0   4312
      2    147      6      2     11      8      4      8      1   1159
      2    147      6      2     12      7     14      3      0   8642
      2    147      6      2     13      1     16      1      1   1596
      2    147      6      2     14      3      7      6      0   6629
      2    147      6      2     15      6     12      6      1   1194
      2    147      6      2     16      3      9      7      0   3759
      2    147      7      1      1      4     16      4      1   3143   2222
      2    147      7      1      2      1      5      1      1    945    762
      2    147      7      1      3      6      5      6      1   1298    966
      2    147      7      1      4      7     12      3      0   2332    786
      2    147      7      1      5      1      6      1      1    920    724
      2    147      7      1      6      7     15      7      1   2729   1099
      2    147      7      1      7      2     16      2      1   1755    811
      2    147      7      1      8      6      9      6      1   3279   1080
      2    147      7      1      9      8     14      8      1   1006    794
      2    147      7      1     10      2      1      2      1   1133    816
      2    147      7      1     11      3     12      7      0   2897    704
      2    147      7      1     12      7     12      7      1   1050   3111
      2    147      7      1     13      3     12      3      1    803    749
      2    147      7      1     14      8      9      8      1   1253   1449
      2    147      7      1     15      5     10      5      1   1339   1299
      2    147      7      1     16      2      9      2      1   5098   1111
      2    147      7      2      1      8      6      8      1   1378
      2    147      7      2      2      4     15      3      0   6026
      2    147      7      2      3      7      6      7      1   1746
      2    147      7      2      4      5      5      5      1   1208
      2    147      7      2      5      5     12      5      1    829
      2    147      7      2      6      1     16      1      1   1409
      2    147      7      2      7      1      9      1      1   1174
      2    147      7      2      8      6     13      6      1   1225
      2    147      7      2      9      2      2      2      1   1129
      2    147      7      2     10      7     14      3      0   3959
      2    147      7      2     11      6     10      6      1   1196
      2    147      7      2     12      8      4      8      1    976
      2    147      7      2     13      3      2      3      1   8043
      2    147      7      2     14      3      8      7      0   1726
      2    147      7      2     15      4     10      4      1   2591
      2    147      7      2     16      2     10      4      0   1175
      2    147      8      1      1      6      6      6      1   1226   4001
      2    147      8      1      2      4      8      4      1   3417    997
      2    147      8      1      3      4     12      1      0   1186   1306
      2    147      8      1      4      4     12      4      1    899    865
      2    147      8      1      5      2     14      4      0   5045   1016
      2    147      8      1      6      3     15      7      0   2559    722
      2    147      8      1      7      8      2      8      1    821    989
      2    147      8      1      8      3     10      3      1    513    558
      2    147      8      1      9      4      9      4      1   4105   1022
      2    147      8      1     10      5      7      5      1   2239   2150
      2    147      8      1     11      8      3      8      1   1470   1288
      2    147      8      1     12      7     16      7      1   1481    966
      2    147      8      1     13      8     13      8      1    765    850
      2    147      8      1     14      7      7      7      1   1378   1279
      2    147      8      1     15      3      6      3      1   4427   2066
      2    147      8      1     16      1     14      1      1    854   1905
      2    147      8      2      1      3      7      6      0   8814
      2    147      8      2      2      7      8      7      1   1308
      2    147      8      2      3      7      2      7      1    974
      2    147      8      2      4      4      5      4      1   2925
      2    147      8      2      5      5     16      5      1    892
      2    147      8      2      6      2      3      1      0   1325
      2    147      8      2      7      2     13      2      1   1359
      2    147      8      2      8      5      8      5      1    810
      2    147      8      2      9      1      1      3      0   3958
      2    147      8      2     10      1     10      1      1   1263
      2    147      8      2     11      6     12      6      1   1342
      2    147      8      2     12      4      3      1      0   1692
      2    147      8      2     13      8      8      8      1   1425
      2    147      8      2     14      3     11      3      1   1943
      2    147      8      2     15      6      7      6      1   1075
      2    147      8      2     16      8     16      8      1    992
      2    147      9      1      1      3      6      3      1   1190   3466
      2    147      9      1      2      6     11      6      1    721   1124
      2    147      9      1      3      1     14      1      1    746    919
      2    147      9      1      4      7      5      7      1   1307   1153
      2    147      9      1      5      8     10      8      1   1347    898
      2    147      9      1      6      2      8      2      1    813    722
      2    147      9      1      7      1      7      3      0   1124   6822
      2    147      9      1      8      1      2      1      1   1511   1541
      2    147      9      1      9      3     16      1      0    994   3310
      2    147      9      1     10      4     14      4      1   2496   2864
      2    147      9      1     11      4     13      4      1   2286   1189
      2    147      9      1     12      3     14      1      0   2340   4182
      2    147      9      1     13      6     16      6      1    734  10310
      2    147      9      1     14      1      7      1      1   2345   1850
      2    147      9      1     15      3     16      4      0   2628   1689
      2    147      9      1     16      3     10      3      1   3040  26856
      2    147      9      2      1      5      4      5      1    979
      2    147      9      2      2      8     15      8      1   1375
      2    147      9      2      3      7      4      6      0   3626
      2    147      9      2      4      3     13      3      1   4830
      2    147      9      2      5      2      5      2      1   3142
      2    147      9      2      6      7     13      7      1   1292
      2    147      9      2      7      6      3      6      1   1041
      2    147      9      2      8      1      3      1      1   1509
      2    147      9      2      9      6      8      6      1   1057
      2    147      9      2     10      4     11      1      0   7076
      2    147      9      2     11      1      4      1      1   6375
      2    147      9      2     12      4      1      7      0   2310
      2    147      9      2     13      5     14      5      1    843
      2    147      9      2     14      2      4      2      1   4241
      2    147      9      2     15      8      5      8      1   1109
      2    147      9      2     16      3      9      3      1   7510
