      2    152      1      1      1      5      5      5      1   3569   3678
      2    152      1      1      2      8     13      4      0   2548   1419
      2    152      1      1      3      2      2      2      1   1232   2082
      2    152      1      1      4      4      9      1      0   1228   6985
      2    152      1      1      5      7     14      3      0   1889   4475
      2    152      1      1      6      4     15      6      0   2175   2025
      2    152      1      1      7      4      9      4      1   1404   3253
      2    152      1      1      8      8     13      8      1   2368    838
      2    152      1      1      9      2      2      2      1    940   1115
      2    152      1      1     10      4     11      3      0   1962   1094
      2    152      1      1     11      4     11      4      1   1853   1863
      2    152      1      1     12      8     14      1      0   4768   1583
      2    152      1      1     13      5     12      5      1   1402   3222
      2    152      1      1     14      3     14      1      0   1861   1657
      2    152      1      1     15      6      9      7      0   3174   2504
      2    152      1      1     16      3     13      4      0   6489   2521
      2    152      1      2      1      3     12      3      1   5138
      2    152      1      2      2      7     15      6      0   6062
      2    152      1      2      3      1     10      8      0   3630
      2    152      1      2      4      4     14      2      0   3812
      2    152      1      2      5      6      6      5      0   2396
      2    152      1      2      6      5      2      5      1   1679
      2    152      1      2      7      6      3      3      0   3896
      2    152      1      2      8      2     10      5      0   4146
      2    152      1      2      9      4      3      2      0   2845
      2    152      1      2     10      7      7      4      0   1964
      2    152      1      2     11      8      5      8      1   2279
      2    152      1      2     12      1      6      4      0   4296
      2    152      1      2     13      3      2      3      1   4646
      2    152      1      2     14      5     14      5      1   1581
      2    152      1      2     15      2      1      5      0   4295
      2    152      1      2     16      8      8      8      1   3046
      2    152      2      1      1      3     14      3      1   1138   4788
      2    152      2      1      2      4     11      2      0    947   1554
      2    152      2      1      3      4     11      4      1   1180   1026
      2    152      2      1      4      2      2      4      0   1003   1383
      2    152      2      1      5      2     14      8      0   1104   1316
      2    152      2      1      6      8      3      8      1   1093   1592
      2    152      2      1      7      4     16      4      1   1953    953
      2    152      2      1      8      2      8      2      1   1118    938
      2    152      2      1      9      1      9      1      1   3100   1652
      2    152      2      1     10      8     16      8      1   1445   1737
      2    152      2      1     11      5     16      5      1   1507   1478
      2    152      2      1     12      1      3      2      0   1704   1763
      2    152      2      1     13      7     16      3      0   2595   1060
      2    152      2      1     14      7     16      7      1   1487   1118
      2    152      2      1     15      6     16      6      1   1939   1563
      2    152      2      1     16      7      6      7      1   2444   2235
      2    152      2      2      1      7      4      7      1   5813
      2    152      2      2      2      8      2      8      1   2762
      2    152      2      2      3      2      3      1      0   2562
      2    152      2      2      4      2      5      2      1   4312
      2    152      2      2      5      5      8      5      1   1529
      2    152      2      2      6      7     13      6      0   2679
      2    152      2      2      7      3      6      4      0   3012
      2    152      2      2      8      4     12      1      0   2496
      2    152      2      2      9      6      8      5      0   2312
      2    152      2      2     10      1      2      3      0   4180
      2    152      2      2     11      3      7      7      0   2229
      2    152      2      2     12      8      4      8      1   1562
      2    152      2      2     13      5      4      5      1   1012
      2    152      2      2     14      6     13      6      1   1629
      2    152      2      2     15      4     10      4      1   3529
      2    152      2      2     16      1      7      6      0   3480
      2    152      3      1      1      4     16      1      0   1258 169878
      2    152      3      1      2      2     14      4      0    820    887
      2    152      3      1      3      3     16      6      0   1327   1839
      2    152      3      1      4      8      3      8      1    749   1189
      2    152      3      1      5      2      6      2      1    966    973
      2    152      3      1      6      2      4      2      1   1122   2307
      2    152      3      1      7      7     10      7      1    849    758
      2    152      3      1      8      4      5      6      0   1424   1115
      2    152      3      1      9      2      8      4      0   4234   1434
      2    152      3      1     10      6     15      6      1   1296   2035
      2    152      3      1     11      1      3      2      0   3691   1594
      2    152      3      1     12      1     11      1      1   1290   3515
      2    152      3      1     13      2      4      2      1   1109   1526
      2    152      3      1     14      2      9      2      1   1703   1450
      2    152      3      1     15      3     10      6      0   1486   1368
      2    152      3      1     16      7      8      7      1   2206   4658
      2    152      3      2      1      7      5      7      1   4112
      2    152      3      2      2      5      6      5      1   1812
      2    152      3      2      3      1     14      3      0   4763
      2    152      3      2      4      3     15      1      0   3613
      2    152      3      2      5      4      1      4      1   4129
      2    152      3      2      6      8     10      8      1   2597
      2    152      3      2      7      4      8      1      0   6246
      2    152      3      2      8      8     15      8      1   1762
      2    152      3      2      9      3      9      6      0   3296
      2    152      3      2     10      1     16      3      0   4163
      2    152      3      2     11      5      7      5      1   1163
      2    152      3      2     12      6     10      6      1   3746
      2    152      3      2     13      6     11      6      1   2595
      2    152      3      2     14      2     16      2      1   1962
      2    152      3      2     15      2     13      2      1   3514
      2    152      3      2     16      7      2      7      1   1463
      2    152      4      1      1      8     13      8      1   1079   1572
      2    152      4      1      2      3     14      3      1   1177   1559
      2    152      4      1      3      6      9      6      1   1146   1589
      2    152      4      1      4      3      8      1      0   6037   1548
      2    152      4      1      5      6     12      3      0   1284   4529
      2    152      4      1      6      7     16      4      0   1646   1324
      2    152      4      1      7      5     10      5      1    826   1361
      2    152      4      1      8      8     16      8      1    679    894
      2    152      4      1      9      8      3      8      1   1262   1324
      2    152      4      1     10      6     16      6      1   1919   4081
      2    152      4      1     11      1      5      2      0    984    989
      2    152      4      1     12      1      5      1      1   2943    963
      2    152      4      1     13      3     11      1      0   1193   1939
      2    152      4      1     14      1      1      3      0    995   1706
      2    152      4      1     15      1      1      1      1   1012   1242
      2    152      4      1     16      7      6      7      1   1244   2516
      2    152      4      2      1      6     11      6      1   6512
      2    152      4      2      2      4      3      3      0   9629
      2    152      4      2      3      5     14      5      1   2145
      2    152      4      2      4      8      4      8      1   2612
      2    152      4      2      5      8      2      8      1   2012
      2    152      4      2      6      2      1      2      1   1762
      2    152      4      2      7      1     16      3      0   2647
      2    152      4      2      8      3      9      3      1   5613
      2    152      4      2      9      7      5      7      1   2581
      2    152      4      2     10      4     10      1      0   5396
      2    152      4      2     11      7     15      7      1   1546
      2    152      4      2     12      6      8      6      1   3745
      2    152      4      2     13      5      4      5      1   1880
      2    152      4      2     14      3     15      3      1   2163
      2    152      4      2     15      1      2      3      0   3362
      2    152      4      2     16      2      3      4      0   6112
      2    152      5      1      1      6     12      6      1   5749   3984
      2    152      5      1      2      7      8      7      1   1473   2175
      2    152      5      1      3      3     10      3      1   2055   1249
      2    152      5      1      4      6     12      6      1   4724   1545
      2    152      5      1      5      4     13      4      1   1979   1010
      2    152      5      1      6      5     16      5      1    887   1199
      2    152      5      1      7      1     11      2      0   1391   1048
      2    152      5      1      8      1     11      1      1    903    771
      2    152      5      1      9      7      6      7      1   1467   1237
      2    152      5      1     10      6      5      6      1   2097    661
      2    152      5      1     11      6     16      6      1   1110    996
      2    152      5      1     12      8      9      8      1   1121    820
      2    152      5      1     13      4      5      1      0   2252    739
      2    152      5      1     14      4      5      4      1    956    736
      2    152      5      1     15      2      6      2      1    987    985
      2    152      5      1     16      2      9      2      1    915   1223
      2    152      5      2      1      1      7      3      0   1579
      2    152      5      2      2      6      6      6      1   3514
      2    152      5      2      3      6     10      6      1   2046
      2    152      5      2      4      7     13      7      1   3829
      2    152      5      2      5      8     10      8      1   1512
      2    152      5      2      6      5      6      5      1   1212
      2    152      5      2      7      5      7      5      1   1196
      2    152      5      2      8      4      1      1      0   4613
      2    152      5      2      9      1      6      1      1   5380
      2    152      5      2     10      3     12      3      1   1431
      2    152      5      2     11      2     10      2      1   3413
      2    152      5      2     12      3      7      6      0  17846
      2    152      5      2     13      8      8      8      1   5662
      2    152      5      2     14      7      7      7      1   1513
      2    152      5      2     15      4     14      4      1   7895
      2    152      5      2     16      2      5      2      1   1262
      2    152      6      1      1      2      8      2      1   1361   4915
      2    152      6      1      2      1      9      4      0    934    939
      2    152      6      1      3      1      9      1      1   1590   1164
      2    152      6      1      4      2      4      2      1   1311   1226
      2    152      6      1      5      7     12      6      0   2316    841
      2    152      6      1      6      7     12      7      1    797    695
      2    152      6      1      7      7     10      7      1   1049   3983
      2    152      6      1      8      2     14      4      0    854    985
      2    152      6      1      9      2     14      2      1    646    812
      2    152      6      1     10      4     16      4      1   2522   1182
      2    152      6      1     11      8      3      8      1   1408   2222
      2    152      6      1     12      7     16      4      0   5097   1025
      2    152      6      1     13      7     16      7      1   3018    872
      2    152      6      1     14      1      5      1      1   1355   3713
      2    152      6      1     15      6     15      6      1   2928   1243
      2    152      6      1     16      1      4      1      1   1103   1168
      2    152      6      2      1      2     16      2      1   5479
      2    152      6      2      2      2     13      4      0   6696
      2    152      6      2      3      5      2      5      1   1212
      2    152      6      2      4      4     12      3      0   4629
      2    152      6      2      5      8      5      8      1   1162
      2    152      6      2      6      6      3      6      1   2796
      2    152      6      2      7      7      4      3      0   2196
      2    152      6      2      8      1     14      1      1   5529
      2    152      6      2      9      4      8      4      1   3280
      2    152      6      2     10      7      2      7      1   1379
      2    152      6      2     11      6     13      6      1   1613
      2    152      6      2     12      8     15      8      1   1562
      2    152      6      2     13      5      8      5      1   2346
      2    152      6      2     14      3      2      3      1   3663
      2    152      6      2     15      3      6      3      1   8914
      2    152      6      2     16      1     10      2      0   3363
      2    152      7      1      1      3      8      3      1   2739    884
      2    152      7      1      2      5     11      5      1    699    792
      2    152      7      1      3      6      9      6      1   1649   1040
      2    152      7      1      4      6      7      6      1    786   2177
      2    152      7      1      5      3     16      6      0    780    711
      2    152      7      1      6      3     16      3      1    703    903
      2    152      7      1      7      3      8      3      1    666   2908
      2    152      7      1      8      1      5      1      1   1435   1136
      2    152      7      1      9      3     14      3      1    722   1166
      2    152      7      1     10      3     13      6      0   1650   1022
      2    152      7      1     11      3     13      3      1    720    671
      2    152      7      1     12      8      6      8      1   1072   1364
      2    152      7      1     13      8     13      4      0   1285   1103
      2    152      7      1     14      8     13      8      1   1257    916
      2    152      7      1     15      8     14      8      1    838   5217
      2    152      7      1     16      5     10      5      1   1552  40537
      2    152      7      2      1      5     14      5      1   2612
      2    152      7      2      2      7     15      7      1   1513
      2    152      7      2      3      5      4      5      1    996
      2    152      7      2      4      1     10      2      0   5513
      2    152      7      2      5      2      5      2      1   1897
      2    152      7      2      6      6     10      6      1   2714
      2    152      7      2      7      4      3      4      1   2779
      2    152      7      2      8      1      7      3      0   1113
      2    152      7      2      9      4      1      3      0   3314
      2    152      7      2     10      3      9      3      1   2796
      2    152      7      2     11      2     13      2      1   1712
      2    152      7      2     12      8      8      8      1   1079
      2    152      7      2     13      8      2      8      1    946
      2    152      7      2     14      6      8      6      1   1229
      2    152      7      2     15      7      5      7      1   1179
      2    152      7      2     16      3      6      4      0   1796
      2    152      8      1      1      8      6      3      0   1041    800
      2    152      8      1      2      8      3      4      0    730    595
      2    152      8      1      3      3     13      8      0    852   1202
      2    152      8      1      4      6      5      6      1   1359  35820
      2    152      8      1      5      8      3      3      0    643    582
      2    152      8      1      6      3     16      3      1   2382    858
      2    152      8      1      7      6      7      6      1    996    894
      2    152      8      1      8      8      6      7      0    739   1446
      2    152      8      1      9      7     16      5      0   1218    987
      2    152      8      1     10      5     10      5      1    635    904
      2    152      8      1     11      3     14      3      1    722    950
      2    152      8      1     12      3     13      3      1   1697   1256
      2    152      8      1     13      3     16      3      1   1251    823
      2    152      8      1     14      1      5      1      1    843   1096
      2    152      8      1     15      1      9      2      0   1154   1663
      2    152      8      1     16      1      9      1      1   1056    834
      2    152      8      2      1      5      2      5      1   1112
      2    152      8      2      2      4     12      2      0   3479
      2    152      8      2      3      7      7      7      1   2763
      2    152      8      2      4      8      5      8      1   1679
      2    152      8      2      5      6     11      6      1   1596
      2    152      8      2      6      6     13      6      1   3296
      2    152      8      2      7      1      2      3      0   6447
      2    152      8      2      8      8     10      8      1   1429
      2    152      8      2      9      5      8      5      1   2129
      2    152      8      2     10      2     10      2      1   1513
      2    152      8      2     11      4     10      1      0   1746
      2    152      8      2     12      3      7      6      0   5830
      2    152      8      2     13      7      2      7      1   1780
      2    152      8      2     14      1     16      1      1   6096
      2    152      8      2     15      2     16      2      1   1179
      2    152      8      2     16      3      2      3      1   1446
      2    152      9      1      1      4     16      3      0    576    682
      2    152      9      1      2      5     10      5      1   1422    868
      2    152      9      1      3      8      9      8      1   1367  27941
      2    152      9      1      4      3     16      4      0    897    909
      2    152      9      1      5      8     16      8      1    590   2289
      2    152      9      1      6      7     16      4      0   1644    930
      2    152      9      1      7      3      8      3      1    724  13134
      2    152      9      1      8      5     11      5      1   1431   3108
      2    152      9      1      9      3     16      3      1    716    890
      2    152      9      1     10      8     16      8      1    546    662
      2    152      9      1     11      7     12      7      1    915    362
      2    152      9      1     12      6      7      6      1   1611    779
      2    152      9      1     13      3     14      3      1    776    848
      2    152      9      1     14      6      9      6      1    633    692
      2    152      9      1     15      8      3      8      1    677    763
      2    152      9      1     16      3     11      3      1   2000   1054
      2    152      9      2      1      6      3      6      1   1729
      2    152      9      2      2      2      1      2      1   2396
      2    152      9      2      3      5      7      5      1   1480
      2    152      9      2      4      2      3      1      0   1729
      2    152      9      2      5      7     13      7      1   1145
      2    152      9      2      6      1      6      3      0   3763
      2    152      9      2      7      5      6      5      1    946
      2    152      9      2      8      8      4      8      1   1412
      2    152      9      2      9      3     12      3      1   2380
      2    152      9      2     10      4      8      4      1   1530
      2    152      9      2     11      6      6      6      1   1680
      2    152      9      2     12      8     15      8      1   1212
      2    152      9      2     13      7      4      3      0   3762
      2    152      9      2     14      3     15      3      1   2163
      2    152      9      2     15      4     14      4      1   3945
      2    152      9      2     16      1     14      1      1   2830
