      1    173      1      1      1      6     12      1      0   8396
      1    173      1      1      2      5      4      2      0   4509
      1    173      1      1      3      3     16      4      0   2578
      1    173      1      1      4      5      6      5      1   5038
      1    173      1      1      5      3      9      2      0   1819
      1    173      1      1      6      2      8      4      0   2434
      1    173      1      1      7      1     16      4      0   3702
      1    173      1      1      8      7     13      5      0   6084
      1    173      1      1      9      8     16      7      0   4401
      1    173      1      1     10      4     10      7      0   8113
      1    173      1      1     11      2     16      1      0   5867
      1    173      1      1     12      4     14      8      0  33489
      1    173      1      1     13      8      6      6      0   7685
      1    173      1      1     14      6      9      5      0   5171
      1    173      1      1     15      7     10      7      1   6849
      1    173      1      1     16      1      9      5      0   5195
      1    173      1      2      1      6      6      5      0  20313
      1    173      1      2      2      5     14      7      0   8990
      1    173      1      2      3      1      4      5      0  17695
      1    173      1      2      4      3      8      3      1   9191
      1    173      1      2      5      7      5      2      0  12923
      1    173      1      2      6      6     10      6      1   2190
      1    173      1      2      7      4     11      1      0   2076
      1    173      1      2      8      5     12      4      0   3559
      1    173      1      2      9      8      2      8      1  16142
      1    173      1      2     10      2      1      1      0   4308
      1    173      1      2     11      4     13      8      0   2625
      1    173      1      2     12      1      2      5      0   7042
      1    173      1      2     13      8      3      4      0   6026
      1    173      1      2     14      3     10      6      0   5296
      1    173      1      2     15      7     16      6      0   2959
      1    173      1      2     16      2      3      2      1  10658
      1    173      2      1      1      6     13      8      0   6182
      1    173      2      1      2      3      6      4      0  12702
      1    173      2      1      3      7      7      6      0   7103
      1    173      2      1      4      5      8      5      1  11466
      1    173      2      1      5      2     13      1      0  27937
      1    173      2      1      6      1      7      3      0   8988
      1    173      2      1      7      4      5      6      0   5151
      1    173      2      1      8      5      2      5      1   3323
      1    173      2      1      9      8     10      8      1   6663
      1    173      2      1     10      8      4      8      1   1750
      1    173      2      1     11      1      6      7      0   5930
      1    173      2      1     12      3      2      3      1   5687
      1    173      2      1     13      2      5      1      0   7653
      1    173      2      1     14      6     11      8      0   2791
      1    173      2      1     15      4     15      8      0   3855
      1    173      2      1     16      7      2      3      0   4681
      1    173      2      2      1      8     15      1      0   8046
      1    173      2      2      2      4     12      2      0   9628
      1    173      2      2      3      7      8      3      0   8209
      1    173      2      2      4      3     11      3      1   9343
      1    173      2      2      5      3     12      3      1  11226
      1    173      2      2      6      5      9      5      1   2042
      1    173      2      2      7      5      5      5      1   2626
      1    173      2      2      8      7     15      6      0   6475
      1    173      2      2      9      2     14      1      0   3159
      1    173      2      2     10      1     14      6      0   7612
      1    173      2      2     11      8      8      1      0   1661
      1    173      2      2     12      1      3      4      0   5141
      1    173      2      2     13      6      8      8      0  12325
      1    173      2      2     14      4      3      2      0   5625
      1    173      2      2     15      2      4      2      1   3642
      1    173      2      2     16      6      5      6      1  19025
      1    173      3      1      1      5     11      5      1   3032
      1    173      3      1      2      2      2      2      1   3166
      1    173      3      1      3      8      5      1      0   6439
      1    173      3      1      4      4     16      4      1   8509
      1    173      3      1      5      6     16      6      1   4848
      1    173      3      1      6      1      5      3      0   3482
      1    173      3      1      7      7     12      3      0   2196
      1    173      3      1      8      7     14      7      1   8975
      1    173      3      1      9      6      7      1      0   5270
      1    173      3      1     10      3     13      3      1   1918
      1    173      3      1     11      5      7      5      1   1838
      1    173      3      1     12      4      1      4      1  16192
      1    173      3      1     13      3      7      3      1   3627
      1    173      3      1     14      8     13      8      1   3313
      1    173      3      1     15      1     11      7      0   9141
      1    173      3      1     16      2     10      1      0   3213
      1    173      3      2      1      6     15      6      1   7413
      1    173      3      2      2      7      4      3      0   5196
      1    173      3      2      3      8      9      8      1   2458
      1    173      3      2      4      2      6      2      1   4241
      1    173      3      2      5      1     10      8      0   4976
      1    173      3      2      6      4      8      1      0   5296
      1    173      3      2      7      2      9      2      1   3910
      1    173      3      2      8      7      6      7      1   3992
      1    173      3      2      9      5     10      5      1   1759
      1    173      3      2     10      5     16      5      1   2160
      1    173      3      2     11      3     14      3      1   3230
      1    173      3      2     12      6      3      7      0   4359
      1    173      3      2     13      8     14      8      1   1942
      1    173      3      2     14      1      1      3      0   6409
      1    173      3      2     15      3     15      3      1   2075
      1    173      3      2     16      4      9      6      0   8309
      1    173      4      1      1      6     12      7      0   5346
      1    173      4      1      2      4     14      4      1   3979
      1    173      4      1      3      4      1      4      1   9836
      1    173      4      1      4      5      7      5      1   2148
      1    173      4      1      5      3      6      4      0   3632
      1    173      4      1      6      6      9      7      0   7785
      1    173      4      1      7      5      6      5      1   1904
      1    173      4      1      8      7     12      3      0   2212
      1    173      4      1      9      3      7      3      1  10981
      1    173      4      1     10      7      2      1      0   6154
      1    173      4      1     11      2      5      2      1   1384
      1    173      4      1     12      2     13      2      1   1426
      1    173      4      1     13      1     16      3      0   1806
      1    173      4      1     14      8      6      8      1   1645
      1    173      4      1     15      1      7      1      1   3393
      1    173      4      1     16      8     10      8      1   1589
      1    173      4      2      1      7     16      6      0  10279
      1    173      4      2      2      1      4      1      1   3943
      1    173      4      2      3      4      8      4      1   4042
      1    173      4      2      4      3      8      3      1   1192
      1    173      4      2      5      1      3      1      1   4859
      1    173      4      2      6      6      5      6      1   8475
      1    173      4      2      7      5     12      5      1   2159
      1    173      4      2      8      4     13      7      0   4092
      1    173      4      2      9      2      3      1      0   7612
      1    173      4      2     10      3     11      3      1   1209
      1    173      4      2     11      8     15      8      1   1345
      1    173      4      2     12      5     10      5      1   1307
      1    173      4      2     13      8      8      8      1   1527
      1    173      4      2     14      7      8      7      1   8841
      1    173      4      2     15      2      1      2      1   1642
      1    173      4      2     16      6      3      6      1   3263
      1    173      5      1      1      4      5      4      1   4826
      1    173      5      1      2      7     13      4      0   4988
      1    173      5      1      3      8      5      8      1   2558
      1    173      5      1      4      2     10      2      1   3504
      1    173      5      1      5      5      2      5      1   1083
      1    173      5      1      6      1      6      3      0   2044
      1    173      5      1      7      3     16      3      1   3414
      1    173      5      1      8      4     15      1      0   7038
      1    173      5      1      9      7     14      3      0   4661
      1    173      5      1     10      6     11      6      1   5757
      1    173      5      1     11      1      5      1      1   4050
      1    173      5      1     12      3     13      3      1   1542
      1    173      5      1     13      6     16      6      1   2149
      1    173      5      1     14      8     13      8      1   1223
      1    173      5      1     15      5      8      5      1   1583
      1    173      5      1     16      2      8      2      1   1423
      1    173      5      2      1      5     14      5      1   1345
      1    173      5      2      2      3     12      3      1   9110
      1    173      5      2      3      4      3      4      1   4575
      1    173      5      2      4      8      3      8      1   1259
      1    173      5      2      5      1     14      7      0   9042
      1    173      5      2      6      4      9      7      0   3242
      1    173      5      2      7      3     10      3      1   1929
      1    173      5      2      8      8     14      8      1   1759
      1    173      5      2      9      6     15      6      1   1342
      1    173      5      2     10      7     15      7      1   8294
      1    173      5      2     11      6      6      6      1   3295
      1    173      5      2     12      7      6      7      1   5226
      1    173      5      2     13      5      5      5      1   1892
      1    173      5      2     14      2      9      2      1   1075
      1    173      5      2     15      2      6      2      1   1642
      1    173      5      2     16      1      1      3      0   4496
      1    173      6      1      1      4     10      4      1   5746
      1    173      6      1      2      5      4      5      1   1378
      1    173      6      1      3      4     16      4      1   4322
      1    173      6      1      4      3      2      3      1   1513
      1    173      6      1      5      6     13      6      1   2590
      1    173      6      1      6      7      7      1      0   5143
      1    173      6      1      7      6      7      6      1   1681
      1    173      6      1      8      8     16      8      1   1335
      1    173      6      1      9      2      2      2      1   1427
      1    173      6      1     10      1      9      4      0   2366
      1    173      6      1     11      8      4      8      1   1487
      1    173      6      1     12      3      9      3      1   1349
      1    173      6      1     13      7     10      7      1   1669
      1    173      6      1     14      1     11      1      1   3642
      1    173      6      1     15      5     11      5      1   1446
      1    173      6      1     16      2     16      2      1   1741
      1    173      6      2      1      3     14      3      1   3463
      1    173      6      2      2      5     16      5      1   1658
      1    173      6      2      3      1      2      1      1   4942
      1    173      6      2      4      2     14      8      0   1727
      1    173      6      2      5      4     11      4      1   2127
      1    173      6      2      6      8      9      8      1   1760
      1    173      6      2      7      2      4      2      1   1175
      1    173      6      2      8      4     12      4      1   3276
      1    173      6      2      9      7      5      7      1   1592
      1    173      6      2     10      7      4      1      0   3709
      1    173      6      2     11      5      9      5      1    959
      1    173      6      2     12      8      2      8      1   1629
      1    173      6      2     13      6      8      6      1   1442
      1    173      6      2     14      1     10      4      0   2360
      1    173      6      2     15      6     10      6      1   2461
      1    173      6      2     16      3     15      3      1   3627
      1    173      7      1      1      6      9      6      1   1569
      1    173      7      1      2      1      9      4      0   2172
      1    173      7      1      3      7      7      7      1   2135
      1    173      7      1      4      7      2      7      1   1741
      1    173      7      1      5      4     16      4      1   2986
      1    173      7      1      6      3      2      3      1   1433
      1    173      7      1      7      8      5      8      1   1422
      1    173      7      1      8      8     13      8      1   1762
      1    173      7      1      9      2     16      2      1   2805
      1    173      7      1     10      4     10      7      0   5398
      1    173      7      1     11      2     13      2      1   5805
      1    173      7      1     12      5      7      5      1   1356
      1    173      7      1     13      6     16      6      1   1405
      1    173      7      1     14      1      5      1      1   2857
      1    173      7      1     15      5     11      5      1   1359
      1    173      7      1     16      3     16      1      0   2537
      1    173      7      2      1      3     10      3      1   5930
      1    173      7      2      2      6     15      6      1   1460
      1    173      7      2      3      5     14      5      1   1510
      1    173      7      2      4      5      5      5      1   1293
      1    173      7      2      5      1     10      4      0   7058
      1    173      7      2      6      3      8      3      1   1126
      1    173      7      2      7      1      1      2      0   5859
      1    173      7      2      8      8      8      8      1   1109
      1    173      7      2      9      2      4      2      1   1042
      1    173      7      2     10      2     14      8      0   1458
      1    173      7      2     11      7      6      7      1   1742
      1    173      7      2     12      4     13      2      0   8826
      1    173      7      2     13      4      8      4      1   6375
      1    173      7      2     14      7      8      7      1   2943
      1    173      7      2     15      8      2      8      1   1525
      1    173      7      2     16      6      8      6      1   1309
      1    173      8      1      1      2      5      2      1   1315
      1    173      8      1      2      3      6      7      0   4702
      1    173      8      1      3      3      7      1      0   2048
      1    173      8      1      4      1      7      1      1   4464
      1    173      8      1      5      7     10      7      1   1489
      1    173      8      1      6      2      8      2      1   1266
      1    173      8      1      7      1     11      6      0   4333
      1    173      8      1      8      8      4      8      1   1311
      1    173      8      1      9      5      8      5      1   1103
      1    173      8      1     10      5      4      5      1   1180
      1    173      8      1     11      8     16      8      1   1290
      1    173      8      1     12      4      5      7      0   5003
      1    173      8      1     13      7     14      7      1   2819
      1    173      8      1     14      6     11      6      1   1537
      1    173      8      1     15      4      1      4      1   5202
      1    173      8      1     16      6      7      6      1   1218
      1    173      8      2      1      7      5      7      1   2296
      1    173      8      2      2      6      6      6      1   1893
      1    173      8      2      3      7     15      7      1   1229
      1    173      8      2      4      8      3      8      1   1279
      1    173      8      2      5      2      3      1      0   2308
      1    173      8      2      6      3     14      3      1   1441
      1    173      8      2      7      5      9      5      1   1060
      1    173      8      2      8      6      5      6      1   3126
      1    173      8      2      9      1      3      1      1   5492
      1    173      8      2     10      3     15      3      1   3192
      1    173      8      2     11      1      2      4      0   3792
      1    173      8      2     12      4      3      4      1   3641
      1    173      8      2     13      8      9      8      1   1459
      1    173      8      2     14      5     12      5      1   1292
      1    173      8      2     15      4     11      4      1   1842
      1    173      8      2     16      2      1      2      1   1059
      1    173      9      1      1      4     14      4      1   4919
      1    173      9      1      2      8     10      8      1   1375
      1    173      9      1      3      5      6      5      1   1423
      1    173      9      1      4      2      2      2      1   9489
      1    173      9      1      5      7     12      7      1   1403
      1    173      9      1      6      3      9      3      1   1925
      1    173      9      1      7      7     13      7      1   1766
      1    173      9      1      8      6     13      6      1   1396
      1    173      9      1      9      4     15      1      0   6079
      1    173      9      1     10      5      2      5      1   1435
      1    173      9      1     11      1     16      1      1   2109
      1    173      9      1     12      2     10      2      1   1837
      1    173      9      1     13      8      6      8      1   1256
      1    173      9      1     14      6     12      6      1   1283
      1    173      9      1     15      3     13      7      0   3115
      1    173      9      1     16      1      6      1      1   2522
      1    173      9      2      1      7      4      1      0   2564
      1    173      9      2      2      6      3      6      1   1225
      1    173      9      2      3      6     10      6      1   1246
      1    173      9      2      4      2      9      2      1   1525
      1    173      9      2      5      5     10      5      1   1125
      1    173      9      2      6      1      4      1      1   2543
      1    173      9      2      7      8     14      8      1   1225
      1    173      9      2      8      2      6      2      1   2576
      1    173      9      2      9      8     15      8      1   1009
      1    173      9      2     10      7     16      7      1   2295
      1    173      9      2     11      5     16      5      1   1125
      1    173      9      2     12      3     12      3      1   1775
      1    173      9      2     13      4     12      4      1   1146
      1    173      9      2     14      4      9      4      1   2259
      1    173      9      2     15      3     11      3      1   4696
      1    173      9      2     16      1     14      1      1   7525
