      1    205      1      1      1      4     11      3      0   5116
      1    205      1      1      2      7      7      6      0   2797
      1    205      1      1      3      6     16      2      0   2144
      1    205      1      1      4      1      9      4      0   2434
      1    205      1      1      5      7     16      1      0   3260
      1    205      1      1      6      3     14      5      0   7161
      1    205      1      1      7      2      2      4      0   1639
      1    205      1      1      8      3      7      2      0   1808
      1    205      1      1      9      1     10      4      0   3866
      1    205      1      1     10      6     13      3      0   2152
      1    205      1      1     11      5      2      8      0   2275
      1    205      1      1     12      2     16      4      0   3210
      1    205      1      1     13      8      3      6      0   5521
      1    205      1      1     14      4     16      8      0   2744
      1    205      1      1     15      5     12      5      1   1776
      1    205      1      1     16      8      5      2      0   2161
      1    205      1      2      1      3      6      6      0   5963
      1    205      1      2      2      8     14      8      1   4948
      1    205      1      2      3      1     16      7      0   4780
      1    205      1      2      4      2      5      1      0   3781
      1    205      1      2      5      2      3      3      0   3964
      1    205      1      2      6      5      6      5      1   1281
      1    205      1      2      7      4     14      6      0   2112
      1    205      1      2      8      5      9      5      1   1796
      1    205      1      2      9      6     12      6      1   4946
      1    205      1      2     10      6      9      8      0   3663
      1    205      1      2     11      7     14      2      0   1280
      1    205      1      2     12      8      9      2      0   2064
      1    205      1      2     13      4     12      8      0   3696
      1    205      1      2     14      1      4      3      0   2146
      1    205      1      2     15      3     15      7      0   8346
      1    205      1      2     16      7      2      1      0   2963
      1    205      2      1      1      8     10      8      1   5407
      1    205      2      1      2      7      4      3      0   4318
      1    205      2      1      3      6     15      6      1   3550
      1    205      2      1      4      7     10      1      0   6448
      1    205      2      1      5      4     13      3      0   3628
      1    205      2      1      6      6     11      6      1   2758
      1    205      2      1      7      5     14      5      1   1230
      1    205      2      1      8      3      9      7      0   2947
      1    205      2      1      9      5      5      5      1   1935
      1    205      2      1     10      2      9      8      0   3248
      1    205      2      1     11      1      2      7      0   2568
      1    205      2      1     12      3     11      7      0   2427
      1    205      2      1     13      1      3      2      0   1300
      1    205      2      1     14      4      9      4      1   2611
      1    205      2      1     15      2     10      8      0   3440
      1    205      2      1     16      8     16      6      0   3013
      1    205      2      2      1      1     11      1      1   3813
      1    205      2      2      2      4     15      8      0   2313
      1    205      2      2      3      8     13      8      1   3696
      1    205      2      2      4      4      1      1      0   2613
      1    205      2      2      5      2      6      2      1   1346
      1    205      2      2      6      3     10      3      1   2830
      1    205      2      2      7      8      8      1      0   3696
      1    205      2      2      8      6      3      7      0   2313
      1    205      2      2      9      5      4      5      1   1430
      1    205      2      2     10      7      6      6      0   2429
      1    205      2      2     11      3      2      6      0   3363
      1    205      2      2     12      1      7      7      0   1880
      1    205      2      2     13      7      5      4      0   4113
      1    205      2      2     14      6      5      7      0   1513
      1    205      2      2     15      2      1      2      1   1215
      1    205      2      2     16      5      7      5      1   1113
      1    205      3      1      1      8      6      8      1   2047
      1    205      3      1      2      3     16      7      0   2238
      1    205      3      1      3      8      2      8      1   1389
      1    205      3      1      4      4      8      4      1   3505
      1    205      3      1      5      2     14      1      0   2333
      1    205      3      1      6      1      6      2      0   1369
      1    205      3      1      7      5     16      5      1   1249
      1    205      3      1      8      4      3      2      0   1909
      1    205      3      1      9      5     11      5      1   1296
      1    205      3      1     10      2     13      1      0   3008
      1    205      3      1     11      3     12      3      1   2457
      1    205      3      1     12      6      6      7      0   2367
      1    205      3      1     13      7     12      7      1   3445
      1    205      3      1     14      7     15      7      1   1804
      1    205      3      1     15      1      1      3      0   3401
      1    205      3      1     16      6      8      6      1   2492
      1    205      3      2      1      2      8      1      0   3812
      1    205      3      2      2      5     10      5      1   1780
      1    205      3      2      3      5      8      5      1   1946
      1    205      3      2      4      6     10      6      1   3214
      1    205      3      2      5      4      5      3      0   3347
      1    205      3      2      6      4     10      4      1   3180
      1    205      3      2      7      8     15      8      1   1496
      1    205      3      2      8      3     13      7      0   1796
      1    205      3      2      9      2      4      2      1   1398
      1    205      3      2     10      6      7      6      1   2046
      1    205      3      2     11      1     14      4      0   3613
      1    205      3      2     12      3      8      6      0   1564
      1    205      3      2     13      8      4      8      1   2397
      1    205      3      2     14      7      8      3      0   3513
      1    205      3      2     15      1      5      4      0   4213
      1    205      3      2     16      7     13      7      1   2347
      1    205      4      1      1      7     10      7      1   1681
      1    205      4      1      2      8      6      8      1   1499
      1    205      4      1      3      2     16      2      1   3125
      1    205      4      1      4      2      2      1      0   1911
      1    205      4      1      5      1      3      2      0   1305
      1    205      4      1      6      5     16      5      1   1176
      1    205      4      1      7      7     12      6      0   2059
      1    205      4      1      8      6      8      6      1   1537
      1    205      4      1      9      4      9      4      1   1538
      1    205      4      1     10      8     10      3      0   1894
      1    205      4      1     11      1      9      2      0   1821
      1    205      4      1     12      3      9      3      1   2499
      1    205      4      1     13      5      5      5      1   1660
      1    205      4      1     14      6     11      6      1   1320
      1    205      4      1     15      4      8      4      1   2271
      1    205      4      1     16      3     12      3      1   3736
      1    205      4      2      1      1     11      2      0   7397
      1    205      4      2      2      1     16      3      0   7130
      1    205      4      2      3      7      2      7      1   1829
      1    205      4      2      4      7     13      7      1   1779
      1    205      4      2      5      5      9      5      1   1363
      1    205      4      2      6      5      6      5      1   2280
      1    205      4      2      7      2      4      1      0   2746
      1    205      4      2      8      4     14      3      0   4779
      1    205      4      2      9      2      5      2      1   2112
      1    205      4      2     10      6      9      7      0   4846
      1    205      4      2     11      3      2      6      0   2280
      1    205      4      2     12      4      5      4      1   4298
      1    205      4      2     13      8      8      8      1   1930
      1    205      4      2     14      8     15      8      1   1346
      1    205      4      2     15      6      5      6      1   1813
      1    205      4      2     16      3     13      7      0   1613
      1    205      5      1      1      3      7      4      0   5509
      1    205      5      1      2      5     12      5      1   1376
      1    205      5      1      3      6      6      7      0   3022
      1    205      5      1      4      2      9      2      1   2521
      1    205      5      1      5      8      3      8      1   1199
      1    205      5      1      6      6     13      6      1   3187
      1    205      5      1      7      2     14      8      0   1257
      1    205      5      1      8      7     16      4      0   4180
      1    205      5      1      9      3     11      4      0   2997
      1    205      5      1     10      4     16      1      0   1680
      1    205      5      1     11      5     14      5      1   1379
      1    205      5      1     12      1      1      3      0   4428
      1    205      5      1     13      1     10      8      0   3312
      1    205      5      1     14      7      7      7      1   1565
      1    205      5      1     15      8      2      8      1   1516
      1    205      5      1     16      4     11      2      0   1820
      1    205      5      2      1      7      5      7      1   1463
      1    205      5      2      2      8      9      8      1   1046
      1    205      5      2      3      6      7      6      1   2546
      1    205      5      2      4      7      8      7      1   1296
      1    205      5      2      5      4     12      4      1   2997
      1    205      5      2      6      2      8      2      1   1979
      1    205      5      2      7      5      8      5      1   1431
      1    205      5      2      8      3     10      3      1   1863
      1    205      5      2      9      1      7      3      0   1530
      1    205      5      2     10      1     14      1      1   4696
      1    205      5      2     11      5     10      5      1   1414
      1    205      5      2     12      4     10      3      0   3197
      1    205      5      2     13      2      1      2      1   1897
      1    205      5      2     14      8     13      8      1   1262
      1    205      5      2     15      3      6      7      0   5363
      1    205      5      2     16      6     12      6      1   1698
      1    205      6      1      1      8     16      8      1   1164
      1    205      6      1      2      6     15      6      1   1236
      1    205      6      1      3      6     16      8      0   1606
      1    205      6      1      4      1      2      1      1   2650
      1    205      6      1      5      5     11      5      1   1328
      1    205      6      1      6      1      6      1      1   3091
      1    205      6      1      7      4      3      3      0   3288
      1    205      6      1      8      2     13      2      1   1344
      1    205      6      1      9      8      5      8      1   1425
      1    205      6      1     10      2     10      2      1   5206
      1    205      6      1     11      5      2      5      1   1143
      1    205      6      1     12      7      4      4      0   3441
      1    205      6      1     13      4     13      3      0   2458
      1    205      6      1     14      3     16      6      0   5157
      1    205      6      1     15      7     15      7      1   1270
      1    205      6      1     16      3     14      6      0   1531
      1    205      6      2      1      5      4      5      1   1280
      1    205      6      2      2      8      4      8      1   1298
      1    205      6      2      3      7     14      4      0   2298
      1    205      6      2      4      6     10      6      1   2097
      1    205      6      2      5      3      8      7      0   1597
      1    205      6      2      6      7      6      7      1   1579
      1    205      6      2      7      1      4      3      0   2947
      1    205      6      2      8      4      1      3      0   4714
      1    205      6      2      9      4     15      4      1   3098
      1    205      6      2     10      2      3      1      0   3929
      1    205      6      2     11      6      3      6      1   1565
      1    205      6      2     12      1      5      4      0   3330
      1    205      6      2     13      3     15      4      0   4964
      1    205      6      2     14      2      6      2      1   1330
      1    205      6      2     15      5      7      5      1   1246
      1    205      6      2     16      8     14      8      1   1714
      1    205      7      1      1      2      2      2      1   1835
      1    205      7      1      2      1      9      2      0   1601
      1    205      7      1      3      1      2      2      0   2364
      1    205      7      1      4      2     14      8      0   4037
      1    205      7      1      5      7     16      7      1   2415
      1    205      7      1      6      3      7      6      0   1696
      1    205      7      1      7      5     14      5      1   1381
      1    205      7      1      8      8     10      8      1   1643
      1    205      7      1      9      6     11      7      0   2594
      1    205      7      1     10      3     16      3      1   2298
      1    205      7      1     11      5     16      5      1   1270
      1    205      7      1     12      4      8      4      1   1941
      1    205      7      1     13      8      6      8      1   1058
      1    205      7      1     14      6     15      6      1   1411
      1    205      7      1     15      4      9      4      1   2471
      1    205      7      1     16      7     10      7      1   1328
      1    205      7      2      1      1      4      4      0   5480
      1    205      7      2      2      7     13      7      1   1413
      1    205      7      2      3      2      8      2      1   1996
      1    205      7      2      4      4      1      4      1   3630
      1    205      7      2      5      3     15      3      1   2897
      1    205      7      2      6      5     10      5      1   1331
      1    205      7      2      7      8     15      8      1   1129
      1    205      7      2      8      2      3      4      0   4079
      1    205      7      2      9      3      8      7      0   1879
      1    205      7      2     10      7     14      4      0   2513
      1    205      7      2     11      1     16      3      0   2398
      1    205      7      2     12      4     14      2      0   1862
      1    205      7      2     13      5      8      5      1   1263
      1    205      7      2     14      8      8      8      1   1429
      1    205      7      2     15      6      9      7      0   1863
      1    205      7      2     16      6      7      6      1   2597
      1    205      8      1      1      8     16      8      1   1216
      1    205      8      1      2      6     13      7      0   1974
      1    205      8      1      3      1      3      1      1   2291
      1    205      8      1      4      2     13      2      1    969
      1    205      8      1      5      1      6      4      0   2581
      1    205      8      1      6      7     15      7      1   1302
      1    205      8      1      7      2     16      2      1   1759
      1    205      8      1      8      5      5      5      1   2224
      1    205      8      1      9      3     14      6      0   2564
      1    205      8      1     10      4     11      2      0   1578
      1    205      8      1     11      7     12      7      1   1332
      1    205      8      1     12      4     16      2      0   1745
      1    205      8      1     13      3     11      3      1   1934
      1    205      8      1     14      8      3      8      1   1306
      1    205      8      1     15      6     16      7      0   4598
      1    205      8      1     16      5      2      5      1   1153
      1    205      8      2      1      2      5      2      1   1729
      1    205      8      2      2      4      5      4      1   5563
      1    205      8      2      3      4     12      4      1   3729
      1    205      8      2      4      3      6      3      1   2496
      1    205      8      2      5      1      5      3      0   4663
      1    205      8      2      6      5      7      5      1   1113
      1    205      8      2      7      7      6      7      1   1613
      1    205      8      2      8      2      1      2      1   2296
      1    205      8      2      9      8     14      8      1   1281
      1    205      8      2     10      3     10      3      1   2030
      1    205      8      2     11      5      6      5      1   1048
      1    205      8      2     12      1      7      3      0   2146
      1    205      8      2     13      6      5      6      1   2079
      1    205      8      2     14      6     10      6      1   1446
      1    205      8      2     15      8      4      8      1   1846
      1    205      8      2     16      7      8      7      1   1548
      1    205      9      1      1      4      3      4      1   3357
      1    205      9      1      2      1     10      4      0   3417
      1    205      9      1      3      3     12      3      1   1331
      1    205      9      1      4      4     13      3      0   3843
      1    205      9      1      5      2     10      2      1   5318
      1    205      9      1      6      6      6      6      1   1553
      1    205      9      1      7      5     11      5      1   1209
      1    205      9      1      8      2      9      2      1   3331
      1    205      9      1      9      1      1      1      1   2518
      1    205      9      1     10      7      7      7      1   1857
      1    205      9      1     11      8      5      8      1   1442
      1    205      9      1     12      6      8      7      0   2903
      1    205      9      1     13      5     12      5      1   1102
      1    205      9      1     14      3      9      3      1   1560
      1    205      9      1     15      7      4      6      0   2974
      1    205      9      1     16      8      2      8      1   1322
      1    205      9      2      1      7      2      7      1   1280
      1    205      9      2      2      1     11      1      1   6130
      1    205      9      2      3      6     12      3      0   6013
      1    205      9      2      4      5      4      5      1   1213
      1    205      9      2      5      3      2      7      0   2146
      1    205      9      2      6      4     15      3      0   4346
      1    205      9      2      7      2      6      2      1   1297
      1    205      9      2      8      1     14      1      1   3747
      1    205      9      2      9      3     13      7      0   1263
      1    205      9      2     10      6      3      6      1   1363
      1    205      9      2     11      7      5      7      1   1829
      1    205      9      2     12      8      9      8      1   1331
      1    205      9      2     13      2      4      2      1    996
      1    205      9      2     14      4     10      4      1   1629
      1    205      9      2     15      5      9      5      1   1046
      1    205      9      2     16      8     13      8      1   1196
