      1     22      1      1      1      3      2      3      1   4865
      1     22      1      1      2      7      4      1      0   3974
      1     22      1      1      3      4      8      2      0   2008
      1     22      1      1      4      2     16      8      0   5375
      1     22      1      1      5      6      5      1      0   5659
      1     22      1      1      6      7      7      5      0   8790
      1     22      1      1      7      1      2      1      1   8350
      1     22      1      1      8      6     12      8      0   3277
      1     22      1      1      9      8      4      7      0  10807
      1     22      1      1     10      1      3      6      0   7030
      1     22      1      1     11      2     13      2      1   4954
      1     22      1      1     12      8     13      6      0   5108
      1     22      1      1     13      5      6      5      1   1885
      1     22      1      1     14      5     10      5      1   2297
      1     22      1      1     15      4     14      2      0   1552
      1     22      1      1     16      3      9      3      1   1564
      1     22      1      2      1      8     14      8      1  10025
      1     22      1      2      2      6     15      6      1  10529
      1     22      1      2      3      2      5      1      0   6147
      1     22      1      2      4      5      7      5      1   1563
      1     22      1      2      5      6      9      3      0   6078
      1     22      1      2      6      1     11      1      1   4429
      1     22      1      2      7      5      4      5      1   1630
      1     22      1      2      8      3     12      7      0   6095
      1     22      1      2      9      4     11      2      0   3896
      1     22      1      2     10      7      2      4      0   3497
      1     22      1      2     11      1     16      2      0   9475
      1     22      1      2     12      8     16      2      0   4928
      1     22      1      2     13      3     13      3      1   3159
      1     22      1      2     14      2      4      7      0   7759
      1     22      1      2     15      7      8      4      0   3875
      1     22      1      2     16      4      9      1      0   6675
      1     22      2      1      1      2     14      2      1   2244
      1     22      2      1      2      5      9      5      1   1103
      1     22      2      1      3      5      8      5      1   1382
      1     22      2      1      4      1      4      1      1   6331
      1     22      2      1      5      4      5      4      1   2327
      1     22      2      1      6      7     12      4      0   1740
      1     22      2      1      7      6      6      8      0   2881
      1     22      2      1      8      3      8      3      1   1825
      1     22      2      1      9      7     13      8      0   8370
      1     22      2      1     10      1     14      3      0   2108
      1     22      2      1     11      4      1      1      0   1728
      1     22      2      1     12      8      2      6      0   2976
      1     22      2      1     13      3      6      7      0   5548
      1     22      2      1     14      8      5      7      0   5205
      1     22      2      1     15      2      2      1      0   2309
      1     22      2      1     16      6      8      5      0   3900
      1     22      2      2      1      8     15      8      1   3642
      1     22      2      2      2      5     14      5      1   1525
      1     22      2      2      3      1      6      3      0   2692
      1     22      2      2      4      2      9      1      0   1395
      1     22      2      2      5      3     15      4      0   2343
      1     22      2      2      6      1      5      7      0   4977
      1     22      2      2      7      2      3      6      0   5430
      1     22      2      2      8      3      7      3      1   2476
      1     22      2      2      9      6      3      4      0   3112
      1     22      2      2     10      4     13      8      0   2793
      1     22      2      2     11      4     16      2      0   1676
      1     22      2      2     12      5      2      5      1   1275
      1     22      2      2     13      7     14      8      0   9530
      1     22      2      2     14      8      9      7      0   5692
      1     22      2      2     15      6      7      6      1   6908
      1     22      2      2     16      7     15      4      0   2942
      1     22      3      1      1      2      8      1      0   3629
      1     22      3      1      2      1      7      3      0   1554
      1     22      3      1      3      8      3      8      1   6363
      1     22      3      1      4      4     10      2      0   3717
      1     22      3      1      5      3     11      3      1   2901
      1     22      3      1      6      8      8      7      0   3737
      1     22      3      1      7      5      5      5      1   1048
      1     22      3      1      8      1      9      1      1   3779
      1     22      3      1      9      6     10      6      1   4040
      1     22      3      1     10      6     13      7      0   1161
      1     22      3      1     11      7     16      7      1   2257
      1     22      3      1     12      7      6      7      1   2531
      1     22      3      1     13      5     12      5      1   1015
      1     22      3      1     14      4     12      2      0   2637
      1     22      3      1     15      2      1      1      0   1814
      1     22      3      1     16      3     10      7      0   2875
      1     22      3      2      1      4      3      3      0   9357
      1     22      3      2      2      1     10      8      0   2597
      1     22      3      2      3      5     11      5      1   1577
      1     22      3      2      4      8     10      4      0   3328
      1     22      3      2      5      2      6      2      1   2311
      1     22      3      2      6      6     16      8      0   2146
      1     22      3      2      7      7      5      6      0   4109
      1     22      3      2      8      2     10      2      1   2243
      1     22      3      2      9      3     16      3      1   1464
      1     22      3      2     10      8      6      8      1   2042
      1     22      3      2     11      4     15      7      0   1744
      1     22      3      2     12      1      1      4      0   3647
      1     22      3      2     13      5     16      5      1   1891
      1     22      3      2     14      6     11      7      0   2658
      1     22      3      2     15      3     14      3      1   1597
      1     22      3      2     16      7     10      6      0   1481
      1     22      4      1      1      7     16      6      0   2072
      1     22      4      1      2      8      4      8      1   1570
      1     22      4      1      3      1      9      1      1   4533
      1     22      4      1      4      5      9      5      1   1029
      1     22      4      1      5      6      6      7      0   2752
      1     22      4      1      6      6     10      6      1   1271
      1     22      4      1      7      2     16      2      1    902
      1     22      4      1      8      4      8      4      1   6211
      1     22      4      1      9      2      2      2      1   1964
      1     22      4      1     10      5     10      5      1   1301
      1     22      4      1     11      4     12      1      0   2313
      1     22      4      1     12      1      7      3      0   1151
      1     22      4      1     13      8      5      8      1   1438
      1     22      4      1     14      3      6      3      1   1136
      1     22      4      1     15      7      7      6      0   2679
      1     22      4      1     16      3      2      3      1   2081
      1     22      4      2      1      4     11      2      0   4876
      1     22      4      2      2      5      4      5      1   1298
      1     22      4      2      3      2      4      2      1   4197
      1     22      4      2      4      8      9      8      1   2995
      1     22      4      2      5      3     13      3      1   1559
      1     22      4      2      6      1     16      3      0   6242
      1     22      4      2      7      6     11      7      0   3642
      1     22      4      2      8      3     16      3      1   1411
      1     22      4      2      9      8     15      8      1   1242
      1     22      4      2     10      5     16      5      1   1858
      1     22      4      2     11      4     13      2      0   4026
      1     22      4      2     12      7     15      7      1   3926
      1     22      4      2     13      1      1      4      0   4459
      1     22      4      2     14      7      2      6      0   1794
      1     22      4      2     15      6      7      7      0   3395
      1     22      4      2     16      2      9      2      1   2513
      1     22      5      1      1      6      5      4      0   3774
      1     22      5      1      2      8     13      8      1   1864
      1     22      5      1      3      1     14      4      0   3156
      1     22      5      1      4      6     12      3      0   2016
      1     22      5      1      5      2     13      2      1   1563
      1     22      5      1      6      3      9      3      1   2111
      1     22      5      1      7      4      5      4      1   2485
      1     22      5      1      8      1      3      2      0   3049
      1     22      5      1      9      7      4      7      1   5095
      1     22      5      1     10      3     11      3      1   1314
      1     22      5      1     11      7      6      6      0   2207
      1     22      5      1     12      5      5      5      1   1082
      1     22      5      1     13      5      6      5      1   1132
      1     22      5      1     14      4     14      2      0   1264
      1     22      5      1     15      2      8      2      1   1580
      1     22      5      1     16      8      3      8      1   1195
      1     22      5      2      1      1     11      1      1   2660
      1     22      5      2      2      1      6      4      0   5910
      1     22      5      2      3      2      3      4      0   3831
      1     22      5      2      4      6      9      6      1   3410
      1     22      5      2      5      4      3      1      0   3575
      1     22      5      2      6      6     15      7      0   2876
      1     22      5      2      7      5     11      5      1   1493
      1     22      5      2      8      2      6      2      1   2164
      1     22      5      2      9      8     14      8      1   1215
      1     22      5      2     10      7      8      4      0   6059
      1     22      5      2     11      3     14      3      1   1510
      1     22      5      2     12      4      9      4      1   2712
      1     22      5      2     13      7      5      6      0   2497
      1     22      5      2     14      5     14      5      1   1512
      1     22      5      2     15      3     15      4      0   3576
      1     22      5      2     16      8     10      4      0   4727
      1     22      6      1      1      8      8      8      1   1114
      1     22      6      1      2      5     12      5      1   1181
      1     22      6      1      3      5      8      5      1   1152
      1     22      6      1      4      6     13      7      0   2164
      1     22      6      1      5      2      1      2      1   1490
      1     22      6      1      6      8      2      8      1   1123
      1     22      6      1      7      2     14      2      1   1717
      1     22      6      1      8      4      1      3      0   1782
      1     22      6      1      9      1      2      4      0   1435
      1     22      6      1     10      3     10      7      0   4521
      1     22      6      1     11      7     12      4      0   2615
      1     22      6      1     12      6      8      6      1   4086
      1     22      6      1     13      3      8      3      1   1582
      1     22      6      1     14      4     10      4      1   1936
      1     22      6      1     15      1      4      1      1   3112
      1     22      6      1     16      7     13      6      0   1504
      1     22      6      2      1      6     16      8      0   1443
      1     22      6      2      2      4     16      2      0   1543
      1     22      6      2      3      7     10      6      0   4413
      1     22      6      2      4      5      2      5      1   1098
      1     22      6      2      5      2     10      2      1   2059
      1     22      6      2      6      8     16      8      1   1931
      1     22      6      2      7      5      7      5      1   1793
      1     22      6      2      8      2      5      2      1   1731
      1     22      6      2      9      3     12      3      1   3093
      1     22      6      2     10      6      3      7      0   8078
      1     22      6      2     11      7     14      4      0   2810
      1     22      6      2     12      1     10      1      1   1977
      1     22      6      2     13      8      6      8      1   1259
      1     22      6      2     14      3      7      3      1   1143
      1     22      6      2     15      4     15      2      0   3892
      1     22      6      2     16      1      5      1      1   5343
      1     22      7      1      1      5      9      5      1   1245
      1     22      7      1      2      1      3      1      1   2737
      1     22      7      1      3      8      8      8      1   1071
      1     22      7      1      4      1      9      1      1   3886
      1     22      7      1      5      8      3      8      1   1077
      1     22      7      1      6      4      1      4      1   1517
      1     22      7      1      7      3      9      3      1   1102
      1     22      7      1      8      2      1      2      1   1036
      1     22      7      1      9      7      6      7      1   3717
      1     22      7      1     10      6      5      4      0   1576
      1     22      7      1     11      6     12      3      0   3435
      1     22      7      1     12      3     10      3      1   4328
      1     22      7      1     13      2     13      2      1    811
      1     22      7      1     14      4      8      4      1   2415
      1     22      7      1     15      7      7      6      0   2247
      1     22      7      1     16      5      8      5      1   1482
      1     22      7      2      1      1      6      1      1   2009
      1     22      7      2      2      7      5      7      1  11174
      1     22      7      2      3      1     11      1      1   2346
      1     22      7      2      4      2      5      2      1   1147
      1     22      7      2      5      5      4      5      1   1131
      1     22      7      2      6      6      9      6      1   3944
      1     22      7      2      7      8      9      8      1   1181
      1     22      7      2      8      2     10      2      1   1360
      1     22      7      2      9      4     11      1      0   4309
      1     22      7      2     10      5      7      5      1   1261
      1     22      7      2     11      3     16      3      1   1244
      1     22      7      2     12      3     13      3      1   1843
      1     22      7      2     13      8     15      8      1   1127
      1     22      7      2     14      4      9      4      1   2309
      1     22      7      2     15      7     10      7      1   1510
      1     22      7      2     16      6      3      7      0   4728
      1     22      8      1      1      1      2      1      1   3453
      1     22      8      1      2      2      8      2      1   1332
      1     22      8      1      3      4      5      4      1   2166
      1     22      8      1      4      6     10      6      1   2357
      1     22      8      1      5      1      4      1      1   7334
      1     22      8      1      6      3      8      3      1   1006
      1     22      8      1      7      8      4      8      1    976
      1     22      8      1      8      8     13      8      1   1053
      1     22      8      1      9      7     13      7      1   3674
      1     22      8      1     10      5     10      5      1   1221
      1     22      8      1     11      7     12      4      0   2103
      1     22      8      1     12      3     11      3      1   1211
      1     22      8      1     13      4     12      2      0   3782
      1     22      8      1     14      2      2      2      1    959
      1     22      8      1     15      6      8      6      1   4076
      1     22      8      1     16      5      6      5      1   1232
      1     22      8      2      1      2      9      2      1   1393
      1     22      8      2      2      3     15      3      1   1877
      1     22      8      2      3      1     16      1      1   2714
      1     22      8      2      4      8     14      8      1   1230
      1     22      8      2      5      3     14      3      1   3097
      1     22      8      2      6      5      2      5      1   1209
      1     22      8      2      7      7     14      7      1   5892
      1     22      8      2      8      1     10      1      1   2196
      1     22      8      2      9      6     11      6      1   1610
      1     22      8      2     10      4     16      2      0   1060
      1     22      8      2     11      6     16      8      0   1228
      1     22      8      2     12      2      4      2      1   2529
      1     22      8      2     13      8     10      8      1   4629
      1     22      8      2     14      5     11      5      1   1260
      1     22      8      2     15      4      3      4      1   2592
      1     22      8      2     16      7     15      7      1   4111
      1     22      9      1      1      5     12      5      1    933
      1     22      9      1      2      3      6      3      1   1301
      1     22      9      1      3      4     10      4      1   2112
      1     22      9      1      4      2     16      2      1   1068
      1     22      9      1      5      2     14      2      1    872
      1     22      9      1      6      4     14      2      0    978
      1     22      9      1      7      3      2      3      1   1137
      1     22      9      1      8      7     16      7      1   5504
      1     22      9      1      9      1     14      1      1   2368
      1     22      9      1     10      8      2      8      1   2187
      1     22      9      1     11      1      7      3      0   1183
      1     22      9      1     12      6     13      6      1   2594
      1     22      9      1     13      6      6      6      1   1407
      1     22      9      1     14      7      4      7      1   1795
      1     22      9      1     15      8      5      8      1    998
      1     22      9      1     16      5      5      5      1   1118
      1     22      9      2      1      5     14      5      1   1842
      1     22      9      2      2      3     12      3      1   5093
      1     22      9      2      3      5     16      5      1   1091
      1     22      9      2      4      2      3      1      0   3426
      1     22      9      2      5      8      6      8      1   1279
      1     22      9      2      6      7      8      7      1   2292
      1     22      9      2      7      1      5      1      1   2481
      1     22      9      2      8      7      2      7      1   3360
      1     22      9      2      9      6      7      6      1   2042
      1     22      9      2     10      4     15      4      1   5359
      1     22      9      2     11      2      6      2      1   1397
      1     22      9      2     12      8     16      8      1   1959
      1     22      9      2     13      1      1      4      0   3809
      1     22      9      2     14      6     15      6      1   1398
      1     22      9      2     15      3      7      3      1   1393
      1     22      9      2     16      4     13      4      1   3628
