      2    189      1      1      1      5     14      5      1   3433   3075
      2    189      1      1      2      1      5      3      0   4372   1840
      2    189      1      1      3      6      6      2      0   3211   2067
      2    189      1      1      4      1      5      1      1   1266   1372
      2    189      1      1      5      7      6      4      0   1872    613
      2    189      1      1      6      4     10      3      0   2236    990
      2    189      1      1      7      8     13      8      1   4935   1435
      2    189      1      1      8      1     14      6      0   7463   1342
      2    189      1      1      9      2      8      2      1   3647   5224
      2    189      1      1     10      4     10      3      0   3791   1806
      2    189      1      1     11      7      6      6      0   4217    634
      2    189      1      1     12      5     14      5      1    865    653
      2    189      1      1     13      1      5      6      0   5232    669
      2    189      1      1     14      6      6      6      1   2871    805
      2    189      1      1     15      8     13      8      1    992    822
      2    189      1      1     16      1     14      3      0  10606    889
      2    189      1      2      1      8      9      8      1   7686
      2    189      1      2      2      4     16      5      0   2127
      2    189      1      2      3      2     16      4      0   3860
      2    189      1      2      4      8     10      8      1   1327
      2    189      1      2      5      5      6      5      1   1294
      2    189      1      2      6      6     15      6      1   3127
      2    189      1      2      7      3     14      1      0   1694
      2    189      1      2      8      1     16      2      0   1960
      2    189      1      2      9      7     14      3      0   1977
      2    189      1      2     10      4      9      4      1   2163
      2    189      1      2     11      6      5      5      0   2276
      2    189      1      2     12      1      2      2      0   4294
      2    189      1      2     13      7      4      1      0   2510
      2    189      1      2     14      2      2      4      0   2827
      2    189      1      2     15      3     10      7      0   3711
      2    189      1      2     16      5      7      5      1   1227
      2    189      2      1      1      4      8      2      0   2112   3900
      2    189      2      1      2      4     10      4      1   1222    989
      2    189      2      1      3      4     11      4      1   1028   2671
      2    189      2      1      4      4      1      4      1   1009   1528
      2    189      2      1      5      8      6      8      1    933   2061
      2    189      2      1      6      8      2      8      1   1117    880
      2    189      2      1      7      1     10      4      0   1274    693
      2    189      2      1      8      7      6      1      0   1034   2059
      2    189      2      1      9      6     11      5      0   1604    826
      2    189      2      1     10      6      6      7      0   1408   1495
      2    189      2      1     11      8     13      8      1   1595    605
      2    189      2      1     12      7     10      2      0   2014    884
      2    189      2      1     13      4      1      2      0   1850    979
      2    189      2      1     14      1      6      3      0   3458   1101
      2    189      2      1     15      1      7      4      0   1209   4377
      2    189      2      1     16      3     16      1      0    889   1021
      2    189      2      2      1      2     13      4      0   4180
      2    189      2      2      2      7     12      6      0   2910
      2    189      2      2      3      5      2      5      1   1160
      2    189      2      2      4      3      8      7      0   4693
      2    189      2      2      5      1      9      4      0   4294
      2    189      2      2      6      6     16      3      0   4627
      2    189      2      2      7      8      4      8      1   1161
      2    189      2      2      8      2     14      2      1   2444
      2    189      2      2      9      1      4      1      1   2327
      2    189      2      2     10      8      3      8      1   3128
      2    189      2      2     11      4     13      3      0   1743
      2    189      2      2     12      5      4      5      1   1561
      2    189      2      2     13      7      7      7      1   4161
      2    189      2      2     14      4     12      4      1   2010
      2    189      2      2     15      6      3      1      0   3244
      2    189      2      2     16      3     15      7      0   1677
      2    189      3      1      1      4      8      1      0   1383   3125
      2    189      3      1      2      4      5      4      1   1162   1181
      2    189      3      1      3      7     15      7      1   1650   1242
      2    189      3      1      4      6     12      6      1   3149    850
      2    189      3      1      5      8     14      8      1    572   1335
      2    189      3      1      6      6     10      1      0   1632    439
      2    189      3      1      7      3      9      1      0   3042    906
      2    189      3      1      8      6      8      1      0   1952   2222
      2    189      3      1      9      5      9      5      1   1173    859
      2    189      3      1     10      6     11      6      1   2137   3663
      2    189      3      1     11      3     12      3      1   3798   2786
      2    189      3      1     12      7     16      1      0   1691    741
      2    189      3      1     13      5     12      5      1   2408    969
      2    189      3      1     14      4      3      4      1    855   1335
      2    189      3      1     15      6      6      6      1   2158   2299
      2    189      3      1     16      6      8      6      1   1628   2325
      2    189      3      2      1      8     16      8      1   1330
      2    189      3      2      2      4     14      4      1   3011
      2    189      3      2      3      1      3      2      0   3377
      2    189      3      2      4      4     15      3      0   4027
      2    189      3      2      5      7     13      6      0   2411
      2    189      3      2      6      8     15      8      1   1094
      2    189      3      2      7      1      1      4      0   1994
      2    189      3      2      8      3      7      3      1   3794
      2    189      3      2      9      2     10      1      0   3112
      2    189      3      2     10      5     16      5      1   1027
      2    189      3      2     11      6      9      6      1   1377
      2    189      3      2     12      3      2      4      0   2411
      2    189      3      2     13      5     11      5      1   1194
      2    189      3      2     14      7      8      7      1   3879
      2    189      3      2     15      6      7      6      1   1596
      2    189      3      2     16      2      4      1      0   3512
      2    189      4      1      1      7     15      2      0    954   1319
      2    189      4      1      2      1     14      7      0   1422   4665
      2    189      4      1      3      3     11      2      0   1447   1047
      2    189      4      1      4      1      7      3      0   1309    528
      2    189      4      1      5      2      3      1      0   3366   2635
      2    189      4      1      6      8      5      8      1   1283   1095
      2    189      4      1      7      7     10      7      1   1294   2033
      2    189      4      1      8      4      5      1      0   1589   1513
      2    189      4      1      9      3     13      7      0   1725   1234
      2    189      4      1     10      3      6      1      0   1234   2223
      2    189      4      1     11      7      2      6      0   1625   5970
      2    189      4      1     12      1     14      1      1   2312   2490
      2    189      4      1     13      1     10      1      1   1110   1492
      2    189      4      1     14      1     11      1      1   1054   2137
      2    189      4      1     15      7      6      6      0   2341   4036
      2    189      4      1     16      7     16      2      0   1082   2471
      2    189      4      2      1      1      4      1      1   5497
      2    189      4      2      2      5      2      5      1   1228
      2    189      4      2      3      3     15      4      0   2311
      2    189      4      2      4      2      2      3      0   3793
      2    189      4      2      5      7     14      2      0   4346
      2    189      4      2      6      4     13      2      0   3561
      2    189      4      2      7      4     15      4      1   2060
      2    189      4      2      8      1      2      1      1   1177
      2    189      4      2      9      3     10      3      1   1943
      2    189      4      2     10      2     14      2      1   4393
      2    189      4      2     11      6      5      6      1   1610
      2    189      4      2     12      5      6      5      1   1828
      2    189      4      2     13      7      4      6      0   4645
      2    189      4      2     14      8     10      8      1   1462
      2    189      4      2     15      8     16      8      1   1127
      2    189      4      2     16      6      3      6      1   1677
      2    189      5      1      1      3     12      3      1   1582    947
      2    189      5      1      2      7     16      6      0   2830    786
      2    189      5      1      3      7      5      7      1   2609   1494
      2    189      5      1      4      4      3      4      1   1776   2870
      2    189      5      1      5      3      6      3      1   1765   1079
      2    189      5      1      6      6     13      6      1   1266    882
      2    189      5      1      7      1     11      1      1   1017    897
      2    189      5      1      8      7     10      7      1   3500   6319
      2    189      5      1      9      7      2      7      1   2341   1313
      2    189      5      1     10      2      5      2      1    954   2611
      2    189      5      1     11      5      8      5      1    999   1764
      2    189      5      1     12      2      1      2      1    941   1052
      2    189      5      1     13      2      6      2      1   1052    665
      2    189      5      1     14      2      8      2      1    939   1841
      2    189      5      1     15      1     11      1      1    793    822
      2    189      5      1     16      6     10      6      1    960   1393
      2    189      5      2      1      2     10      2      1   3797
      2    189      5      2      2      3      2      4      0   1910
      2    189      5      2      3      1      3      1      1   1144
      2    189      5      2      4      4      9      4      1   2978
      2    189      5      2      5      6     15      6      1   1161
      2    189      5      2      6      7     13      7      1   1577
      2    189      5      2      7      5      4      5      1   1477
      2    189      5      2      8      1     16      1      1   3332
      2    189      5      2      9      8      3      8      1    996
      2    189      5      2     10      4     14      2      0   2860
      2    189      5      2     11      6     16      6      1   1144
      2    189      5      2     12      8     15      8      1   1079
      2    189      5      2     13      5     16      5      1   2178
      2    189      5      2     14      3     14      3      1   2178
      2    189      5      2     15      7     12      7      1   1978
      2    189      5      2     16      2     13      2      1   2061
      2    189      6      1      1      6      6      7      0   2357    972
      2    189      6      1      2      4     10      4      1   1039   3221
      2    189      6      1      3      2      6      2      1    838    908
      2    189      6      1      4      1      5      1      1    771   1563
      2    189      6      1      5      8      8      8      1   1668   4649
      2    189      6      1      6      2      9      2      1   1276   1152
      2    189      6      1      7      2      5      2      1   1050    978
      2    189      6      1      8      1     10      1      1   1555   2726
      2    189      6      1      9      3      6      3      1    829   4325
      2    189      6      1     10      6     12      6      1    893   1657
      2    189      6      1     11      3     16      3      1    750   1160
      2    189      6      1     12      3     11      3      1    835    879
      2    189      6      1     13      1      7      3      0   1683    800
      2    189      6      1     14      5      5      5      1   1670   2680
      2    189      6      1     15      4     10      4      1   1074    725
      2    189      6      1     16      4      3      3      0   2866   3617
      2    189      6      2      1      8      4      8      1   1229
      2    189      6      2      2      3      7      3      1   4461
      2    189      6      2      3      1      9      1      1   1960
      2    189      6      2      4      6      9      6      1   1995
      2    189      6      2      5      2      4      2      1   1628
      2    189      6      2      6      5     11      5      1   1428
      2    189      6      2      7      7      8      7      1   2727
      2    189      6      2      8      4     16      2      0   3143
      2    189      6      2      9      2     16      2      1   1977
      2    189      6      2     10      5      7      5      1   1944
      2    189      6      2     11      3      8      3      1   1594
      2    189      6      2     12      8      9      8      1   1560
      2    189      6      2     13      6      7      6      1   2494
      2    189      6      2     14      1      1      1      1   7395
      2    189      6      2     15      7      7      7      1   2294
      2    189      6      2     16      4     12      2      0   4697
      2    189      7      1      1      1     10      1      1   1827   2788
      2    189      7      1      2      1     14      6      0   1499   1095
      2    189      7      1      3      4     10      4      1   1219   1091
      2    189      7      1      4      4      3      4      1   1137    811
      2    189      7      1      5      4      8      4      1   1842    954
      2    189      7      1      6      6     12      6      1   1243   7646
      2    189      7      1      7      2      6      2      1    808   1232
      2    189      7      1      8      4     11      2      0   2158    724
      2    189      7      1      9      4      8      4      1    770    926
      2    189      7      1     10      4     10      4      1    727    806
      2    189      7      1     11      4     11      4      1    909   1101
      2    189      7      1     12      2      9      4      0   1557   1594
      2    189      7      1     13      2      1      2      1   1206   1366
      2    189      7      1     14      8     13      8      1    999   1323
      2    189      7      1     15      7      2      7      1   1403   1171
      2    189      7      1     16      4      1      4      1   6530    687
      2    189      7      2      1      2     14      2      1   2548
      2    189      7      2      2      4     12      4      1   1577
      2    189      7      2      3      3      8      3      1   1510
      2    189      7      2      4      4     16      2      0   1476
      2    189      7      2      5      3     15      3      1   2177
      2    189      7      2      6      5      7      5      1    961
      2    189      7      2      7      7      4      6      0   3177
      2    189      7      2      8      1      3      1      1   1527
      2    189      7      2      9      2     13      2      1   1410
      2    189      7      2     10      8      4      8      1   1443
      2    189      7      2     11      1     16      1      1   2128
      2    189      7      2     12      7     14      3      0   6882
      2    189      7      2     13      6     16      6      1   2443
      2    189      7      2     14      6      5      6      1   2310
      2    189      7      2     15      8      3      8      1   1227
      2    189      7      2     16      5     11      5      1   1379
      2    189      8      1      1      7      5      4      0   2674   4168
      2    189      8      1      2      4     10      4      1    812   3097
      2    189      8      1      3      4      8      4      1    716   1241
      2    189      8      1      4      6      8      6      1    980   1390
      2    189      8      1      5      6     10      6      1   1284   1123
      2    189      8      1      6      3     11      3      1   2053    632
      2    189      8      1      7      1      7      1      1   1020    729
      2    189      8      1      8      2      6      2      1   1143   1215
      2    189      8      1      9      8      8      8      1   1624   1069
      2    189      8      1     10      8      5      8      1   1100   1126
      2    189      8      1     11      3     16      4      0   5634   1569
      2    189      8      1     12      2      9      2      1   1236   1189
      2    189      8      1     13      2      3      4      0   1905   1006
      2    189      8      1     14      5     10      5      1   1600   1176
      2    189      8      1     15      1      5      1      1   2139    661
      2    189      8      1     16      8     13      8      1    934    896
      2    189      8      2      1      3     14      3      1   2897
      2    189      8      2      2      2      4      2      1   1094
      2    189      8      2      3      2     10      2      1   1560
      2    189      8      2      4      5      6      5      1   1063
      2    189      8      2      5      8     16      8      1   1727
      2    189      8      2      6      6     15      6      1   3278
      2    189      8      2      7      8     10      8      1   1410
      2    189      8      2      8      4     15      4      1   5677
      2    189      8      2      9      3      2      3      1   1827
      2    189      8      2     10      4      9      4      1   3927
      2    189      8      2     11      6      7      6      1   1527
      2    189      8      2     12      1      2      7      0   3860
      2    189      8      2     13      5     16      5      1   1079
      2    189      8      2     14      7     13      7      1   1309
      2    189      8      2     15      1      9      1      1   1093
      2    189      8      2     16      7     12      7      1   2027
      2    189      9      1      1      3     12      3      1   2002   2634
      2    189      9      1      2      4      8      4      1   1533   1307
      2    189      9      1      3      4     10      4      1   1207    695
      2    189      9      1      4      4      5      4      1   3248   1047
      2    189      9      1      5      3     13      3      1   1001   1286
      2    189      9      1      6      5      5      5      1   1251   1224
      2    189      9      1      7      7     16      4      0   6174   2265
      2    189      9      1      8      8      6      8      1    999    882
      2    189      9      1      9      7      6      7      1    798    849
      2    189      9      1     10      7     15      7      1   2452   1189
      2    189      9      1     11      7      2      7      1   1144    624
      2    189      9      1     12      1     10      1      1   1590    726
      2    189      9      1     13      6     10      6      1   1121    630
      2    189      9      1     14      2      8      2      1    980    997
      2    189      9      1     15      6      8      6      1   1239    874
      2    189      9      1     16      8     14      8      1    764   1602
      2    189      9      2      1      2      2      2      1   2530
      2    189      9      2      2      6      9      6      1   1694
      2    189      9      2      3      8     15      8      1   1545
      2    189      9      2      4      8      9      8      1   1044
      2    189      9      2      5      1      4      1      1   1360
      2    189      9      2      6      3      7      7      0   2377
      2    189      9      2      7      7      7      7      1   1727
      2    189      9      2      8      2     16      2      1   1444
      2    189      9      2      9      5      4      5      1   1411
      2    189      9      2     10      4     14      7      0   8177
      2    189      9      2     11      1      1      1      1   2442
      2    189      9      2     12      6      3      6      1   1661
      2    189      9      2     13      4     13      4      1   7428
      2    189      9      2     14      5      2      5      1   1177
      2    189      9      2     15      3     10      3      1   2344
      2    189      9      2     16      7      8      7      1   1994
