      1     18      1      1      1      1      3      2      0   8084
      1     18      1      1      2      4     13      6      0   2967
      1     18      1      1      3      5      4      5      1   1258
      1     18      1      1      4      2      8      6      0   6121
      1     18      1      1      5      7      8      8      0   4378
      1     18      1      1      6      2     14      3      0   2090
      1     18      1      1      7      3     16      8      0   6250
      1     18      1      1      8      7      4      6      0   3275
      1     18      1      1      9      3     10      1      0   3209
      1     18      1      1     10      6     11      2      0   3119
      1     18      1      1     11      5     14      5      1   1476
      1     18      1      1     12      1      5      8      0   2730
      1     18      1      1     13      8     16      4      0   2489
      1     18      1      1     14      4     12      2      0   2003
      1     18      1      1     15      8      2      2      0   2888
      1     18      1      1     16      6     16      3      0   2987
      1     18      1      2      1      6      8      6      1   6258
      1     18      1      2      2      5      2      5      1   1325
      1     18      1      2      3      3     11      4      0   7410
      1     18      1      2      4      4      1      1      0   6627
      1     18      1      2      5      7     13      8      0   8628
      1     18      1      2      6      8      3      8      1   4247
      1     18      1      2      7      4     15      3      0   4777
      1     18      1      2      8      2      3      1      0   3014
      1     18      1      2      9      2     13      2      1   4447
      1     18      1      2     10      8      5      7      0   2963
      1     18      1      2     11      1     10      7      0   3531
      1     18      1      2     12      1      2      2      0   3392
      1     18      1      2     13      5      8      5      1   1244
      1     18      1      2     14      7     12      1      0   2765
      1     18      1      2     15      6     15      6      1   2831
      1     18      1      2     16      3      2      4      0   2443
      1     18      2      1      1      7      2      8      0   2775
      1     18      2      1      2      1      1      3      0   2206
      1     18      2      1      3      5     12      5      1   1160
      1     18      2      1      4      6     10      3      0   3323
      1     18      2      1      5      2     16      2      1   1550
      1     18      2      1      6      7     14      8      0   2669
      1     18      2      1      7      4      9      1      0   2493
      1     18      2      1      8      3     13      2      0   1560
      1     18      2      1      9      6      6      6      1   3312
      1     18      2      1     10      5      6      5      1    971
      1     18      2      1     11      3      8      6      0   3025
      1     18      2      1     12      8      8      8      1   3871
      1     18      2      1     13      4      5      4      1   3168
      1     18      2      1     14      2      2      3      0   1944
      1     18      2      1     15      1     11      1      1   2970
      1     18      2      1     16      8      6      4      0   2028
      1     18      2      2      1      7     16      4      0   7110
      1     18      2      2      2      1      9      1      1   9609
      1     18      2      2      3      4      8      7      0   4381
      1     18      2      2      4      3      9      8      0   4530
      1     18      2      2      5      7     10      7      1   5944
      1     18      2      2      6      3      7      8      0   3845
      1     18      2      2      7      2     10      4      0   2043
      1     18      2      2      8      8      9      8      1   1264
      1     18      2      2      9      1     14      2      0   2896
      1     18      2      2     10      5     10      5      1   1293
      1     18      2      2     11      8     14      8      1   2393
      1     18      2      2     12      4     14      3      0   3092
      1     18      2      2     13      6     13      1      0   4176
      1     18      2      2     14      5      7      5      1   1944
      1     18      2      2     15      6      3      6      1   1427
      1     18      2      2     16      2      4      4      0   1362
      1     18      3      1      1      4      3      4      1   1547
      1     18      3      1      2      1      6      2      0   3267
      1     18      3      1      3      2      1      4      0   1515
      1     18      3      1      4      3      6      3      1   2964
      1     18      3      1      5      4     10      7      0   5149
      1     18      3      1      6      8     10      8      1   1232
      1     18      3      1      7      6      5      6      1   2260
      1     18      3      1      8      1     16      2      0   2991
      1     18      3      1      9      7      6      4      0   1981
      1     18      3      1     10      8      4      8      1    956
      1     18      3      1     11      5     16      5      1   1023
      1     18      3      1     12      6      9      6      1   1178
      1     18      3      1     13      2      9      4      0   1625
      1     18      3      1     14      5     11      5      1    901
      1     18      3      1     15      3     15      1      0   5249
      1     18      3      1     16      7     15      6      0   1556
      1     18      3      2      1      1      7      2      0   3543
      1     18      3      2      2      7      5      7      1   2959
      1     18      3      2      3      6     12      3      0   4214
      1     18      3      2      4      5      9      5      1    960
      1     18      3      2      5      7      7      1      0   2893
      1     18      3      2      6      6      7      6      1   1578
      1     18      3      2      7      4     11      4      1   1926
      1     18      3      2      8      2      5      1      0   3958
      1     18      3      2      9      8     13      8      1   1059
      1     18      3      2     10      5      5      5      1   1261
      1     18      3      2     11      3     12      3      1   2029
      1     18      3      2     12      1      4      2      0   1660
      1     18      3      2     13      8     15      8      1   1093
      1     18      3      2     14      4     16      4      1   1596
      1     18      3      2     15      3     14      7      0   2526
      1     18      3      2     16      2      6      2      1   3226
      1     18      4      1      1      2      9      4      0   1491
      1     18      4      1      2      5     12      5      1   1027
      1     18      4      1      3      6     16      6      1   1740
      1     18      4      1      4      3     10      3      1   1459
      1     18      4      1      5      8      6      8      1   1007
      1     18      4      1      6      2     14      7      0   2805
      1     18      4      1      7      5      6      5      1    866
      1     18      4      1      8      1      1      2      0   1686
      1     18      4      1      9      7     14      7      1   1993
      1     18      4      1     10      8      8      8      1    955
      1     18      4      1     11      6      9      6      1   1462
      1     18      4      1     12      7      2      3      0   2080
      1     18      4      1     13      1     11      2      0   1599
      1     18      4      1     14      4     13      3      0   1075
      1     18      4      1     15      3      8      7      0   1221
      1     18      4      1     16      4     12      2      0    853
      1     18      4      2      1      4      8      4      1   8026
      1     18      4      2      2      7     10      7      1   2611
      1     18      4      2      3      2     13      2      1   3476
      1     18      4      2      4      8     14      8      1   1076
      1     18      4      2      5      1      2      3      0   1525
      1     18      4      2      6      6      7      6      1   1559
      1     18      4      2      7      8      9      8      1    929
      1     18      4      2      8      5     10      5      1    793
      1     18      4      2      9      3      7      3      1   1144
      1     18      4      2     10      4      1      1      0   2245
      1     18      4      2     11      5      8      5      1    993
      1     18      4      2     12      3     11      4      0   1626
      1     18      4      2     13      1     10      2      0   5079
      1     18      4      2     14      7      7      7      1   1498
      1     18      4      2     15      6      3      6      1   1727
      1     18      4      2     16      2      4      2      1   2309
      1     18      5      1      1      1      3      1      1   2065
      1     18      5      1      2      6      6      6      1   1413
      1     18      5      1      3      8     16      8      1    990
      1     18      5      1      4      2      2      2      1   1458
      1     18      5      1      5      7     15      7      1   1011
      1     18      5      1      6      7      4      3      0   3981
      1     18      5      1      7      3      6      3      1   1565
      1     18      5      1      8      8      2      8      1   1166
      1     18      5      1      9      6     11      6      1   1335
      1     18      5      1     10      5     16      5      1    906
      1     18      5      1     11      4      5      3      0   1729
      1     18      5      1     12      1     16      7      0   1485
      1     18      5      1     13      2      1      2      1    779
      1     18      5      1     14      3     13      3      1   1123
      1     18      5      1     15      4     10      4      1   1815
      1     18      5      1     16      5     14      5      1   1103
      1     18      5      2      1      7     12      3      0   1377
      1     18      5      2      2      1      9      1      1   2697
      1     18      5      2      3      2      6      2      1   1079
      1     18      5      2      4      7     13      7      1   1977
      1     18      5      2      5      3     12      3      1   1294
      1     18      5      2      6      6     12      6      1   2260
      1     18      5      2      7      6     15      6      1   1276
      1     18      5      2      8      5      9      5      1   1044
      1     18      5      2      9      4     15      4      1   4143
      1     18      5      2     10      8     15      8      1   1026
      1     18      5      2     11      4     16      4      1   1759
      1     18      5      2     12      2     10      2      1   1143
      1     18      5      2     13      1      7      1      1   1360
      1     18      5      2     14      3     14      3      1   1161
      1     18      5      2     15      5      5      5      1   1293
      1     18      5      2     16      8      3      8      1   1093
      1     18      6      1      1      7      8      7      1   1901
      1     18      6      1      2      4      9      4      1   2708
      1     18      6      1      3      5     11      5      1    850
      1     18      6      1      4      7      6      7      1   1725
      1     18      6      1      5      1      6      1      1   1218
      1     18      6      1      6      2     16      4      0   2813
      1     18      6      1      7      4      3      1      0   2215
      1     18      6      1      8      3     16      1      0    883
      1     18      6      1      9      1      5      7      0   4218
      1     18      6      1     10      8      4      8      1    863
      1     18      6      1     11      5      4      5      1    840
      1     18      6      1     12      3     15      3      1   1171
      1     18      6      1     13      6     10      7      0   1016
      1     18      6      1     14      8     10      8      1   1291
      1     18      6      1     15      6      5      6      1   1938
      1     18      6      1     16      2      8      2      1   1222
      1     18      6      2      1      1     14      1      1   4259
      1     18      6      2      2      4     11      4      1   2578
      1     18      6      2      3      1      4      1      1   4596
      1     18      6      2      4      7      5      7      1   2231
      1     18      6      2      5      6     13      6      1   2197
      1     18      6      2      6      8      5      8      1    909
      1     18      6      2      7      3      2      3      1   1244
      1     18      6      2      8      2      3      4      0   3647
      1     18      6      2      9      5      7      5      1   1044
      1     18      6      2     10      5      2      5      1   1009
      1     18      6      2     11      4     14      4      1   5463
      1     18      6      2     12      3      9      3      1   1214
      1     18      6      2     13      8     13      8      1    992
      1     18      6      2     14      2      5      2      1   1742
      1     18      6      2     15      7     16      7      1   3726
      1     18      6      2     16      6      8      6      1   1510
      1     18      7      1      1      3     16      3      1   1176
      1     18      7      1      2      4     12      2      0   1178
      1     18      7      1      3      3     10      3      1   1048
      1     18      7      1      4      8     10      8      1    837
      1     18      7      1      5      7      8      7      1   1302
      1     18      7      1      6      1      1      1      1   1579
      1     18      7      1      7      2     14      4      0   2399
      1     18      7      1      8      4      3      4      1   1129
      1     18      7      1      9      2      2      2      1   1709
      1     18      7      1     10      7      6      7      1   1649
      1     18      7      1     11      8      8      8      1    860
      1     18      7      1     12      5     16      5      1    956
      1     18      7      1     13      6      6      6      1   1776
      1     18      7      1     14      5     14      5      1    961
      1     18      7      1     15      1     16      1      1   1521
      1     18      7      1     16      6     16      6      1   1747
      1     18      7      2      1      2     10      2      1   2426
      1     18      7      2      2      4     14      1      0   4959
      1     18      7      2      3      6      3      6      1   1693
      1     18      7      2      4      2      3      4      0   2526
      1     18      7      2      5      7     12      7      1   1227
      1     18      7      2      6      1      9      1      1   2377
      1     18      7      2      7      4      8      4      1   3394
      1     18      7      2      8      5     10      5      1   1144
      1     18      7      2      9      6     13      6      1   2563
      1     18      7      2     10      3     14      3      1   1210
      1     18      7      2     11      8     15      8      1    993
      1     18      7      2     12      1      2      4      0   4009
      1     18      7      2     13      5      2      5      1   1126
      1     18      7      2     14      3      9      3      1    878
      1     18      7      2     15      7      7      7      1   1428
      1     18      7      2     16      8     14      8      1    893
      1     18      8      1      1      5      4      5      1    869
      1     18      8      1      2      4     13      4      1   1254
      1     18      8      1      3      1     11      1      1    971
      1     18      8      1      4      7     14      7      1   1695
      1     18      8      1      5      5      6      5      1    968
      1     18      8      1      6      8     16      8      1   1027
      1     18      8      1      7      3     13      3      1    924
      1     18      8      1      8      6      9      6      1    988
      1     18      8      1      9      3      6      7      0   3072
      1     18      8      1     10      6     10      6      1    882
      1     18      8      1     11      8      6      8      1    841
      1     18      8      1     12      2      1      2      1    962
      1     18      8      1     13      4     10      4      1   1815
      1     18      8      1     14      2     16      2      1   2335
      1     18      8      1     15      7     15      7      1   1361
      1     18      8      1     16      1      3      1      1   1171
      1     18      8      2      1      3     11      3      1   2509
      1     18      8      2      2      1     10      4      0   2415
      1     18      8      2      3      6     12      6      1   4760
      1     18      8      2      4      4     15      4      1   2097
      1     18      8      2      5      7      5      7      1   1192
      1     18      8      2      6      2      6      2      1   1276
      1     18      8      2      7      8      5      8      1    912
      1     18      8      2      8      7     13      7      1   1059
      1     18      8      2      9      2     13      4      0   2712
      1     18      8      2     10      3     12      3      1    998
      1     18      8      2     11      4     16      2      0   1126
      1     18      8      2     12      6     15      6      1   1379
      1     18      8      2     13      5      7      5      1    927
      1     18      8      2     14      5      5      5      1   1126
      1     18      8      2     15      1      4      1      1   1114
      1     18      8      2     16      8     13      8      1   1010
      1     18      9      1      1      4      5      3      0   2495
      1     18      9      1      2      6     11      6      1   1707
      1     18      9      1      3      1      6      1      1   1422
      1     18      9      1      4      6      5      6      1   1186
      1     18      9      1      5      3      8      3      1    863
      1     18      9      1      6      7      4      7      1   1783
      1     18      9      1      7      5     12      5      1    852
      1     18      9      1      8      2      9      2      1   1084
      1     18      9      1      9      1      5      1      1   2278
      1     18      9      1     10      3     15      3      1    952
      1     18      9      1     11      7      2      7      1    960
      1     18      9      1     12      8      2      8      1    934
      1     18      9      1     13      8      4      8      1    948
      1     18      9      1     14      5     11      5      1    813
      1     18      9      1     15      4      9      4      1   1501
      1     18      9      1     16      2      8      2      1    724
      1     18      9      2      1      2      4      2      1   1059
      1     18      9      2      2      6      7      6      1   1927
      1     18      9      2      3      5      8      5      1   1009
      1     18      9      2      4      3      2      3      1   1229
      1     18      9      2      5      3      7      6      0   3311
      1     18      9      2      6      1      7      1      1   1561
      1     18      9      2      7      4      1      4      1   1580
      1     18      9      2      8      4     11      4      1   2510
      1     18      9      2      9      7     16      4      0   4742
      1     18      9      2     10      8      9      8      1    860
      1     18      9      2     11      5      9      5      1    964
      1     18      9      2     12      2      5      2      1    944
      1     18      9      2     13      1     14      6      0   2093
      1     18      9      2     14      8      3      8      1    830
      1     18      9      2     15      7     10      7      1    928
      1     18      9      2     16      6      8      6      1   1026
