      1    168      1      1      1      5      2      5      1   1493
      1    168      1      1      2      8     16      8      1   2401
      1    168      1      1      3      1      9      2      0   1171
      1    168      1      1      4      3     14      7      0   4093
      1    168      1      1      5      8      3      8      1   1604
      1    168      1      1      6      1      2      2      0   1821
      1    168      1      1      7      4     13      4      1   3313
      1    168      1      1      8      6     10      6      1   1882
      1    168      1      1      9      7     10      7      1   1361
      1    168      1      1     10      6      5      4      0   3907
      1    168      1      1     11      2      8      2      1   1233
      1    168      1      1     12      2      1      1      0   2278
      1    168      1      1     13      3     10      3      1   2158
      1    168      1      1     14      7      6      7      1   1756
      1    168      1      1     15      5      8      5      1   1290
      1    168      1      1     16      4      1      1      0   1526
      1    168      1      2      1      2     14      4      0   5214
      1    168      1      2      2      1     10      1      1   1475
      1    168      1      2      3      6     16      6      1   2925
      1    168      1      2      4      4     16      4      1   2342
      1    168      1      2      5      8     15      8      1   1390
      1    168      1      2      6      8      4      8      1   1324
      1    168      1      2      7      5     12      5      1   1143
      1    168      1      2      8      7     15      7      1   1126
      1    168      1      2      9      2      6      2      1   1875
      1    168      1      2     10      7      5      7      1   2542
      1    168      1      2     11      4     11      1      0   3409
      1    168      1      2     12      3      6      3      1   2508
      1    168      1      2     13      1     11      1      1   1976
      1    168      1      2     14      5      4      5      1    925
      1    168      1      2     15      6     13      6      1   2957
      1    168      1      2     16      3     12      3      1   2593
      1    168      2      1      1      7     16      7      1   1729
      1    168      2      1      2      4      8      6      0   5099
      1    168      2      1      3      8     10      8      1   1401
      1    168      2      1      4      7     12      7      1   1537
      1    168      2      1      5      2      5      2      1   1164
      1    168      2      1      6      2     13      2      1   3856
      1    168      2      1      7      3     11      3      1   1562
      1    168      2      1      8      8      2      8      1   1187
      1    168      2      1      9      5      5      5      1   1806
      1    168      2      1     10      6     12      6      1   2042
      1    168      2      1     11      5     10      5      1   1422
      1    168      2      1     12      1     16      1      1   2484
      1    168      2      1     13      3      9      3      1   1634
      1    168      2      1     14      6      6      7      0   6265
      1    168      2      1     15      1      7      1      1   1272
      1    168      2      1     16      4     10      4      1   2355
      1    168      2      2      1      4     12      4      1   3763
      1    168      2      2      2      1      4      1      1   1376
      1    168      2      2      3      5     16      5      1   1176
      1    168      2      2      4      3      2      3      1   1330
      1    168      2      2      5      2     10      2      1    962
      1    168      2      2      6      6     11      6      1   1491
      1    168      2      2      7      3     16      3      1   7975
      1    168      2      2      8      4      9      4      1   1891
      1    168      2      2      9      2      4      2      1    908
      1    168      2      2     10      7      8      7      1   1043
      1    168      2      2     11      1      3      1      1   1225
      1    168      2      2     12      8      5      8      1   1275
      1    168      2      2     13      7      7      7      1   1009
      1    168      2      2     14      5      9      5      1   1109
      1    168      2      2     15      6      8      6      1   1542
      1    168      2      2     16      8      6      8      1   1326
      1    168      3      1      1      4     14      4      1   3135
      1    168      3      1      2      1      5      1      1   1520
      1    168      3      1      3      5     11      5      1   1001
      1    168      3      1      4      2      9      2      1    754
      1    168      3      1      5      3     15      3      1   2115
      1    168      3      1      6      8      8      8      1   1105
      1    168      3      1      7      4      3      2      0   4124
      1    168      3      1      8      3     13      3      1   1483
      1    168      3      1      9      6      9      6      1   1994
      1    168      3      1     10      8      9      8      1   1452
      1    168      3      1     11      2      2      2      1   1173
      1    168      3      1     12      1      1      1      1   1441
      1    168      3      1     13      7      2      7      1   2747
      1    168      3      1     14      7      4      6      0   1530
      1    168      3      1     15      6      3      6      1   1458
      1    168      3      1     16      5      7      5      1   2006
      1    168      3      2      1      1     14      3      0   4028
      1    168      3      2      2      7     14      7      1   2358
      1    168      3      2      3      5     14      5      1   1109
      1    168      3      2      4      8     13      8      1   1026
      1    168      3      2      5      8     14      8      1   1008
      1    168      3      2      6      7     13      7      1   1174
      1    168      3      2      7      2      3      1      0   9459
      1    168      3      2      8      3      8      3      1   1293
      1    168      3      2      9      5      6      5      1    791
      1    168      3      2     10      3      7      3      1   1292
      1    168      3      2     11      4      5      4      1   1626
      1    168      3      2     12      6      7      6      1   1611
      1    168      3      2     13      2     16      4      0   2093
      1    168      3      2     14      4     15      4      1   3241
      1    168      3      2     15      6     15      6      1   1342
      1    168      3      2     16      1      6      1      1   1042
      1    168      4      1      1      4     10      4      1   1276
      1    168      4      1      2      5      5      5      1   1073
      1    168      4      1      3      8      3      8      1   1011
      1    168      4      1      4      1      9      1      1   1523
      1    168      4      1      5      1      2      8      0   1261
      1    168      4      1      6      8     16      8      1   1170
      1    168      4      1      7      2      5      2      1    985
      1    168      4      1      8      7     16      7      1   3958
      1    168      4      1      9      6      3      2      0   2999
      1    168      4      1     10      3     11      3      1   1179
      1    168      4      1     11      5     10      5      1   1584
      1    168      4      1     12      4      3      4      1   3277
      1    168      4      1     13      3     10      1      0   1978
      1    168      4      1     14      2     13      4      0   4406
      1    168      4      1     15      7     12      7      1   3552
      1    168      4      1     16      6      9      6      1   1428
      1    168      4      2      1      2     14      4      0   1680
      1    168      4      2      2      5     14      5      1   1042
      1    168      4      2      3      3      7      3      1   1192
      1    168      4      2      4      5      4      5      1    859
      1    168      4      2      5      7      8      7      1   1225
      1    168      4      2      6      1     10      1      1   1208
      1    168      4      2      7      4     11      2      0   6175
      1    168      4      2      8      6     16      6      1   1142
      1    168      4      2      9      3      2      3      1   1209
      1    168      4      2     10      4     15      4      1   1075
      1    168      4      2     11      6     13      6      1   2308
      1    168      4      2     12      8     15      8      1   1675
      1    168      4      2     13      1     14      1      1   3759
      1    168      4      2     14      2      4      2      1   1275
      1    168      4      2     15      7     14      7      1   4441
      1    168      4      2     16      8     14      8      1   1260
      1    168      5      1      1      5      7      5      1   1099
      1    168      5      1      2      7      6      7      1   1081
      1    168      5      1      3      2      8      2      1    793
      1    168      5      1      4      1     16      1      1   1663
      1    168      5      1      5      8     10      8      1   1502
      1    168      5      1      6      1      7      1      1   2131
      1    168      5      1      7      4     13      4      1   1087
      1    168      5      1      8      7     10      7      1   1571
      1    168      5      1      9      6     12      2      0   1087
      1    168      5      1     10      4      1      2      0   4838
      1    168      5      1     11      3     15      3      1   2086
      1    168      5      1     12      2      1      2      1    997
      1    168      5      1     13      8      8      4      0    824
      1    168      5      1     14      3     14      3      1   1901
      1    168      5      1     15      6     10      6      1   1788
      1    168      5      1     16      5      2      5      1   1953
      1    168      5      2      1      3      6      3      1   2446
      1    168      5      2      2      5      6      5      1   1242
      1    168      5      2      3      1      6      1      1   1180
      1    168      5      2      4      3     12      3      1   3476
      1    168      5      2      5      4      9      4      1   1725
      1    168      5      2      6      8      4      8      1   1242
      1    168      5      2      7      8      6      8      1   1092
      1    168      5      2      8      7     13      7      1   1375
      1    168      5      2      9      2      6      2      1    724
      1    168      5      2     10      4     12      2      0   1212
      1    168      5      2     11      1     11      1      1   1109
      1    168      5      2     12      6      7      6      1   1609
      1    168      5      2     13      7     15      7      1    975
      1    168      5      2     14      2      3      4      0   4542
      1    168      5      2     15      5     16      5      1   1675
      1    168      5      2     16      6      8      6      1   1192
      1    168      6      1      1      1      5      1      1   1450
      1    168      6      1      2      6      5      6      1   1826
      1    168      6      1      3      7      4      7      1   1784
      1    168      6      1      4      6      6      6      1   3836
      1    168      6      1      5      1      1      4      0   5372
      1    168      6      1      6      2      9      2      1   1427
      1    168      6      1      7      8      2      8      1   1014
      1    168      6      1      8      4     14      4      1   1396
      1    168      6      1      9      7      2      7      1   1247
      1    168      6      1     10      8      9      8      1   2415
      1    168      6      1     11      5     11      5      1   1178
      1    168      6      1     12      4      8      4      1   2388
      1    168      6      1     13      3     13      3      1   2784
      1    168      6      1     14      3      9      3      1   2262
      1    168      6      1     15      2      2      2      1   1565
      1    168      6      1     16      5      8      5      1   1350
      1    168      6      2      1      4      5      4      1   2030
      1    168      6      2      2      2     16      4      0   3275
      1    168      6      2      3      1      3      1      1   1125
      1    168      6      2      4      5     12      5      1   1190
      1    168      6      2      5      5      9      5      1    859
      1    168      6      2      6      8     13      8      1   1359
      1    168      6      2      7      7      5      7      1   1840
      1    168      6      2      8      1      4      1      1    974
      1    168      6      2      9      2     10      2      1   2192
      1    168      6      2     10      4     16      2      0   2575
      1    168      6      2     11      6     15      6      1   1642
      1    168      6      2     12      6     11      6      1   1659
      1    168      6      2     13      3      8      3      1    942
      1    168      6      2     14      3     16      3      1   1476
      1    168      6      2     15      7      7      7      1   1342
      1    168      6      2     16      8      5      8      1   1107
      1    168      7      1      1      5      5      5      1   1146
      1    168      7      1      2      6     10      6      1   1803
      1    168      7      1      3      2      9      2      1    811
      1    168      7      1      4      4     10      4      1   2084
      1    168      7      1      5      7      2      7      1    959
      1    168      7      1      6      8     16      8      1   1268
      1    168      7      1      7      6      5      6      1   3355
      1    168      7      1      8      2      2      2      1   1025
      1    168      7      1      9      1      5      1      1    878
      1    168      7      1     10      3     14      3      1   1619
      1    168      7      1     11      5     11      5      1   1472
      1    168      7      1     12      7      4      7      1   1739
      1    168      7      1     13      1     16      1      1    821
      1    168      7      1     14      3     13      3      1   1287
      1    168      7      1     15      4     14      4      1   1200
      1    168      7      1     16      8     10      8      1    965
      1    168      7      2      1      6      8      6      1   1179
      1    168      7      2      2      8      5      8      1   1307
      1    168      7      2      3      7     13      7      1   1026
      1    168      7      2      4      1     14      1      1   1291
      1    168      7      2      5      4     12      2      0  10090
      1    168      7      2      6      7      7      7      1   1709
      1    168      7      2      7      8      6      8      1   1241
      1    168      7      2      8      3      2      3      1    859
      1    168      7      2      9      5      9      5      1   1124
      1    168      7      2     10      1      3      1      1   1374
      1    168      7      2     11      4      9      4      1   1107
      1    168      7      2     12      3      6      3      1   1542
      1    168      7      2     13      2      6      2      1   1025
      1    168      7      2     14      6     15      6      1   1207
      1    168      7      2     15      5     14      5      1   1141
      1    168      7      2     16      2     10      4      0   8009
      1    168      8      1      1      2      1      2      1    868
      1    168      8      1      2      1      1      1      1    822
      1    168      8      1      3      4      8      4      1   1405
      1    168      8      1      4      6      9      6      1   1496
      1    168      8      1      5      7      6      7      1   1371
      1    168      8      1      6      5      7      5      1   1139
      1    168      8      1      7      3      9      3      1    881
      1    168      8      1      8      8      2      8      1    888
      1    168      8      1      9      4      3      4      1   2223
      1    168      8      1     10      7     12      7      1   1149
      1    168      8      1     11      8      3      8      1   1190
      1    168      8      1     12      6     12      6      1   1183
      1    168      8      1     13      5      2      5      1    751
      1    168      8      1     14      1      2      1      1   1239
      1    168      8      1     15      2     13      4      0   1077
      1    168      8      1     16      3     10      3      1   1428
      1    168      8      2      1      1      4      1      1    947
      1    168      8      2      2      2      3      1      0  16791
      1    168      8      2      3      1     11      1      1   1942
      1    168      8      2      4      6     13      6      1   1224
      1    168      8      2      5      4     16      4      1   2058
      1    168      8      2      6      8      4      8      1   1041
      1    168      8      2      7      4     15      4      1   1241
      1    168      8      2      8      5      4      5      1   1192
      1    168      8      2      9      5     16      5      1   1558
      1    168      8      2     10      3     12      3      1    857
      1    168      8      2     11      3      8      3      1   1091
      1    168      8      2     12      7      5      7      1   1225
      1    168      8      2     13      6      7      6      1   1226
      1    168      8      2     14      8     14      8      1   1024
      1    168      8      2     15      7      8      7      1    690
      1    168      8      2     16      2     16      2      1   6412
      1    168      9      1      1      3     15      3      1   1819
      1    168      9      1      2      1      7      1      1   2832
      1    168      9      1      3      4     13      4      1   1275
      1    168      9      1      4      5      8      5      1    988
      1    168      9      1      5      2      8      2      1    708
      1    168      9      1      6      8      9      8      1    798
      1    168      9      1      7      7     16      7      1   1851
      1    168      9      1      8      7     10      7      1    986
      1    168      9      1      9      4      1      4      1   6129
      1    168      9      1     10      1      9      1      1   1304
      1    168      9      1     11      2      5      2      1    784
      1    168      9      1     12      6      6      6      1   1705
      1    168      9      1     13      3     11      3      1   1286
      1    168      9      1     14      6      3      6      1   1366
      1    168      9      1     15      5     10      5      1    827
      1    168      9      1     16      8      8      8      1   1099
      1    168      9      2      1      6     11      6      1   3630
      1    168      9      2      2      4     11      4      1   6825
      1    168      9      2      3      5      6      5      1    942
      1    168      9      2      4      3      7      3      1   2228
      1    168      9      2      5      8     15      8      1   1091
      1    168      9      2      6      4      5      4      1   1392
      1    168      9      2      7      5     12      5      1    976
      1    168      9      2      8      2     14      4      0   2791
      1    168      9      2      9      1     10      1      1   1042
      1    168      9      2     10      1      6      1      1   1258
      1    168      9      2     11      7     14      7      1   1826
      1    168      9      2     12      6     16      6      1   1377
      1    168      9      2     13      2      4      2      1   1041
      1    168      9      2     14      3     16      3      1   1059
      1    168      9      2     15      7     15      7      1   1325
      1    168      9      2     16      8     13      8      1   1009
