      1     31      1      1      1      3      7      2      0   2600
      1     31      1      1      2      5      4      5      1   3454
      1     31      1      1      3      1     11      1      1   1855
      1     31      1      1      4      8     13      6      0   2794
      1     31      1      1      5      4      1      7      0   3674
      1     31      1      1      6      7     14      1      0   2909
      1     31      1      1      7      2      3      4      0   2987
      1     31      1      1      8      2      5      6      0   7140
      1     31      1      1      9      1     16      5      0   3616
      1     31      1      1     10      4     14      2      0   1311
      1     31      1      1     11      8     10      8      1   2600
      1     31      1      1     12      5      6      5      1   1864
      1     31      1      1     13      7     16      2      0   1892
      1     31      1      1     14      3      6      2      0   5851
      1     31      1      1     15      6      8      5      0   2934
      1     31      1      1     16      6      3      6      1   2476
      1     31      1      2      1      6      5      7      0   6745
      1     31      1      2      2      4      3      2      0   3892
      1     31      1      2      3      7      7      8      0   2744
      1     31      1      2      4      7      8      8      0   1444
      1     31      1      2      5      5      9      5      1   1976
      1     31      1      2      6      1      3      3      0   1742
      1     31      1      2      7      8     16      1      0   1579
      1     31      1      2      8      3      8      2      0   2362
      1     31      1      2      9      4     12      6      0   4593
      1     31      1      2     10      3     11      4      0   1261
      1     31      1      2     11      6     10      8      0   2177
      1     31      1      2     12      2     10      5      0   1262
      1     31      1      2     13      1      2      6      0   2828
      1     31      1      2     14      2      8      4      0   3444
      1     31      1      2     15      5      5      5      1   1528
      1     31      1      2     16      8      3      1      0   2194
      1     31      2      1      1      2     13      1      0   2496
      1     31      2      1      2      5      2      5      1   1038
      1     31      2      1      3      1     10      8      0   2528
      1     31      2      1      4      8      6      4      0   2436
      1     31      2      1      5      1      1      2      0   1966
      1     31      2      1      6      6     11      5      0   4430
      1     31      2      1      7      6     13      1      0   2733
      1     31      2      1      8      7     10      8      0   1993
      1     31      2      1      9      4      9      5      0   1600
      1     31      2      1     10      5      7      5      1   1998
      1     31      2      1     11      2     16      1      0   1469
      1     31      2      1     12      3     15      3      1   2151
      1     31      2      1     13      8     15      1      0   3314
      1     31      2      1     14      3      9      6      0   2758
      1     31      2      1     15      4      5      8      0   2483
      1     31      2      1     16      7      6      8      0   3489
      1     31      2      2      1      4     11      2      0   5996
      1     31      2      2      2      6     16      7      0   7977
      1     31      2      2      3      3     16      4      0   5211
      1     31      2      2      4      3     13      6      0   4794
      1     31      2      2      5      2      4      2      1   1894
      1     31      2      2      6      7      2      8      0   1627
      1     31      2      2      7      1      5      7      0   2644
      1     31      2      2      8      4     13      7      0   5895
      1     31      2      2      9      8      5      8      1   2144
      1     31      2      2     10      7      5      3      0   2294
      1     31      2      2     11      5      8      5      1   1293
      1     31      2      2     12      2      1      2      1   1211
      1     31      2      2     13      6      6      3      0   4677
      1     31      2      2     14      8      2      6      0   3262
      1     31      2      2     15      5     11      5      1   1110
      1     31      2      2     16      1      6      2      0   1311
      1     31      3      1      1      4     15      1      0   2418
      1     31      3      1      2      7     13      8      0   1277
      1     31      3      1      3      8      8      4      0   3166
      1     31      3      1      4      4     10      6      0   2159
      1     31      3      1      5      3     10      1      0   2695
      1     31      3      1      6      2     14      6      0   2877
      1     31      3      1      7      6     15      4      0   1819
      1     31      3      1      8      8     14      8      1   1272
      1     31      3      1      9      5     10      5      1    913
      1     31      3      1     10      1      4      7      0   5702
      1     31      3      1     11      1      9      1      1   1787
      1     31      3      1     12      6     12      5      0   1604
      1     31      3      1     13      5     16      5      1   1146
      1     31      3      1     14      7     12      6      0   2175
      1     31      3      1     15      2      2      2      1   1117
      1     31      3      1     16      3     12      4      0   1492
      1     31      3      2      1      1      7      1      1   2897
      1     31      3      2      2      1     14      1      1   2531
      1     31      3      2      3      8      9      8      1   2043
      1     31      3      2      4      6      7      7      0   2626
      1     31      3      2      5      4      8      3      0   2613
      1     31      3      2      6      6      9      6      1   3045
      1     31      3      2      7      2      9      2      1   1244
      1     31      3      2      8      7     15      6      0   2744
      1     31      3      2      9      3      2      6      0   3294
      1     31      3      2     10      3     14      6      0   4245
      1     31      3      2     11      5     14      5      1   1693
      1     31      3      2     12      2      6      2      1   1728
      1     31      3      2     13      8      4      8      1   1210
      1     31      3      2     14      4     16      4      1   1444
      1     31      3      2     15      5     12      5      1   1377
      1     31      3      2     16      7      4      1      0   1331
      1     31      4      1      1      2      5      2      1   1426
      1     31      4      1      2      5      2      5      1   1365
      1     31      4      1      3      1     11      1      1   1394
      1     31      4      1      4      4     14      4      1   2916
      1     31      4      1      5      8     15      8      1   1161
      1     31      4      1      6      3     12      3      1   2916
      1     31      4      1      7      2     14      4      0   1348
      1     31      4      1      8      7      6      6      0   1497
      1     31      4      1      9      7     12      7      1   1293
      1     31      4      1     10      8      8      8      1   1569
      1     31      4      1     11      6     12      6      1   4388
      1     31      4      1     12      5      6      5      1   1208
      1     31      4      1     13      1      9      1      1   1410
      1     31      4      1     14      6      3      7      0   2540
      1     31      4      1     15      4      1      3      0   5999
      1     31      4      1     16      3     10      1      0   2159
      1     31      4      2      1      2      1      2      1   1713
      1     31      4      2      2      6     10      6      1   5961
      1     31      4      2      3      7      7      7      1   1628
      1     31      4      2      4      8      3      8      1   1078
      1     31      4      2      5      8     16      2      0   2143
      1     31      4      2      6      3      8      7      0   2244
      1     31      4      2      7      1     14      6      0   2394
      1     31      4      2      8      5     14      5      1   1294
      1     31      4      2      9      6      6      7      0   2127
      1     31      4      2     10      3     16      4      0   4044
      1     31      4      2     11      7      5      6      0   1661
      1     31      4      2     12      1      7      1      1   1210
      1     31      4      2     13      4     16      3      0   2162
      1     31      4      2     14      4     12      3      0   1760
      1     31      4      2     15      5      9      5      1    927
      1     31      4      2     16      2      8      2      1   4194
      1     31      5      1      1      8      6      8      1   5041
      1     31      5      1      2      4     15      6      0   1193
      1     31      5      1      3      7     10      7      1   1493
      1     31      5      1      4      6     15      6      1   1109
      1     31      5      1      5      2      2      2      1   1254
      1     31      5      1      6      1     10      4      0   4907
      1     31      5      1      7      3      7      1      0   1276
      1     31      5      1      8      4     10      4      1   4599
      1     31      5      1      9      6     13      1      0   2029
      1     31      5      1     10      5     16      5      1   1258
      1     31      5      1     11      1      4      1      1    891
      1     31      5      1     12      3      6      7      0   6132
      1     31      5      1     13      8     14      8      1   1242
      1     31      5      1     14      2      3      1      0   1392
      1     31      5      1     15      5     10      5      1   1049
      1     31      5      1     16      7     16      7      1   3301
      1     31      5      2      1      2     10      3      0   5530
      1     31      5      2      2      4     11      4      1   9911
      1     31      5      2      3      4      8      3      0   3394
      1     31      5      2      4      3     13      4      0   9594
      1     31      5      2      5      7     15      7      1   8728
      1     31      5      2      6      6     16      6      1   1528
      1     31      5      2      7      2      9      2      1    978
      1     31      5      2      8      5     11      5      1   1211
      1     31      5      2      9      5      5      5      1   1744
      1     31      5      2     10      3      2      7      0   2794
      1     31      5      2     11      8      2      1      0   4694
      1     31      5      2     12      1      2      6      0   6878
      1     31      5      2     13      6      7      6      1   3145
      1     31      5      2     14      8      9      8      1   2429
      1     31      5      2     15      7      8      7      1   1644
      1     31      5      2     16      1      5      1      1   2044
      1     31      6      1      1      8     10      1      0   1898
      1     31      6      1      2      5      7      5      1   1382
      1     31      6      1      3      2     16      3      0   2144
      1     31      6      1      4      4      5      4      1   3698
      1     31      6      1      5      1      1      1      1   1223
      1     31      6      1      6      7     13      7      1   1564
      1     31      6      1      7      3     15      3      1   6704
      1     31      6      1      8      4      9      6      0   2051
      1     31      6      1      9      6     11      4      0   1352
      1     31      6      1     10      2     13      2      1   3924
      1     31      6      1     11      3      9      1      0   1185
      1     31      6      1     12      6      8      6      1   1923
      1     31      6      1     13      1     16      4      0   1394
      1     31      6      1     14      8     13      8      1    942
      1     31      6      1     15      7     14      1      0   2860
      1     31      6      1     16      5      4      5      1   2143
      1     31      6      2      1      4      3      4      1   3696
      1     31      6      2      2      3     11      4      0   2359
      1     31      6      2      3      1      6      1      1   1260
      1     31      6      2      4      3     14      4      0   4412
      1     31      6      2      5      1      3      4      0   3877
      1     31      6      2      6      5     12      5      1    960
      1     31      6      2      7      2      4      2      1   1063
      1     31      6      2      8      5      8      5      1    765
      1     31      6      2      9      2      6      2      1   1377
      1     31      6      2     10      8      5      8      1   1344
      1     31      6      2     11      6      5      3      0   2527
      1     31      6      2     12      7      2      7      1   2695
      1     31      6      2     13      8      4      8      1   2327
      1     31      6      2     14      7      4      1      0   2482
      1     31      6      2     15      4     13      3      0   3594
      1     31      6      2     16      6      9      3      0   2211
      1     31      7      1      1      3     10      4      0   2398
      1     31      7      1      2      5      7      5      1    948
      1     31      7      1      3      8     10      1      0   2275
      1     31      7      1      4      2      5      2      1    873
      1     31      7      1      5      2     13      3      0   5630
      1     31      7      1      6      8     15      8      1    986
      1     31      7      1      7      4     15      3      0   4460
      1     31      7      1      8      7     10      7      1   3092
      1     31      7      1      9      1      1      1      1   4559
      1     31      7      1     10      5      2      5      1   1225
      1     31      7      1     11      3     12      4      0   1774
      1     31      7      1     12      4      9      4      1   1528
      1     31      7      1     13      6     12      4      0   4043
      1     31      7      1     14      1      4      1      1   1588
      1     31      7      1     15      6     11      4      0   5220
      1     31      7      1     16      7     13      7      1   2100
      1     31      7      2      1      6      6      4      0   3397
      1     31      7      2      2      4     16      3      0  10794
      1     31      7      2      3      1      3      1      1   9194
      1     31      7      2      4      3     14      3      1   3912
      1     31      7      2      5      6      7      4      0   4910
      1     31      7      2      6      5      5      5      1   1362
      1     31      7      2      7      2      1      2      1   1015
      1     31      7      2      8      5      9      5      1    944
      1     31      7      2      9      3     11      3      1   5378
      1     31      7      2     10      8      5      8      1   1227
      1     31      7      2     11      7      8      7      1   1311
      1     31      7      2     12      1      5      1      1   3445
      1     31      7      2     13      2      8      2      1   1643
      1     31      7      2     14      4      3      3      0   2664
      1     31      7      2     15      7      4      1      0   2093
      1     31      7      2     16      8      2      8      1   1095
      1     31      8      1      1      1     11      1      1   1281
      1     31      8      1      2      4     10      4      1   5248
      1     31      8      1      3      5     10      5      1   1171
      1     31      8      1      4      8      6      8      1   1050
      1     31      8      1      5      2     16      2      1   2558
      1     31      8      1      6      3      6      3      1   2218
      1     31      8      1      7      6      3      4      0   1128
      1     31      8      1      8      7     16      3      0   8171
      1     31      8      1      9      5      6      5      1   1104
      1     31      8      1     10      6     13      1      0   1327
      1     31      8      1     11      4      5      3      0   5976
      1     31      8      1     12      8     14      8      1   1059
      1     31      8      1     13      1     10      8      0   1992
      1     31      8      1     14      3      7      3      1   1998
      1     31      8      1     15      7      6      7      1   1210
      1     31      8      1     16      2     14      2      1   1095
      1     31      8      2      1      2      9      2      1   3014
      1     31      8      2      2      5     12      5      1   1044
      1     31      8      2      3      8      9      8      1   1078
      1     31      8      2      4      1      7      1      1   1793
      1     31      8      2      5      2      6      2      1   2610
      1     31      8      2      6      7     15      7      1   1361
      1     31      8      2      7      3     16      3      1   3693
      1     31      8      2      8      4     11      4      1   3661
      1     31      8      2      9      6      5      6      1   7709
      1     31      8      2     10      5     14      5      1   1178
      1     31      8      2     11      4      8      4      1   2827
      1     31      8      2     12      7      7      7      1   1528
      1     31      8      2     13      8     16      8      1   1177
      1     31      8      2     14      6     10      6      1   1461
      1     31      8      2     15      1      6      3      0   2161
      1     31      8      2     16      3     13      3      1   1593
      1     31      9      1      1      7     12      7      1   2725
      1     31      9      1      2      3     15      3      1   1792
      1     31      9      1      3      8     13      8      1    917
      1     31      9      1      4      7     14      1      0   1204
      1     31      9      1      5      2      3      4      0   3772
      1     31      9      1      6      6     15      6      1   1593
      1     31      9      1      7      1     16      1      1   1915
      1     31      9      1      8      5      4      5      1   1390
      1     31      9      1      9      4     14      4      1  10532
      1     31      9      1     10      8      8      8      1   1176
      1     31      9      1     11      3      9      3      1   1256
      1     31      9      1     12      2      2      2      1   1071
      1     31      9      1     13      1      9      1      1   2208
      1     31      9      1     14      6      8      6      1   1256
      1     31      9      1     15      5     16      5      1   1016
      1     31      9      1     16      4      1      4      1   2724
      1     31      9      2      1      1     14      4      0   3678
      1     31      9      2      2      6      9      6      1   1144
      1     31      9      2      3      5     11      5      1   1177
      1     31      9      2      4      7      5      7      1   1727
      1     31      9      2      5      2      4      2      1   1128
      1     31      9      2      6      7      2      7      1   1096
      1     31      9      2      7      2     10      4      0  11093
      1     31      9      2      8      4     12      4      1   2210
      1     31      9      2      9      8      3      8      1   1444
      1     31      9      2     10      6     16      6      1   1094
      1     31      9      2     11      4     13      3      0   1077
      1     31      9      2     12      3      8      3      1   1128
      1     31      9      2     13      5      8      5      1    911
      1     31      9      2     14      8      4      8      1    844
      1     31      9      2     15      1      2      1      1   1261
      1     31      9      2     16      3      2      3      1   1347
