      1    175      1      1      1      6      7      7      0   4804
      1    175      1      1      2      5      7      5      1   2257
      1    175      1      1      3      7      6      8      0   3504
      1    175      1      1      4      2      8      3      0   3215
      1    175      1      1      5      3     12      4      0   5154
      1    175      1      1      6      7     15      4      0   2772
      1    175      1      1      7      4      3      8      0   2838
      1    175      1      1      8      3      9      1      0   8769
      1    175      1      1      9      2     14      2      1   3480
      1    175      1      1     10      8      6      5      0   3914
      1    175      1      1     11      1      9      2      0   2608
      1    175      1      1     12      6     13      4      0   1504
      1    175      1      1     13      4      1      6      0   2280
      1    175      1      1     14      1      4      3      0   6086
      1    175      1      1     15      8      8      2      0   5922
      1    175      1      1     16      5      6      4      0  10555
      1    175      1      2      1      3      8      7      0   8210
      1    175      1      2      2      4     13      3      0   6089
      1    175      1      2      3      8     13      1      0   2940
      1    175      1      2      4      5     16      4      0   4891
      1    175      1      2      5      8     14      5      0   2839
      1    175      1      2      6      1      3      6      0   5107
      1    175      1      2      7      6      3      8      0   3809
      1    175      1      2      8      7      8      7      1   3825
      1    175      1      2      9      2     13      2      1   1342
      1    175      1      2     10      3     10      5      0   2657
      1    175      1      2     11      6      5      1      0   2009
      1    175      1      2     12      2      2      2      1   1558
      1    175      1      2     13      4     11      8      0   8509
      1    175      1      2     14      7      4      6      0   1493
      1    175      1      2     15      5     12      1      0   2357
      1    175      1      2     16      1      5      3      0   3962
      1    175      2      1      1      7     12      4      0   3280
      1    175      2      1      2      2      9      2      1   2831
      1    175      2      1      3      3     11      6      0   3357
      1    175      2      1      4      4     10      7      0   1719
      1    175      2      1      5      1      1      6      0   1468
      1    175      2      1      6      3      2      5      0   1952
      1    175      2      1      7      4      9      4      1   9571
      1    175      2      1      8      6     15      1      0   2757
      1    175      2      1      9      5      4      1      0   2737
      1    175      2      1     10      2     10      2      1   1773
      1    175      2      1     11      1      2      7      0   5467
      1    175      2      1     12      8      9      5      0   3166
      1    175      2      1     13      6      9      3      0   3415
      1    175      2      1     14      5     10      3      0   6104
      1    175      2      1     15      8      5      8      1   1683
      1    175      2      1     16      7     16      6      0  17618
      1    175      2      2      1      2     16      8      0   8878
      1    175      2      2      2      3     13      5      0   4141
      1    175      2      2      3      8      2      8      1   1342
      1    175      2      2      4      1     11      7      0   4658
      1    175      2      2      5      6     10      5      0   6641
      1    175      2      2      6      5      5      5      1   2709
      1    175      2      2      7      3      7      3      1   3042
      1    175      2      2      8      1     14      4      0   1630
      1    175      2      2      9      7      5      1      0   2008
      1    175      2      2     10      7      2      6      0   1758
      1    175      2      2     11      4     16      2      0   1608
      1    175      2      2     12      4      5      7      0   3025
      1    175      2      2     13      2      5      2      1   1209
      1    175      2      2     14      8     15      8      1   1641
      1    175      2      2     15      6     11      3      0   3457
      1    175      2      2     16      5      9      5      1   1625
      1    175      3      1      1      6      8      5      0   2100
      1    175      3      1      2      8      3      8      1   1119
      1    175      3      1      3      2      1      2      1   1186
      1    175      3      1      4      5     11      5      1   1553
      1    175      3      1      5      1     16      7      0   3362
      1    175      3      1      6      7     10      1      0   1212
      1    175      3      1      7      3      6      7      0   1361
      1    175      3      1      8      4     14      7      0   2450
      1    175      3      1      9      3     14      6      0   1813
      1    175      3      1     10      2      6      2      1   1105
      1    175      3      1     11      8     16      8      1   1233
      1    175      3      1     12      1      6      5      0   4584
      1    175      3      1     13      5     14      5      1   2149
      1    175      3      1     14      6     12      3      0   2467
      1    175      3      1     15      7      7      7      1   2870
      1    175      3      1     16      4     15      4      1   1981
      1    175      3      2      1      1      7      3      0   4310
      1    175      3      2      2      2      4      2      1   1075
      1    175      3      2      3      5      8      5      1   1557
      1    175      3      2      4      4      8      4      1   2025
      1    175      3      2      5      4     12      3      0   3991
      1    175      3      2      6      1     10      7      0   3126
      1    175      3      2      7      6     16      1      0   2007
      1    175      3      2      8      5      2      5      1    974
      1    175      3      2      9      7     13      7      1   5907
      1    175      3      2     10      7     14      2      0   2842
      1    175      3      2     11      3     16      3      1   1959
      1    175      3      2     12      2      3      1      0   3642
      1    175      3      2     13      8     10      8      1   1191
      1    175      3      2     14      6      6      6      1   3026
      1    175      3      2     15      3     15      4      0   1724
      1    175      3      2     16      8      4      8      1   1108
      1    175      4      1      1      1      9      3      0   6526
      1    175      4      1      2      2      9      2      1   1292
      1    175      4      1      3      7      6      3      0   1810
      1    175      4      1      4      6      8      7      0   3542
      1    175      4      1      5      5      4      5      1   1317
      1    175      4      1      6      8     16      8      1   1140
      1    175      4      1      7      4      9      4      1   3325
      1    175      4      1      8      3      2      3      1   3764
      1    175      4      1      9      5     10      5      1   1395
      1    175      4      1     10      1      2      1      1   3710
      1    175      4      1     11      3     14      7      0   1518
      1    175      4      1     12      6     15      6      1   1953
      1    175      4      1     13      4     14      7      0   2758
      1    175      4      1     14      8      3      8      1    883
      1    175      4      1     15      2      6      2      1   3042
      1    175      4      1     16      7      7      7      1   4834
      1    175      4      2      1      3     15      3      1   7744
      1    175      4      2      2      1      3      2      0   1408
      1    175      4      2      3      6      6      6      1   1241
      1    175      4      2      4      2      4      2      1   1208
      1    175      4      2      5      8      2      8      1   1025
      1    175      4      2      6      8     15      8      1   1025
      1    175      4      2      7      3     13      1      0   4592
      1    175      4      2      8      6      3      6      1   1826
      1    175      4      2      9      7      8      7      1   3658
      1    175      4      2     10      2      5      2      1   1377
      1    175      4      2     11      1     11      3      0   5708
      1    175      4      2     12      4      8      4      1   4709
      1    175      4      2     13      4     11      4      1   1192
      1    175      4      2     14      5      9      5      1   1060
      1    175      4      2     15      5      8      5      1   1126
      1    175      4      2     16      7      5      3      0   3793
      1    175      5      1      1      4      1      4      1   3118
      1    175      5      1      2      7     10      7      1   1416
      1    175      5      1      3      6      9      6      1   1695
      1    175      5      1      4      7     12      3      0   1207
      1    175      5      1      5      2     10      2      1   1011
      1    175      5      1      6      8      8      8      1   1201
      1    175      5      1      7      6     13      6      1   4052
      1    175      5      1      8      8      5      8      1   1099
      1    175      5      1      9      5     11      5      1   1110
      1    175      5      1     10      1     16      4      0   3829
      1    175      5      1     11      1      6      4      0   2351
      1    175      5      1     12      3      9      7      0   2228
      1    175      5      1     13      3     12      7      0   1426
      1    175      5      1     14      5      7      5      1   1314
      1    175      5      1     15      4     15      4      1   3126
      1    175      5      1     16      2     14      4      0   3421
      1    175      5      2      1      6     11      6      1   1510
      1    175      5      2      2      7      4      4      0  11758
      1    175      5      2      3      2     16      2      1   3340
      1    175      5      2      4      6     10      6      1   2326
      1    175      5      2      5      8      4      8      1   1359
      1    175      5      2      6      5      2      5      1   1492
      1    175      5      2      7      7     14      1      0   5591
      1    175      5      2      8      4     16      4      1   1909
      1    175      5      2      9      8     14      8      1   1609
      1    175      5      2     10      3      8      1      0   4742
      1    175      5      2     11      2     13      4      0   5540
      1    175      5      2     12      3      7      7      0   3992
      1    175      5      2     13      1      7      1      1   1691
      1    175      5      2     14      1      5      1      1   2911
      1    175      5      2     15      4     13      3      0    908
      1    175      5      2     16      5     16      5      1   1341
      1    175      6      1      1      7     15      7      1   5248
      1    175      6      1      2      8      6      8      1   1266
      1    175      6      1      3      1      4      4      0   2451
      1    175      6      1      4      5      6      5      1   1313
      1    175      6      1      5      8      9      8      1    858
      1    175      6      1      6      2      8      2      1    945
      1    175      6      1      7      2      1      2      1   3158
      1    175      6      1      8      3      6      7      0   2728
      1    175      6      1      9      5     14      5      1   1090
      1    175      6      1     10      3     11      7      0   3939
      1    175      6      1     11      1      1      4      0   3334
      1    175      6      1     12      6     12      6      1   1380
      1    175      6      1     13      4      3      1      0   3083
      1    175      6      1     14      6      7      6      1   1146
      1    175      6      1     15      7     16      4      0   8703
      1    175      6      1     16      4     10      7      0   2086
      1    175      6      2      1      3     16      3      1  10961
      1    175      6      2      2      3     10      3      1   2142
      1    175      6      2      3      4      5      4      1   8363
      1    175      6      2      4      4     12      4      1   2126
      1    175      6      2      5      7      2      3      0   7025
      1    175      6      2      6      7     13      1      0   4826
      1    175      6      2      7      2      3      3      0  14558
      1    175      6      2      8      1     14      6      0   2826
      1    175      6      2      9      8     13      8      1    858
      1    175      6      2     10      6      5      6      1   3411
      1    175      6      2     11      5     12      5      1   1575
      1    175      6      2     12      1     10      4      0   6442
      1    175      6      2     13      8     10      8      1   1092
      1    175      6      2     14      6     16      6      1   1741
      1    175      6      2     15      2      2      2      1   1326
      1    175      6      2     16      5      5      5      1    974
      1    175      7      1      1      2     10      2      1   1831
      1    175      7      1      2      5      7      5      1   1198
      1    175      7      1      3      5     11      5      1   1308
      1    175      7      1      4      4      1      4      1   5366
      1    175      7      1      5      7     16      7      1   1432
      1    175      7      1      6      1      2      3      0   1927
      1    175      7      1      7      6     15      6      1   1558
      1    175      7      1      8      8      5      8      1   1088
      1    175      7      1      9      3      2      1      0   3928
      1    175      7      1     10      4     14      3      0   1916
      1    175      7      1     11      1     16      7      0   1219
      1    175      7      1     12      7      7      7      1   1233
      1    175      7      1     13      3      6      7      0   1221
      1    175      7      1     14      8      3      8      1   1249
      1    175      7      1     15      2      1      2      1    952
      1    175      7      1     16      6      9      6      1   1913
      1    175      7      2      1      5     12      5      1   1145
      1    175      7      2      2      4     12      3      0   4277
      1    175      7      2      3      8     13      8      1   1026
      1    175      7      2      4      1     10      4      0   3408
      1    175      7      2      5      6      3      6      1   1525
      1    175      7      2      6      1      5      1      1   1614
      1    175      7      2      7      7      4      1      0   2092
      1    175      7      2      8      3     16      3      1   2526
      1    175      7      2      9      8     15      8      1   1027
      1    175      7      2     10      2     13      2      1   1241
      1    175      7      2     11      3     15      7      0   4924
      1    175      7      2     12      4     11      3      0   3344
      1    175      7      2     13      6     16      6      1   1109
      1    175      7      2     14      5      5      5      1   1342
      1    175      7      2     15      7      5      7      1   2275
      1    175      7      2     16      2      2      2      1   1192
      1    175      8      1      1      4      9      4      1   2722
      1    175      8      1      2      6     12      6      1   1423
      1    175      8      1      3      3     14      7      0  24663
      1    175      8      1      4      5     14      5      1   1028
      1    175      8      1      5      8      8      8      1   1199
      1    175      8      1      6      3      9      3      1   1294
      1    175      8      1      7      2      9      2      1   1073
      1    175      8      1      8      4      3      7      0   3237
      1    175      8      1      9      7     15      1      0   1667
      1    175      8      1     10      1      4      1      1   1085
      1    175      8      1     11      6      7      6      1   1018
      1    175      8      1     12      1      6      3      0   1872
      1    175      8      1     13      2      6      2      1   1561
      1    175      8      1     14      8     16      8      1   1081
      1    175      8      1     15      7     12      1      0   3474
      1    175      8      1     16      5      4      5      1   1251
      1    175      8      2      1      8     10      8      1   1261
      1    175      8      2      2      6      5      6      1   1125
      1    175      8      2      3      7     14      4      0   5708
      1    175      8      2      4      3      7      7      0   1279
      1    175      8      2      5      5      8      5      1   1242
      1    175      8      2      6      4      5      3      0   4776
      1    175      8      2      7      8      4      8      1   1443
      1    175      8      2      8      1     11      4      0   4193
      1    175      8      2      9      2      4      2      1   1025
      1    175      8      2     10      7     13      1      0   3327
      1    175      8      2     11      1      7      1      1   2709
      1    175      8      2     12      6      6      6      1    975
      1    175      8      2     13      5      9      5      1   1692
      1    175      8      2     14      2     16      2      1   1209
      1    175      8      2     15      3     10      7      0   3908
      1    175      8      2     16      4     16      4      1   1359
      1    175      9      1      1      5     10      5      1   1157
      1    175      9      1      2      6      8      6      1   1453
      1    175      9      1      3      3     12      7      0   2263
      1    175      9      1      4      2      8      2      1   1174
      1    175      9      1      5      8      6      8      1   1496
      1    175      9      1      6      5      6      5      1   1124
      1    175      9      1      7      2     14      4      0   3040
      1    175      9      1      8      7      6      7      1   2703
      1    175      9      1      9      4     10      3      0   2852
      1    175      9      1     10      4     15      3      0   1753
      1    175      9      1     11      6     13      6      1   2133
      1    175      9      1     12      8      9      8      1   1119
      1    175      9      1     13      3     11      3      1   1272
      1    175      9      1     14      1      9      1      1   6032
      1    175      9      1     15      1      1      7      0   5247
      1    175      9      1     16      7     10      7      1   1783
      1    175      9      2      1      8      2      8      1   1028
      1    175      9      2      2      3      8      7      0   1708
      1    175      9      2      3      8     14      8      1   1758
      1    175      9      2      4      7      2      7      1   2359
      1    175      9      2      5      2      3      1      0   2726
      1    175      9      2      6      1      3      1      1   1626
      1    175      9      2      7      5     16      5      1   1159
      1    175      9      2      8      4     13      4      1   1491
      1    175      9      2      9      7      8      7      1   1124
      1    175      9      2     10      6     11      6      1   1090
      1    175      9      2     11      4      8      3      0   1807
      1    175      9      2     12      5      2      5      1   1491
      1    175      9      2     13      3     13      3      1   3424
      1    175      9      2     14      2      5      2      1   1191
      1    175      9      2     15      6     10      6      1   1375
      1    175      9      2     16      1     14      3      0   4242
