      2     54      1      1      1      5      8      3      0   3541   4127
      2     54      1      1      2      8     10      6      0   3203   4956
      2     54      1      1      3      8     16      4      0  13000   7029
      2     54      1      1      4      6      9      4      0   4372   3314
      2     54      1      1      5      8     16      6      0   5205   6282
      2     54      1      1      6      8      4      8      1   1979   2894
      2     54      1      1      7      5      2      5      1   6308   2478
      2     54      1      1      8      5     14      5      1   1243   1369
      2     54      1      1      9      8      6      6      0   2518   1523
      2     54      1      1     10      1      2      6      0   3301   2338
      2     54      1      1     11      8     14      6      0   3011    867
      2     54      1      1     12      2      3      4      0   1762   3324
      2     54      1      1     13      4     11      2      0   3024   2591
      2     54      1      1     14      4      3      4      1   2776   2053
      2     54      1      1     15      5      5      5      1   1648   5114
      2     54      1      1     16      5     14      5      1   1490   1726
      2     54      1      2      1      6     10      1      0   3542     -1
      2     54      1      2      2      8     15      8      1   2358     -1
      2     54      1      2      3      4     10      4      1   6692     -1
      2     54      1      2      4      2      9      3      0   2859     -1
      2     54      1      2      5      2     10      5      0   2092     -1
      2     54      1      2      6      5      9      5      1   1493     -1
      2     54      1      2      7      5      4      5      1   1359     -1
      2     54      1      2      8      3      7      7      0   5826     -1
      2     54      1      2      9      8      3      8      1   3825     -1
      2     54      1      2     10      7      5      2      0   3160     -1
      2     54      1      2     11      1     11      7      0   6993     -1
      2     54      1      2     12      6     16      1      0   2742     -1
      2     54      1      2     13      4      1      7      0   5960     -1
      2     54      1      2     14      3     12      4      0   3343     -1
      2     54      1      2     15      1     16      4      0   1459     -1
      2     54      1      2     16      7      8      2      0   2125     -1
      2     54      2      1      1      1      3      4      0   1031   8365
      2     54      2      1      2      7      7      2      0   1162   8851
      2     54      2      1      3      6     11      7      0   1277   4098
      2     54      2      1      4      7      4      7      1   4771   4069
      2     54      2      1      5      4      3      4      1   1281   6202
      2     54      2      1      6      7     15      2      0   1161   3312
      2     54      2      1      7      2     14      8      0   2691   2935
      2     54      2      1      8      8      6      8      1   1033   1370
      2     54      2      1      9      8     16      8      1   1246   1772
      2     54      2      1     10      3      6      7      0   5867   4241
      2     54      2      1     11      2      5      4      0   1183   6650
      2     54      2      1     12      3      8      7      0   2086   8905
      2     54      2      1     13      1      4      6      0   9734   2204
      2     54      2      1     14      3     10      1      0   1875   4239
      2     54      2      1     15      6     15      6      1   5113   2254
      2     54      2      1     16      2     13      4      0   1743   2707
      2     54      2      2      1      4      8      1      0   4527     -1
      2     54      2      2      2      7     16      1      0   4025     -1
      2     54      2      2      3      6      5      6      1   2825     -1
      2     54      2      2      4      8      5      8      1   4209     -1
      2     54      2      2      5      7     13      3      0   8792     -1
      2     54      2      2      6      5      6      5      1   1409     -1
      2     54      2      2      7      6      8      6      1   3008     -1
      2     54      2      2      8      8      2      8      1   3475     -1
      2     54      2      2      9      3     15      1      0   3925     -1
      2     54      2      2     10      1     10      6      0   2575     -1
      2     54      2      2     11      5     12      5      1   1443     -1
      2     54      2      2     12      1     14      6      0   3859     -1
      2     54      2      2     13      3     11      6      0   6858     -1
      2     54      2      2     14      2      6      2      1   2994     -1
      2     54      2      2     15      2     16      2      1   4792     -1
      2     54      2      2     16      4     14      4      1   3941     -1
      2     54      3      1      1      7     12      1      0   3360   3990
      2     54      3      1      2      7     14      7      1   1228   3521
      2     54      3      1      3      7     15      1      0   2485   1322
      2     54      3      1      4      2      3      2      1   7568   3254
      2     54      3      1      5      3      8      1      0   2168   4400
      2     54      3      1      6      3      9      3      1   3402   2955
      2     54      3      1      7      3     16      3      1   1938   1990
      2     54      3      1      8      1      5      6      0   1949   3910
      2     54      3      1      9      3      6      3      1   3925   4994
      2     54      3      1     10      6     13      3      0   2155   2269
      2     54      3      1     11      6     11      6      1    986   6716
      2     54      3      1     12      4      3      1      0   2335   1924
      2     54      3      1     13      3      8      4      0   1974   2626
      2     54      3      1     14      3     10      4      0   2248   2486
      2     54      3      1     15      3     14      3      1   1579   5861
      2     54      3      1     16      5      5      5      1   1642   2520
      2     54      3      2      1      2      2      2      1   4808     -1
      2     54      3      2      2      5     11      5      1   1294     -1
      2     54      3      2      3      6     12      3      0   2959     -1
      2     54      3      2      4      7     10      1      0   6259     -1
      2     54      3      2      5      7      6      1      0   4192     -1
      2     54      3      2      6      6      3      6      1   3392     -1
      2     54      3      2      7      3     13      3      1   3495     -1
      2     54      3      2      8      3      2      3      1   2075     -1
      2     54      3      2      9      8     13      8      1   5408     -1
      2     54      3      2     10      1      1      4      0   8225     -1
      2     54      3      2     11      8      9      8      1   1509     -1
      2     54      3      2     12      5     16      5      1   1459     -1
      2     54      3      2     13      2      4      2      1   1976     -1
      2     54      3      2     14      4     12      4      1   9510     -1
      2     54      3      2     15      4     16      1      0   9509     -1
      2     54      3      2     16      1      7      3      0   2691     -1
      2     54      4      1      1      2      5      4      0   3612   4987
      2     54      4      1      2      4      5      1      0   7219   5368
      2     54      4      1      3      7      7      1      0   1032   2403
      2     54      4      1      4      1      4      6      0   1428   2686
      2     54      4      1      5      7     14      1      0   2636   5760
      2     54      4      1      6      3      6      7      0   1405   2483
      2     54      4      1      7      4      9      2      0   2953   3253
      2     54      4      1      8      7      4      3      0   2295   7141
      2     54      4      1      9      6     13      3      0   1659   9358
      2     54      4      1     10      4      3      1      0   2577   7361
      2     54      4      1     11      8      6      8      1    694   8064
      2     54      4      1     12      8      8      8      1   1189   5166
      2     54      4      1     13      4     11      2      0   1054   2187
      2     54      4      1     14      2      8      4      0   1612   6832
      2     54      4      1     15      2     13      4      0   4157   2131
      2     54      4      1     16      1      5      6      0   1016   4255
      2     54      4      2      1      8      2      8      1   1611     -1
      2     54      4      2      2      6      8      3      0   8942     -1
      2     54      4      2      3      6     12      3      0   1859     -1
      2     54      4      2      4      7     13      1      0   7991     -1
      2     54      4      2      5      1      1      3      0   3059     -1
      2     54      4      2      6      5      9      5      1   1875     -1
      2     54      4      2      7      1     16      4      0   6292     -1
      2     54      4      2      8      3     15      3      1   2809     -1
      2     54      4      2      9      2     10      4      0   5041     -1
      2     54      4      2     10      4     16      4      1   2044     -1
      2     54      4      2     11      4     10      4      1   1575     -1
      2     54      4      2     12      7     16      1      0   2443     -1
      2     54      4      2     13      3      7      3      1   1513     -1
      2     54      4      2     14      2     16      4      0   1509     -1
      2     54      4      2     15      5      4      5      1   1641     -1
      2     54      4      2     16      8     13      8      1   1075     -1
      2     54      5      1      1      6      9      7      0   4162   5362
      2     54      5      1      2      6     15      6      1   1210   4755
      2     54      5      1      3      7     15      7      1   1745   2656
      2     54      5      1      4      2     14      8      0   1507   6833
      2     54      5      1      5      3     14      3      1   1316   4010
      2     54      5      1      6      3     10      1      0   4725   1869
      2     54      5      1      7      3      8      3      1   1514   1634
      2     54      5      1      8      1      4      1      1   2353   1563
      2     54      5      1      9      1      5      1      1   1176   4147
      2     54      5      1     10      1      2      6      0   4534   1692
      2     54      5      1     11      1      6      1      1   1983   2814
      2     54      5      1     12      4      3      2      0   1406   2740
      2     54      5      1     13      3     16      4      0   5624   2674
      2     54      5      1     14      6     13      6      1   1979   3259
      2     54      5      1     15      1      3      1      1   1307   3887
      2     54      5      1     16      7      4      1      0   2776   1691
      2     54      5      2      1      7     10      7      1   5678     -1
      2     54      5      2      2      3     13      7      0   3712     -1
      2     54      5      2      3      5     12      5      1   2541     -1
      2     54      5      2      4      6      5      6      1   2125     -1
      2     54      5      2      5      1     11      1      1   1093     -1
      2     54      5      2      6      1      7      1      1   1908     -1
      2     54      5      2      7      7      5      7      1   2458     -1
      2     54      5      2      8      8     15      8      1   1208     -1
      2     54      5      2      9      3     11      3      1   2891     -1
      2     54      5      2     10      5     16      5      1   1259     -1
      2     54      5      2     11      2      4      2      1   1875     -1
      2     54      5      2     12      8      5      8      1   1125     -1
      2     54      5      2     13      4      8      4      1   5375     -1
      2     54      5      2     14      4     14      4      1   5158     -1
      2     54      5      2     15      2      9      2      1   1326     -1
      2     54      5      2     16      6      3      6      1   1891     -1
      2     54      6      1      1      7      2      7      1   1786   3258
      2     54      6      1      2      7      7      7      1    857   1791
      2     54      6      1      3      3      9      3      1   1280   1196
      2     54      6      1      4      6      6      6      1  10375   1039
      2     54      6      1      5      4      5      4      1   2894   2719
      2     54      6      1      6      3      8      3      1   1146    930
      2     54      6      1      7      1      2      1      1   1334    898
      2     54      6      1      8      7     15      7      1   3962    918
      2     54      6      1      9      7     12      7      1   7879   2690
      2     54      6      1     10      6     15      6      1   1519   1809
      2     54      6      1     11      4      9      4      1   1684   4504
      2     54      6      1     12      3     10      3      1   2058   1561
      2     54      6      1     13      2      8      2      1   1360   1213
      2     54      6      1     14      7     14      7      1   1706   2301
      2     54      6      1     15      2     13      4      0   2492   1266
      2     54      6      1     16      4      3      1      0   5766   4290
      2     54      6      2      1      4     12      4      1   2062     -1
      2     54      6      2      2      2      2      2      1   1659     -1
      2     54      6      2      3      8      9      8      1   1141     -1
      2     54      6      2      4      4      1      4      1   3409     -1
      2     54      6      2      5      2      6      2      1   1091     -1
      2     54      6      2      6      7      6      7      1   2124     -1
      2     54      6      2      7      3     12      7      0   2211     -1
      2     54      6      2      8      8      3      8      1   1341     -1
      2     54      6      2      9      6     10      6      1   3758     -1
      2     54      6      2     10      3      2      3      1   1791     -1
      2     54      6      2     11      1     14      1      1   1561     -1
      2     54      6      2     12      1     10      1      1   1509     -1
      2     54      6      2     13      7      8      7      1   1542     -1
      2     54      6      2     14      5      6      5      1   1341     -1
      2     54      6      2     15      5     11      5      1   1208     -1
      2     54      6      2     16      6     16      6      1   1841     -1
      2     54      7      1      1      2      3      4      0   2397   2318
      2     54      7      1      2      4     11      2      0    988   2443
      2     54      7      1      3      1      3      1      1   1716   3237
      2     54      7      1      4      1      9      1      1   1117   1176
      2     54      7      1      5      2     14      2      1   1834   1602
      2     54      7      1      6      2      8      2      1   1324   3462
      2     54      7      1      7      1      2      1      1   1202   4042
      2     54      7      1      8      4     11      4      1   1855   5708
      2     54      7      1      9      4     15      3      0   1690   3163
      2     54      7      1     10      2     13      2      1   1973   1922
      2     54      7      1     11      4      3      4      1   1089   1203
      2     54      7      1     12      6     15      6      1   1169   3566
      2     54      7      1     13      7     15      7      1   1064   1603
      2     54      7      1     14      1      4      1      1   1298   2568
      2     54      7      1     15      7      7      7      1   1350   2961
      2     54      7      1     16      8      4      8      1   1108   1231
      2     54      7      2      1      3     11      3      1   3711     -1
      2     54      7      2      2      7     10      7      1   1225     -1
      2     54      7      2      3      6     16      6      1   1175     -1
      2     54      7      2      4      1      1      3      0   2108     -1
      2     54      7      2      5      3     12      7      0   2042     -1
      2     54      7      2      6      5      4      5      1   1112     -1
      2     54      7      2      7      7      8      7      1    925     -1
      2     54      7      2      8      4     12      4      1   2342     -1
      2     54      7      2      9      8     13      8      1   1172     -1
      2     54      7      2     10      4      1      2      0   2092     -1
      2     54      7      2     11      2      2      2      1   2459     -1
      2     54      7      2     12      8     15      8      1   1107     -1
      2     54      7      2     13      1      7      1      1   1426     -1
      2     54      7      2     14      6     12      6      1   1491     -1
      2     54      7      2     15      2      6      2      1   3110     -1
      2     54      7      2     16      5      6      5      1   1259     -1
      2     54      8      1      1      4      5      2      0   4430   8704
      2     54      8      1      2      7      2      7      1   1073   1645
      2     54      8      1      3      3     10      3      1   1625   1870
      2     54      8      1      4      7     14      7      1   1178   1965
      2     54      8      1      5      2     13      2      1   2524   1728
      2     54      8      1      6      3      6      7      0   1516   1586
      2     54      8      1      7      2      3      1      0   1167   1699
      2     54      8      1      8      7     12      7      1   1139   4301
      2     54      8      1      9      4      9      4      1   2658   2149
      2     54      8      1     10      2     13      2      1   2134   1370
      2     54      8      1     11      1      3      1      1    849   1420
      2     54      8      1     12      6      7      6      1   2693   1248
      2     54      8      1     13      2      5      2      1   3050   2976
      2     54      8      1     14      4     15      4      1   1897   2256
      2     54      8      1     15      3     14      3      1   2235   2042
      2     54      8      1     16      7      4      1      0   3495   2885
      2     54      8      2      1      6      3      6      1   1428     -1
      2     54      8      2      2      3     13      3      1   2342     -1
      2     54      8      2      3      5      9      5      1   1124     -1
      2     54      8      2      4      1     14      1      1   1708     -1
      2     54      8      2      5      5     12      5      1   1008     -1
      2     54      8      2      6      8      9      8      1    992     -1
      2     54      8      2      7      7     16      7      1   3258     -1
      2     54      8      2      8      1     11      1      1   1059     -1
      2     54      8      2      9      8      2      8      1   1208     -1
      2     54      8      2     10      7     13      7      1   1191     -1
      2     54      8      2     11      6      8      6      1   1674     -1
      2     54      8      2     12      2     16      4      0   3693     -1
      2     54      8      2     13      4     16      4      1   2975     -1
      2     54      8      2     14      4     10      2      0   1897     -1
      2     54      8      2     15      3     15      3      1   2309     -1
      2     54      8      2     16      2      9      2      1   1375     -1
      2     54      9      1      1      2      1      2      1   1038   2510
      2     54      9      1      2      2      5      2      1    858    840
      2     54      9      1      3      4     13      4      1   1465    846
      2     54      9      1      4      8     16      8      1    921   1548
      2     54      9      1      5      2     14      4      0   2397    979
      2     54      9      1      6      7      4      4      0   1369   2829
      2     54      9      1      7      1      6      1      1   1405   1777
      2     54      9      1      8      8     10      8      1   1154   2069
      2     54      9      1      9      3      6      3      1   3694   1130
      2     54      9      1     10      1      9      1      1    917   1895
      2     54      9      1     11      2     13      2      1   1505   1219
      2     54      9      1     12      5      5      5      1    942   1151
      2     54      9      1     13      4      9      2      0   1652    878
      2     54      9      1     14      3     10      3      1   1785   1253
      2     54      9      1     15      7     15      7      1    789    909
      2     54      9      1     16      6      6      6      1   2298   2424
      2     54      9      2      1      3      2      3      1   1427     -1
      2     54      9      2      2      4     14      4      1   3142     -1
      2     54      9      2      3      5     16      5      1    841     -1
      2     54      9      2      4      8      5      8      1   1224     -1
      2     54      9      2      5      7      6      7      1   1158     -1
      2     54      9      2      6      4      8      2      0   5460     -1
      2     54      9      2      7      8      3      8      1   1042     -1
      2     54      9      2      8      1     10      1      1   1409     -1
      2     54      9      2      9      2      4      2      1   1258     -1
      2     54      9      2     10      2     10      4      0   1675     -1
      2     54      9      2     11      6      5      6      1   1411     -1
      2     54      9      2     12      7      5      7      1    958     -1
      2     54      9      2     13      5     11      5      1    874     -1
      2     54      9      2     14      6     10      6      1   1041     -1
      2     54      9      2     15      3      7      3      1   1275     -1
      2     54      9      2     16      1     16      1      1   1942     -1
