      2     34      1      1      1      5      8      5      1   4189   4622
      2     34      1      1      2      5     11      5      1  10658   7539
      2     34      1      1      3      8      4      2      0   5699   7507
      2     34      1      1      4      8     16      8      1   3071   3205
      2     34      1      1      5      3     16      2      0   2322  14019
      2     34      1      1      6      3     14      3      1   1196   5628
      2     34      1      1      7      8     16      8      1   2999   3675
      2     34      1      1      8      4      5      4      1   8325  11026
      2     34      1      1      9      7     15      4      0   1228   2920
      2     34      1      1     10      4     16      4      1   2078   4441
      2     34      1      1     11      6      3      7      0   2432   5373
      2     34      1      1     12      8      8      8      1   3020   4076
      2     34      1      1     13      2     16      2      1   6351   5433
      2     34      1      1     14      4     15      3      0  16722   2931
      2     34      1      1     15      7     14      4      0   3891   4613
      2     34      1      1     16      8      9      8      1   2507   1372
      2     34      1      2      1      5      5      5      1   5489     -1
      2     34      1      2      2      4     13      3      0  24550     -1
      2     34      1      2      3      6     13      7      0   5687     -1
      2     34      1      2      4      7     16      7      1   2349     -1
      2     34      1      2      5      4      1      3      0  18065     -1
      2     34      1      2      6      3      9      3      1   6767     -1
      2     34      1      2      7      8      5      8      1   3583     -1
      2     34      1      2      8      8     10      8      1   2195     -1
      2     34      1      2      9      2     10      2      1   6436     -1
      2     34      1      2     10      3     11      4      0   4284     -1
      2     34      1      2     11      7     13      7      1   2195     -1
      2     34      1      2     12      6      7      7      0  32141     -1
      2     34      1      2     13      1      6      3      0   7238     -1
      2     34      1      2     14      2      1      1      0   5799     -1
      2     34      1      2     15      1      3      3      0   7166     -1
      2     34      1      2     16      5     10      5      1   2065     -1
      2     34      2      1      1      6     10      7      0   2428  11472
      2     34      2      1      2      6      5      5      0   4169  23559
      2     34      2      1      3      8      9      8      1   2514   4012
      2     34      2      1      4      2      8      1      0   1230  10625
      2     34      2      1      5      7     14      1      0   1681  13645
      2     34      2      1      6      6      3      7      0   1766   7095
      2     34      2      1      7      3      2      3      1  19672  45377
      2     34      2      1      8      1      5      6      0  13068  20302
      2     34      2      1      9      1      4      1      1   1578   9611
      2     34      2      1     10      1      1      4      0   1553  37252
      2     34      2      1     11      8     13      8      1   8075   9275
      2     34      2      1     12      6     15      6      1   7319   1927
      2     34      2      1     13      1     11      1      1   5024  10601
      2     34      2      1     14      6      5      3      0   1047  22670
      2     34      2      1     15      2     13      4      0   2151  18392
      2     34      2      1     16      4     16      4      1   1968   1753
      2     34      2      2      1      6      6      8      0  10361     -1
      2     34      2      2      2      2      6      1      0  44407     -1
      2     34      2      2      3      2      2      2      1  19399     -1
      2     34      2      2      4      7      8      7      1   3914     -1
      2     34      2      2      5      1     16      1      1   6816     -1
      2     34      2      2      6      7      5      7      1   3480     -1
      2     34      2      2      7      5     16      5      1   1982     -1
      2     34      2      2      8      1      7      3      0   3718     -1
      2     34      2      2      9      4     14      4      1  11042     -1
      2     34      2      2     10      8      2      8      1   2616     -1
      2     34      2      2     11      5      4      5      1   1514     -1
      2     34      2      2     12      3     15      3      1   6503     -1
      2     34      2      2     13      8      3      8      1   2129     -1
      2     34      2      2     14      3     12      3      1  10073     -1
      2     34      2      2     15      6     16      6      1   6754     -1
      2     34      2      2     16      4      9      5      0  14678     -1
      2     34      3      1      1      2      8      1      0   1728  62914
      2     34      3      1      2      2      4      2      1   1347   4268
      2     34      3      1      3      2     14      4      0   1705  35939
      2     34      3      1      4      1      1      6      0   3951  22227
      2     34      3      1      5      5      7      5      1   1321  20240
      2     34      3      1      6      4      8      1      0   9123  44581
      2     34      3      1      7      4     16      2      0   3536   7242
      2     34      3      1      8      3      2      3      1   1557   3566
      2     34      3      1      9      7     10      7      1   2798  12860
      2     34      3      1     10      1      2      1      1  11467  13191
      2     34      3      1     11      2      8      2      1   2167  10799
      2     34      3      1     12      4     15      4      1  15718  13899
      2     34      3      1     13      3     13      3      1   2215  11817
      2     34      3      1     14      4      8      1      0   5669  14556
      2     34      3      1     15      2      9      1      0   3816  15434
      2     34      3      1     16      1     11      6      0   1888  14029
      2     34      3      2      1      5      2      5      1   1802     -1
      2     34      3      2      2      4     10      1      0   8673     -1
      2     34      3      2      3      2      5      2      1   3401     -1
      2     34      3      2      4      6     12      6      1  12476     -1
      2     34      3      2      5      4     12      1      0   4502     -1
      2     34      3      2      6      1     10      1      1  14094     -1
      2     34      3      2      7      6      8      6      1   3912     -1
      2     34      3      2      8      5      9      5      1   1431     -1
      2     34      3      2      9      1     14      6      0  10658     -1
      2     34      3      2     10      8     14      8      1   2049     -1
      2     34      3      2     11      3      8      3      1   1548     -1
      2     34      3      2     12      7      4      3      0  10675     -1
      2     34      3      2     13      8     15      8      1   1465     -1
      2     34      3      2     14      2      3      7      0   4684     -1
      2     34      3      2     15      7      2      7      1   3001     -1
      2     34      3      2     16      3      7      3      1   1781     -1
      2     34      4      1      1      4     15      4      1   8441  33910
      2     34      4      1      2      4     11      1      0   1843  13468
      2     34      4      1      3      2      9      1      0   2134   4860
      2     34      4      1      4      6     11      6      1   1321   6297
      2     34      4      1      5      1      5      1      1    777   3939
      2     34      4      1      6      2     16      2      1  16851   9474
      2     34      4      1      7      2     14      4      0   1764   2766
      2     34      4      1      8      4     16      4      1   2185   1045
      2     34      4      1      9      1      9      1      1   2620   4699
      2     34      4      1     10      4      8      1      0   4737  24535
      2     34      4      1     11      4     11      4      1   1463   7840
      2     34      4      1     12      2      9      2      1   2532  11561
      2     34      4      1     13      2     13      2      1   1137   3408
      2     34      4      1     14      7      6      7      1   1949   2926
      2     34      4      1     15      1      2      4      0   6485   1935
      2     34      4      1     16      3     10      4      0   3158   7308
      2     34      4      2      1      3      7      3      1   3789     -1
      2     34      4      2      2      2      5      2      1   8188     -1
      2     34      4      2      3      4     14      4      1  12992     -1
      2     34      4      2      4      8     15      8      1   1849     -1
      2     34      4      2      5      3     11      3      1   3751     -1
      2     34      4      2      6      1     16      1      1   3915     -1
      2     34      4      2      7      8     10      8      1   1581     -1
      2     34      4      2      8      4     13      4      1   4902     -1
      2     34      4      2      9      1     14      1      1   4384     -1
      2     34      4      2     10      6      7      6      1   2166     -1
      2     34      4      2     11      7      2      7      1   1678     -1
      2     34      4      2     12      5      5      5      1   1664     -1
      2     34      4      2     13      7      4      3      0   4718     -1
      2     34      4      2     14      6     12      6      1   2332     -1
      2     34      4      2     15      2      1      2      1   2244     -1
      2     34      4      2     16      5      9      5      1   1310     -1
      2     34      5      1      1      1      2      4      0   2706  15775
      2     34      5      1      2      2      9      2      1   1341   2346
      2     34      5      1      3      2      4      2      1   1173   5471
      2     34      5      1      4      4     11      1      0   1626   1093
      2     34      5      1      5      7      7      7      1   2078   4410
      2     34      5      1      6      2      9      1      0   3502   6007
      2     34      5      1      7      2     16      2      1   1941   1573
      2     34      5      1      8      2     13      2      1   1215   1250
      2     34      5      1      9      3     10      3      1   2427   6312
      2     34      5      1     10      1      9      1      1   2771   1718
      2     34      5      1     11      4     11      4      1   1398   2323
      2     34      5      1     12      7     14      7      1    945   3157
      2     34      5      1     13      8     13      8      1   1184   5054
      2     34      5      1     14      6     15      6      1    974    933
      2     34      5      1     15      1     11      6      0   2330   1691
      2     34      5      1     16      1      9      1      1   1578   4865
      2     34      5      2      1      5     16      5      1   1468     -1
      2     34      5      2      2      5      4      5      1   1014     -1
      2     34      5      2      3      2      3      1      0   6771     -1
      2     34      5      2      4      3      8      3      1   1398     -1
      2     34      5      2      5      4     12      1      0   7986     -1
      2     34      5      2      6      7     16      7      1   1865     -1
      2     34      5      2      7      1      6      1      1   5136     -1
      2     34      5      2      8      6      8      6      1   2211     -1
      2     34      5      2      9      3      9      3      1   1698     -1
      2     34      5      2     10      1     10      1      1   4213     -1
      2     34      5      2     11      8      3      8      1   1298     -1
      2     34      5      2     12      4      1      7      0   6952     -1
      2     34      5      2     13      8     14      8      1   1079     -1
      2     34      5      2     14      7      8      7      1   1598     -1
      2     34      5      2     15      6     13      6      1   1815     -1
      2     34      5      2     16      2     10      2      1   2133     -1
      2     34      6      1      1      7     12      7      1   1375   3527
      2     34      6      1      2      7      7      7      1    981   1366
      2     34      6      1      3      4     16      4      1   1641   1615
      2     34      6      1      4      2      8      2      1   1713   7453
      2     34      6      1      5      2      9      2      1   1771   1457
      2     34      6      1      6      2     16      2      1   1334    744
      2     34      6      1      7      3      6      3      1   4472   5231
      2     34      6      1      8      2      9      2      1   1584   3768
      2     34      6      1      9      1      5      1      1    875   1566
      2     34      6      1     10      4      8      4      1   2685   7149
      2     34      6      1     11      3     13      3      1    902   4127
      2     34      6      1     12      4     15      4      1   1337   1457
      2     34      6      1     13      2     13      2      1   1322   3002
      2     34      6      1     14      1      4      1      1   1718   4937
      2     34      6      1     15      3     10      3      1    931   1967
      2     34      6      1     16      4      8      4      1   4420   3299
      2     34      6      2      1      7      5      7      1   4104     -1
      2     34      6      2      2      1      3      1      1   9039     -1
      2     34      6      2      3      8      2      8      1   1663     -1
      2     34      6      2      4      7     13      7      1   1398     -1
      2     34      6      2      5      4     10      4      1   7220     -1
      2     34      6      2      6      3     12      3      1   1516     -1
      2     34      6      2      7      3     15      3      1   3050     -1
      2     34      6      2      8      2      2      2      1   1343     -1
      2     34      6      2      9      1      7      3      0   6249     -1
      2     34      6      2     10      6     16      6      1   1376     -1
      2     34      6      2     11      4      9      4      1  20016     -1
      2     34      6      2     12      6      6      8      0   4067     -1
      2     34      6      2     13      8      5      8      1   1231     -1
      2     34      6      2     14      5     10      5      1   1360     -1
      2     34      6      2     15      2      6      2      1   1547     -1
      2     34      6      2     16      5      2      5      1   1232     -1
      2     34      7      1      1      4      5      4      1  11909   3762
      2     34      7      1      2      1      1      1      1   4413   7314
      2     34      7      1      3      2     14      4      0   1850  20003
      2     34      7      1      4      4     16      4      1   1447  11457
      2     34      7      1      5      2     13      2      1   2052   5106
      2     34      7      1      6      2     16      2      1   1671   2204
      2     34      7      1      7      4     11      4      1   1527   1792
      2     34      7      1      8      8      6      8      1    980   4131
      2     34      7      1      9      3     13      3      1    833   1689
      2     34      7      1     10      5     12      5      1    974   9334
      2     34      7      1     11      8     16      8      1   1226    784
      2     34      7      1     12      2     14      4      0   2478   1854
      2     34      7      1     13      7     15      7      1   1117   2956
      2     34      7      1     14      1      5      1      1    980   1446
      2     34      7      1     15      1      4      1      1   1065   1005
      2     34      7      1     16      3      6      3      1   1391   1323
      2     34      7      2      1      4     12      1      0   8775     -1
      2     34      7      2      2      5     10      5      1   1399     -1
      2     34      7      2      3      7      5      7      1   1932     -1
      2     34      7      2      4      7      4      3      0   1948     -1
      2     34      7      2      5      1     10      4      0  12922     -1
      2     34      7      2      6      6     12      6      1   1712     -1
      2     34      7      2      7      4      9      4      1  21184     -1
      2     34      7      2      8      8     10      8      1   1361     -1
      2     34      7      2      9      8      2      8      1   1081     -1
      2     34      7      2     10      2      3      4      0   5284     -1
      2     34      7      2     11      3     15      3      1   1132     -1
      2     34      7      2     12      3     12      3      1   1097     -1
      2     34      7      2     13      1     14      1      1   4230     -1
      2     34      7      2     14      5     16      5      1   1449     -1
      2     34      7      2     15      2      2      2      1   1748     -1
      2     34      7      2     16      6     13      6      1   4551     -1
      2     34      8      1      1      2     14      2      1   1374   6688
      2     34      8      1      2      6      3      3      0   1641   1288
      2     34      8      1      3      6     15      6      1    791   4310
      2     34      8      1      4      6      9      7      0   2135   2500
      2     34      8      1      5      6      5      6      1   1512   1400
      2     34      8      1      6      6     10      6      1   1017   2891
      2     34      8      1      7      5      7      5      1   1068   1557
      2     34      8      1      8      8     16      8      1    982    812
      2     34      8      1      9      1      4      1      1    974    839
      2     34      8      1     10      3      6      3      1   1299   2128
      2     34      8      1     11      1      1      1      1   4324   3245
      2     34      8      1     12      4     15      4      1   1001   1345
      2     34      8      1     13      7      7      7      1    856   2253
      2     34      8      1     14      5      6      5      1   1770    887
      2     34      8      1     15      4      5      4      1   2183    822
      2     34      8      1     16      7     12      3      0   2434   1473
      2     34      8      2      1      7      2      7      1   1835     -1
      2     34      8      2      2      3      9      3      1   2732     -1
      2     34      8      2      3      2     10      2      1   1566     -1
      2     34      8      2      4      7      8      7      1   1510     -1
      2     34      8      2      5      2      1      2      1   2100     -1
      2     34      8      2      6      4     10      1      0  13109     -1
      2     34      8      2      7      1     16      1      1   6219     -1
      2     34      8      2      8      8     14      8      1   1211     -1
      2     34      8      2      9      6      6      8      0   3117     -1
      2     34      8      2     10      4     13      4      1   1760     -1
      2     34      8      2     11      5      4      5      1   1549     -1
      2     34      8      2     12      3      8      3      1   1332     -1
      2     34      8      2     13      1      3      1      1   3751     -1
      2     34      8      2     14      5      5      5      1   2182     -1
      2     34      8      2     15      6     16      6      1   2032     -1
      2     34      8      2     16      8      3      8      1   1582     -1
      2     34      9      1      1      2      8      2      1    854   1746
      2     34      9      1      2      4     11      4      1   2543   6279
      2     34      9      1      3      2      9      2      1    833   1688
      2     34      9      1      4      4     15      4      1    984   1330
      2     34      9      1      5      6     15      6      1    868   1279
      2     34      9      1      6      3     16      3      1   1885   1812
      2     34      9      1      7      3      6      3      1   1290    966
      2     34      9      1      8      6      3      6      1   1049   1885
      2     34      9      1      9      1      1      1      1   1702   5590
      2     34      9      1     10      8     13      8      1   1402   1443
      2     34      9      1     11      1     11      1      1   2202   1313
      2     34      9      1     12      7     14      7      1   2705   2692
      2     34      9      1     13      3      2      3      1    696   6017
      2     34      9      1     14      2     16      2      1   4678    916
      2     34      9      1     15      4     15      4      1   1000    810
      2     34      9      1     16      2     13      4      0   2869   8371
      2     34      9      2      1      8     15      8      1   2786     -1
      2     34      9      2      2      1      6      1      1   3379     -1
      2     34      9      2      3      3     11      3      1   4484     -1
      2     34      9      2      4      4     14      4      1   1631     -1
      2     34      9      2      5      2      5      2      1   1798     -1
      2     34      9      2      6      8      5      8      1   1115     -1
      2     34      9      2      7      3      7      3      1   2465     -1
      2     34      9      2      8      5      9      5      1   1348     -1
      2     34      9      2      9      1      7      1      1  32529     -1
      2     34      9      2     10      4      1      4      1   2795     -1
      2     34      9      2     11      7     13      7      1   2061     -1
      2     34      9      2     12      5      2      5      1   1431     -1
      2     34      9      2     13      2      6      2      1   1377     -1
      2     34      9      2     14      6      7      6      1   1565     -1
      2     34      9      2     15      6      8      6      1   1648     -1
      2     34      9      2     16      7     16      7      1   1364     -1
