      1    171      1      1      1      8     14      4      0   4858
      1    171      1      1      2      3      6      5      0   4478
      1    171      1      1      3      8     10      2      0   2346
      1    171      1      1      4      1     10      6      0   3577
      1    171      1      1      5      4      1      1      0   6000
      1    171      1      1      6      5     11      5      1   2463
      1    171      1      1      7      4     11      4      1   4944
      1    171      1      1      8      6     11      2      0   8830
      1    171      1      1      9      2      4      3      0   2667
      1    171      1      1     10      6      6      3      0   7340
      1    171      1      1     11      5      7      5      1   2034
      1    171      1      1     12      1     16      7      0   8200
      1    171      1      1     13      3      9      7      0   6911
      1    171      1      1     14      2      9      6      0   5303
      1    171      1      1     15      7     16      3      0   4202
      1    171      1      1     16      7      5      6      0   3091
      1    171      1      2      1      1      5      1      1   5816
      1    171      1      2      2      5      6      5      1   1280
      1    171      1      2      3      7     15      4      0   2347
      1    171      1      2      4      3     10      7      0   3584
      1    171      1      2      5      4     15      6      0   1746
      1    171      1      2      6      2     10      5      0   2360
      1    171      1      2      7      1      7      8      0   2816
      1    171      1      2      8      7     12      4      0   1977
      1    171      1      2      9      8      4      8      1   1531
      1    171      1      2     10      2      3      2      1   2600
      1    171      1      2     11      4      9      5      0   1732
      1    171      1      2     12      8      5      8      1   1581
      1    171      1      2     13      6      8      1      0   4080
      1    171      1      2     14      3     11      6      0   1749
      1    171      1      2     15      6     10      1      0   6320
      1    171      1      2     16      5     12      5      1   1031
      1    171      2      1      1      3     12      1      0   1662
      1    171      2      1      2      2     16      6      0   3910
      1    171      2      1      3      5     10      5      1   1850
      1    171      2      1      4      2      1      2      1   1492
      1    171      2      1      5      3     15      4      0   3520
      1    171      2      1      6      8      2      8      1   1855
      1    171      2      1      7      1      4      6      0   3282
      1    171      2      1      8      1      3      2      0   1955
      1    171      2      1      9      4      8      2      0   4170
      1    171      2      1     10      4     12      2      0   1712
      1    171      2      1     11      8     15      8      1   1551
      1    171      2      1     12      6     13      1      0   4156
      1    171      2      1     13      7      8      3      0   2901
      1    171      2      1     14      6      7      1      0   2417
      1    171      2      1     15      7     13      4      0   2423
      1    171      2      1     16      5      2      5      1   1248
      1    171      2      2      1      8      8      8      1   1717
      1    171      2      2      2      5     14      5      1   1348
      1    171      2      2      3      8      9      8      1   1343
      1    171      2      2      4      1     14      7      0   5235
      1    171      2      2      5      3      7      6      0   6086
      1    171      2      2      6      6     16      2      0   6115
      1    171      2      2      7      1     11      3      0   2100
      1    171      2      2      8      2      8      2      1   4217
      1    171      2      2      9      7      6      1      0   8939
      1    171      2      2     10      5      5      5      1   1848
      1    171      2      2     11      7     10      4      0   1398
      1    171      2      2     12      4     10      2      0   1632
      1    171      2      2     13      2      6      2      1   1833
      1    171      2      2     14      3     13      6      0   7349
      1    171      2      2     15      6     12      3      0   1912
      1    171      2      2     16      4      3      3      0   2866
      1    171      3      1      1      5      4      5      1   1328
      1    171      3      1      2      2      5      2      1   1352
      1    171      3      1      3      6      9      1      0   1687
      1    171      3      1      4      4     16      3      0   1733
      1    171      3      1      5      5      9      5      1   1186
      1    171      3      1      6      3     14      6      0   1746
      1    171      3      1      7      4     13      6      0   4113
      1    171      3      1      8      3      8      7      0   1855
      1    171      3      1      9      1      2      6      0   1777
      1    171      3      1     10      8      6      8      1   1260
      1    171      3      1     11      6      3      7      0   6061
      1    171      3      1     12      2     14      4      0   5181
      1    171      3      1     13      7      2      7      1   2036
      1    171      3      1     14      1      6      2      0   1997
      1    171      3      1     15      8      3      8      1   1322
      1    171      3      1     16      7      7      4      0   6789
      1    171      3      2      1      3      2      6      0  11043
      1    171      3      2      2      1      9      2      0   1794
      1    171      3      2      3      4      5      3      0   4167
      1    171      3      2      4      3     16      7      0   7099
      1    171      3      2      5      6      5      1      0   3533
      1    171      3      2      6      7     14      4      0   2115
      1    171      3      2      7      4     14      2      0   3116
      1    171      3      2      8      2     13      2      1   1347
      1    171      3      2      9      8     16      8      1   1093
      1    171      3      2     10      5     16      5      1    997
      1    171      3      2     11      5      8      5      1    960
      1    171      3      2     12      8     13      8      1   1029
      1    171      3      2     13      6     15      3      0  10023
      1    171      3      2     14      2      2      2      1   1264
      1    171      3      2     15      1      1      6      0   3017
      1    171      3      2     16      7      4      1      0   1415
      1    171      4      1      1      3      6      1      0   7152
      1    171      4      1      2      2      9      2      1   2183
      1    171      4      1      3      7     13      7      1   2241
      1    171      4      1      4      2      1      2      1   1086
      1    171      4      1      5      4     13      4      1   2566
      1    171      4      1      6      3     12      1      0   2400
      1    171      4      1      7      6     11      6      1   2030
      1    171      4      1      8      4     16      3      0   3900
      1    171      4      1      9      1      4      3      0   3068
      1    171      4      1     10      5      9      5      1   1548
      1    171      4      1     11      6      9      7      0   2184
      1    171      4      1     12      5     10      5      1   1223
      1    171      4      1     13      1     16      3      0   6690
      1    171      4      1     14      8     14      8      1   1421
      1    171      4      1     15      7      7      7      1   2483
      1    171      4      1     16      8     15      8      1   1049
      1    171      4      2      1      1     11      3      0   3887
      1    171      4      2      2      5      6      5      1   1648
      1    171      4      2      3      1      1      4      0   3450
      1    171      4      2      4      8      8      8      1   1298
      1    171      4      2      5      2     10      2      1   2165
      1    171      4      2      6      4     15      3      0   3195
      1    171      4      2      7      3     11      6      0   2215
      1    171      4      2      8      7     10      7      1   1415
      1    171      4      2      9      5      5      5      1   1214
      1    171      4      2     10      3      2      6      0   5819
      1    171      4      2     11      2      2      2      1   1264
      1    171      4      2     12      6     16      1      0   4318
      1    171      4      2     13      4      9      2      0   6164
      1    171      4      2     14      6     10      7      0   1298
      1    171      4      2     15      7      6      7      1   1277
      1    171      4      2     16      8      4      8      1    915
      1    171      5      1      1      8      6      8      1   1489
      1    171      5      1      2      2      5      2      1   1143
      1    171      5      1      3      7     16      7      1   1153
      1    171      5      1      4      3      9      6      0   3316
      1    171      5      1      5      5      7      5      1    967
      1    171      5      1      6      8      3      8      1   1194
      1    171      5      1      7      3     14      3      1   2891
      1    171      5      1      8      4     11      2      0   1099
      1    171      5      1      9      1      3      2      0   3202
      1    171      5      1     10      7      2      7      1   1131
      1    171      5      1     11      4     12      2      0   1265
      1    171      5      1     12      2     16      3      0   4525
      1    171      5      1     13      5      2      5      1   1651
      1    171      5      1     14      1     10      2      0   1720
      1    171      5      1     15      6      7      7      0   4036
      1    171      5      1     16      6      3      7      0   1547
      1    171      5      2      1      3     10      3      1   6406
      1    171      5      2      2      2      6      2      1   1933
      1    171      5      2      3      8     16      8      1   1766
      1    171      5      2      4      6      5      6      1   5864
      1    171      5      2      5      6     12      6      1   7138
      1    171      5      2      6      7      4      1      0   4986
      1    171      5      2      7      8      5      8      1   1361
      1    171      5      2      8      2     13      4      0   6236
      1    171      5      2      9      5      8      5      1   1368
      1    171      5      2     10      4      5      7      0   1410
      1    171      5      2     11      7     12      7      1   1282
      1    171      5      2     12      4     10      3      0   4851
      1    171      5      2     13      3     16      1      0   4184
      1    171      5      2     14      1     14      2      0   5052
      1    171      5      2     15      1      5      7      0   1978
      1    171      5      2     16      5     14      5      1   1177
      1    171      6      1      1      5     11      5      1   1078
      1    171      6      1      2      7      5      7      1   3229
      1    171      6      1      3      5      4      5      1    977
      1    171      6      1      4      7      8      7      1   1255
      1    171      6      1      5      6      6      1      0   2144
      1    171      6      1      6      8     10      8      1   1466
      1    171      6      1      7      2     14      4      0   3802
      1    171      6      1      8      6     13      6      1   3340
      1    171      6      1      9      1      2      3      0   2163
      1    171      6      1     10      4      1      3      0   2481
      1    171      6      1     11      1      6      2      0   1423
      1    171      6      1     12      3     15      1      0   3161
      1    171      6      1     13      3      8      4      0   1680
      1    171      6      1     14      2      4      2      1    885
      1    171      6      1     15      8      2      8      1   1127
      1    171      6      1     16      4      8      4      1   4295
      1    171      6      2      1      2      8      2      1   2001
      1    171      6      2      2      1      7      3      0   1999
      1    171      6      2      3      8     13      8      1   1765
      1    171      6      2      4      4      3      4      1   4568
      1    171      6      2      5      6     15      6      1   2116
      1    171      6      2      6      7     14      7      1   1866
      1    171      6      2      7      3      7      1      0   2211
      1    171      6      2      8      1      9      4      0   6286
      1    171      6      2      9      4     14      3      0   5002
      1    171      6      2     10      2      3      2      1   3250
      1    171      6      2     11      7     15      7      1   1132
      1    171      6      2     12      6      8      6      1   2961
      1    171      6      2     13      3     13      1      0   1882
      1    171      6      2     14      5     16      5      1    997
      1    171      6      2     15      5     12      5      1   1014
      1    171      6      2     16      8      9      8      1    965
      1    171      7      1      1      2      9      2      1   1015
      1    171      7      1      2      8      2      8      1   1194
      1    171      7      1      3      3      9      1      0   2392
      1    171      7      1      4      5      4      5      1   1047
      1    171      7      1      5      8      6      8      1   1141
      1    171      7      1      6      7     16      7      1   1376
      1    171      7      1      7      7     13      7      1   1149
      1    171      7      1      8      5      2      5      1   1100
      1    171      7      1      9      4      8      4      1   1439
      1    171      7      1     10      1      2      3      0   1901
      1    171      7      1     11      2     14      4      0   3285
      1    171      7      1     12      4     11      2      0   1833
      1    171      7      1     13      6      3      7      0   1791
      1    171      7      1     14      6      9      1      0   2016
      1    171      7      1     15      1      3      4      0   1604
      1    171      7      1     16      3     12      1      0   2347
      1    171      7      2      1      3     10      3      1   3150
      1    171      7      2      2      1      9      2      0   1970
      1    171      7      2      3      7     10      7      1   1361
      1    171      7      2      4      2     10      4      0   2478
      1    171      7      2      5      3      7      3      1   6371
      1    171      7      2      6      6     16      6      1   1798
      1    171      7      2      7      6      8      6      1   2065
      1    171      7      2      8      8     16      8      1   1394
      1    171      7      2      9      4     15      3      0   1532
      1    171      7      2     10      4      5      2      0   4551
      1    171      7      2     11      1      5      1      1   7989
      1    171      7      2     12      2     13      2      1   3495
      1    171      7      2     13      5     16      5      1   1193
      1    171      7      2     14      5     12      5      1   1115
      1    171      7      2     15      7     15      7      1   1131
      1    171      7      2     16      8      9      8      1   1214
      1    171      8      1      1      6     13      6      1   2624
      1    171      8      1      2      2     16      2      1   4098
      1    171      8      1      3      1     10      4      0   1549
      1    171      8      1      4      8      3      8      1   1341
      1    171      8      1      5      2      4      2      1   1107
      1    171      8      1      6      7      7      7      1   1659
      1    171      8      1      7      5     10      5      1   1373
      1    171      8      1      8      1      6      3      0   3652
      1    171      8      1      9      7      8      7      1   1673
      1    171      8      1     10      3      8      3      1   1750
      1    171      8      1     11      6      6      6      1   1683
      1    171      8      1     12      3     15      1      0   3036
      1    171      8      1     13      5     11      5      1   1114
      1    171      8      1     14      4      1      2      0   1911
      1    171      8      1     15      4     13      4      1   2167
      1    171      8      1     16      8     14      8      1   1038
      1    171      8      2      1      8      8      8      1   1217
      1    171      8      2      2      6     15      6      1   2283
      1    171      8      2      3      1     14      4      0   5936
      1    171      8      2      4      5     14      5      1   1548
      1    171      8      2      5      1     11      2      0   3601
      1    171      8      2      6      3     11      3      1   2462
      1    171      8      2      7      2      6      2      1   2333
      1    171      8      2      8      4      9      2      0   3150
      1    171      8      2      9      2      2      2      1   1331
      1    171      8      2     10      5      8      5      1   1182
      1    171      8      2     11      3      2      1      0   1916
      1    171      8      2     12      4     10      4      1   3618
      1    171      8      2     13      7      4      7      1   3083
      1    171      8      2     14      6      5      6      1   2160
      1    171      8      2     15      8      4      8      1   1014
      1    171      8      2     16      7     14      7      1   2161
      1    171      9      1      1      4     16      4      1   2167
      1    171      9      1      2      7      2      7      1   1181
      1    171      9      1      3      8     10      8      1   1074
      1    171      9      1      4      4     12      2      0   1687
      1    171      9      1      5      1      4      1      1   1682
      1    171      9      1      6      2      5      2      1   1046
      1    171      9      1      7      5      9      5      1   1085
      1    171      9      1      8      7      5      7      1   2482
      1    171      9      1      9      8     15      8      1   1149
      1    171      9      1     10      3     14      3      1   1692
      1    171      9      1     11      6      7      6      1   1899
      1    171      9      1     12      2      1      2      1   1272
      1    171      9      1     13      1     16      1      1   4509
      1    171      9      1     14      3      6      3      1   1478
      1    171      9      1     15      6     11      6      1   1188
      1    171      9      1     16      5      7      5      1   1070
      1    171      9      2      1      8      5      8      1   1067
      1    171      9      2      2      2      8      2      1   1260
      1    171      9      2      3      1      7      1      1   2014
      1    171      9      2      4      1      1      1      1   2812
      1    171      9      2      5      3     13      3      1   1197
      1    171      9      2      6      5      5      5      1   1295
      1    171      9      2      7      6     10      6      1   4701
      1    171      9      2      8      5      6      5      1   1182
      1    171      9      2      9      7     12      7      1   1681
      1    171      9      2     10      3     16      1      0   2900
      1    171      9      2     11      2      3      4      0   2215
      1    171      9      2     12      6     12      3      0   2200
      1    171      9      2     13      4      3      1      0   3785
      1    171      9      2     14      7      6      7      1   1582
      1    171      9      2     15      4     14      2      0   2203
      1    171      9      2     16      8     13      8      1   1025
