      1     65      1      1      1      8      4      7      0   4971
      1     65      1      1      2      3     12      1      0   1710
      1     65      1      1      3      1      3      4      0   2284
      1     65      1      1      4      1      5      6      0   3214
      1     65      1      1      5      4     15      5      0   2078
      1     65      1      1      6      6     11      5      0   4336
      1     65      1      1      7      3      2      2      0   2740
      1     65      1      1      8      2     10      2      1   2125
      1     65      1      1      9      5     11      5      1   3445
      1     65      1      1     10      5      5      5      1   3479
      1     65      1      1     11      6      6      7      0   3417
      1     65      1      1     12      7      2      1      0   3753
      1     65      1      1     13      2     16      2      1   4761
      1     65      1      1     14      7      7      7      1   2199
      1     65      1      1     15      4      1      6      0   3764
      1     65      1      1     16      8     13      8      1   2612
      1     65      1      2      1      7     16      1      0   3700
      1     65      1      2      2      3      9      4      0   3526
      1     65      1      2      3      5     14      5      1   1365
      1     65      1      2      4      4     10      7      0   3326
      1     65      1      2      5      1      7      3      0   2246
      1     65      1      2      6      7     13      3      0   4143
      1     65      1      2      7      1     11      6      0   3477
      1     65      1      2      8      6      5      5      0   2161
      1     65      1      2      9      4     14      2      0   1997
      1     65      1      2     10      5      7      5      1   1860
      1     65      1      2     11      3      7      1      0   1660
      1     65      1      2     12      8      2      8      1   2010
      1     65      1      2     13      8     16      8      1   3043
      1     65      1      2     14      2      2      7      0   2830
      1     65      1      2     15      2      3      7      0   1743
      1     65      1      2     16      6      8      5      0   1759
      1     65      2      1      1      1     16      6      0   5160
      1     65      2      1      2      3     11      3      1   2409
      1     65      2      1      3      6     10      7      0   2364
      1     65      2      1      4      7      6      6      0   1465
      1     65      2      1      5      8      3      8      1   1264
      1     65      2      1      6      7      8      7      1   1899
      1     65      2      1      7      2      1      3      0   2429
      1     65      2      1      8      1     14      3      0   1914
      1     65      2      1      9      5     10      5      1   1593
      1     65      2      1     10      4     12      3      0   2876
      1     65      2      1     11      5     16      5      1   1267
      1     65      2      1     12      2      5      3      0   5084
      1     65      2      1     13      4      3      3      0   1663
      1     65      2      1     14      8      8      8      1   1369
      1     65      2      1     15      3      6      3      1   2287
      1     65      2      1     16      6      9      6      1   3164
      1     65      2      2      1      1      6      4      0   6092
      1     65      2      2      2      3     14      3      1   1293
      1     65      2      2      3      7      5      7      1   2043
      1     65      2      2      4      6     15      6      1   1976
      1     65      2      2      5      5      2      5      1   1492
      1     65      2      2      6      2      6      2      1   1298
      1     65      2      2      7      8      5      8      1   1326
      1     65      2      2      8      7      4      1      0   2793
      1     65      2      2      9      6     13      3      0   2993
      1     65      2      2     10      4      9      5      0   1393
      1     65      2      2     11      5      6      5      1   1128
      1     65      2      2     12      1      2      4      0   4125
      1     65      2      2     13      8     10      4      0   3196
      1     65      2      2     14      3     10      3      1   2693
      1     65      2      2     15      2     13      2      1   1048
      1     65      2      2     16      4      5      7      0   3361
      1     65      3      1      1      2      8      2      1   1138
      1     65      3      1      2      5      9      5      1   1205
      1     65      3      1      3      4      8      3      0   1061
      1     65      3      1      4      6     12      3      0   1340
      1     65      3      1      5      8      6      8      1   1338
      1     65      3      1      6      1      1      1      1   2603
      1     65      3      1      7      3     15      1      0   1613
      1     65      3      1      8      1      9      4      0   4145
      1     65      3      1      9      2     14      2      1   1294
      1     65      3      1     10      7     10      7      1   3008
      1     65      3      1     11      5      4      5      1   1193
      1     65      3      1     12      8     14      8      1   1197
      1     65      3      1     13      6      3      6      1   1782
      1     65      3      1     14      4     11      1      0   3871
      1     65      3      1     15      7     14      6      0   2195
      1     65      3      1     16      3     16      3      1   1293
      1     65      3      2      1      1      4      1      1   2843
      1     65      3      2      2      7     12      7      1   2412
      1     65      3      2      3      6     16      6      1   1678
      1     65      3      2      4      4     16      2      0   1148
      1     65      3      2      5      2      4      2      1   1742
      1     65      3      2      6      5      8      5      1   1114
      1     65      3      2      7      6      7      6      1   2579
      1     65      3      2      8      2      9      2      1   4597
      1     65      3      2      9      1     10      4      0   3931
      1     65      3      2     10      7     15      7      1   1797
      1     65      3      2     11      8     15      8      1   1344
      1     65      3      2     12      4     13      3      0   2260
      1     65      3      2     13      8      9      8      1   1214
      1     65      3      2     14      3     13      7      0   4263
      1     65      3      2     15      3      8      7      0   1198
      1     65      3      2     16      5     12      5      1   1096
      1     65      4      1      1      4      8      3      0   1715
      1     65      4      1      2      6     11      6      1   1793
      1     65      4      1      3      8     14      8      1   1313
      1     65      4      1      4      2      1      2      1   1078
      1     65      4      1      5      3     16      3      1   4149
      1     65      4      1      6      2      5      2      1   1389
      1     65      4      1      7      1      9      1      1   3473
      1     65      4      1      8      5     16      5      1   1543
      1     65      4      1      9      3     15      3      1   3063
      1     65      4      1     10      1      5      1      1   2695
      1     65      4      1     11      7      6      7      1   1457
      1     65      4      1     12      8      3      8      1   1055
      1     65      4      1     13      6      9      6      1   1212
      1     65      4      1     14      5      9      5      1   1257
      1     65      4      1     15      4     11      4      1   3469
      1     65      4      1     16      7     10      7      1   1261
      1     65      4      2      1      3      9      3      1   2526
      1     65      4      2      2      2      3      1      0   3142
      1     65      4      2      3      3     14      3      1   2160
      1     65      4      2      4      7     13      7      1   1276
      1     65      4      2      5      7      4      3      0   2526
      1     65      4      2      6      1     10      4      0   2094
      1     65      4      2      7      4     10      4      1   2912
      1     65      4      2      8      6      7      6      1   1128
      1     65      4      2      9      8     16      8      1   1259
      1     65      4      2     10      6     16      6      1   1260
      1     65      4      2     11      4     13      3      0   1760
      1     65      4      2     12      8      9      8      1   1360
      1     65      4      2     13      5      8      5      1   1709
      1     65      4      2     14      5     12      5      1   1809
      1     65      4      2     15      1      4      1      1   1993
      1     65      4      2     16      2      6      2      1   1114
      1     65      5      1      1      7      8      7      1   1510
      1     65      5      1      2      3      6      3      1   1576
      1     65      5      1      3      2      8      2      1   1249
      1     65      5      1      4      2     10      2      1   1687
      1     65      5      1      5      5     10      5      1   1183
      1     65      5      1      6      4     12      4      1   2356
      1     65      5      1      7      7      2      7      1   1237
      1     65      5      1      8      8     13      8      1   1321
      1     65      5      1      9      6      6      6      1   2002
      1     65      5      1     10      1      1      1      1   1375
      1     65      5      1     11      8      4      8      1   1291
      1     65      5      1     12      1     16      1      1   2078
      1     65      5      1     13      5     11      5      1   1296
      1     65      5      1     14      4     15      3      0   2198
      1     65      5      1     15      6      3      6      1   1309
      1     65      5      1     16      3     12      3      1   1543
      1     65      5      2      1      3     10      3      1   1493
      1     65      5      2      2      6     13      6      1   1131
      1     65      5      2      3      7     16      7      1   3892
      1     65      5      2      4      5      2      5      1   1280
      1     65      5      2      5      5      7      5      1   3011
      1     65      5      2      6      8     15      8      1   1514
      1     65      5      2      7      1     11      4      0   4043
      1     65      5      2      8      7     15      7      1   1160
      1     65      5      2      9      6      5      6      1   1845
      1     65      5      2     10      1      6      1      1   1609
      1     65      5      2     11      4     14      4      1   8092
      1     65      5      2     12      8     10      3      0   1942
      1     65      5      2     13      2     13      2      1    843
      1     65      5      2     14      4      5      7      0   3193
      1     65      5      2     15      3      8      3      1    981
      1     65      5      2     16      2      2      2      1   2676
      1     65      6      1      1      3      2      3      1   1240
      1     65      6      1      2      5      4      5      1   1141
      1     65      6      1      3      2     14      2      1   1440
      1     65      6      1      4      4      1      3      0   1257
      1     65      6      1      5      7     14      4      0   2788
      1     65      6      1      6      6     12      6      1   1124
      1     65      6      1      7      2     16      2      1   1052
      1     65      6      1      8      3     11      3      1   1012
      1     65      6      1      9      4      3      4      1   1581
      1     65      6      1     10      6     10      6      1   1180
      1     65      6      1     11      7      7      7      1   2201
      1     65      6      1     12      8      8      8      1   1032
      1     65      6      1     13      5      5      5      1   1203
      1     65      6      1     14      1     14      1      1   2156
      1     65      6      1     15      1      3      1      1   1574
      1     65      6      1     16      8      6      8      1   1197
      1     65      6      2      1      2      4      2      1   1842
      1     65      6      2      2      5     14      5      1   1209
      1     65      6      2      3      3     13      3      1   1460
      1     65      6      2      4      4      9      4      1   4942
      1     65      6      2      5      7      5      7      1   1563
      1     65      6      2      6      1      7      1      1   2181
      1     65      6      2      7      7     12      7      1   1377
      1     65      6      2      8      5      6      5      1   1460
      1     65      6      2      9      6      8      6      1   2014
      1     65      6      2     10      8      2      8      1   1329
      1     65      6      2     11      8      5      8      1   1795
      1     65      6      2     12      1      2      1      1   2144
      1     65      6      2     13      3      7      3      1   1843
      1     65      6      2     14      4     16      2      0   1030
      1     65      6      2     15      2      9      2      1   1431
      1     65      6      2     16      6     15      6      1   1977
      1     65      7      1      1      5      9      5      1   3204
      1     65      7      1      2      3     12      3      1   1678
      1     65      7      1      3      6     12      6      1   2026
      1     65      7      1      4      7      7      7      1   1134
      1     65      7      1      5      4      1      4      1   3606
      1     65      7      1      6      8     14      8      1   1056
      1     65      7      1      7      8     13      8      1   1462
      1     65      7      1      8      7     10      7      1   1257
      1     65      7      1      9      3     16      1      0   3120
      1     65      7      1     10      5      4      5      1   1301
      1     65      7      1     11      6      3      6      1   1354
      1     65      7      1     12      1      3      1      1   1508
      1     65      7      1     13      2     14      2      1   1075
      1     65      7      1     14      2      5      2      1    977
      1     65      7      1     15      4      3      4      1   1258
      1     65      7      1     16      1     14      1      1   3687
      1     65      7      2      1      7     16      7      1   3376
      1     65      7      2      2      2      2      2      1    943
      1     65      7      2      3      2      3      1      0   5093
      1     65      7      2      4      4      5      7      0   7492
      1     65      7      2      5      3      8      3      1   1243
      1     65      7      2      6      1      7      1      1   1227
      1     65      7      2      7      7      5      7      1   1959
      1     65      7      2      8      5      8      5      1   1242
      1     65      7      2      9      5      2      5      1   1409
      1     65      7      2     10      6     16      6      1   1443
      1     65      7      2     11      6      5      6      1   1259
      1     65      7      2     12      1     11      1      1   4193
      1     65      7      2     13      8      9      8      1   1110
      1     65      7      2     14      8     16      8      1   2414
      1     65      7      2     15      4     16      2      0   1143
      1     65      7      2     16      3      9      3      1   1244
      1     65      8      1      1      8      3      8      1   1265
      1     65      8      1      2      4     15      4      1   2658
      1     65      8      1      3      4     11      4      1   1325
      1     65      8      1      4      1      5      1      1   1192
      1     65      8      1      5      5     16      5      1   1131
      1     65      8      1      6      2      1      2      1   1353
      1     65      8      1      7      7     14      7      1   1135
      1     65      8      1      8      2     16      2      1   1119
      1     65      8      1      9      3      6      3      1   1606
      1     65      8      1     10      1      9      1      1   1415
      1     65      8      1     11      3     11      3      1   1217
      1     65      8      1     12      6     10      6      1    981
      1     65      8      1     13      5      5      5      1   1212
      1     65      8      1     14      7      6      7      1   1178
      1     65      8      1     15      8      8      8      1    991
      1     65      8      1     16      6      6      6      1   1025
      1     65      8      2      1      4     10      4      1   2160
      1     65      8      2      2      3      7      3      1   1460
      1     65      8      2      3      5     14      5      1   1109
      1     65      8      2      4      6     13      6      1   1614
      1     65      8      2      5      1     10      1      1   4677
      1     65      8      2      6      1      2      1      1   3342
      1     65      8      2      7      4      9      4      1   3164
      1     65      8      2      8      6     15      6      1   1726
      1     65      8      2      9      3     14      3      1   1129
      1     65      8      2     10      8     15      8      1   1276
      1     65      8      2     11      2      6      2      1   1880
      1     65      8      2     12      7     12      7      1   1677
      1     65      8      2     13      8      2      8      1   1509
      1     65      8      2     14      7     15      7      1    994
      1     65      8      2     15      2     13      2      1   1143
      1     65      8      2     16      5      6      5      1   1080
      1     65      9      1      1      7      8      7      1   1202
      1     65      9      1      2      7      2      7      1    941
      1     65      9      1      3      6      9      6      1   1108
      1     65      9      1      4      1     16      1      1   1500
      1     65      9      1      5      3     15      4      0   2668
      1     65      9      1      6      4      8      4      1   1470
      1     65      9      1      7      8      4      8      1   1454
      1     65      9      1      8      1      1      1      1   1350
      1     65      9      1      9      5     11      5      1    944
      1     65      9      1     10      6     11      6      1   1274
      1     65      9      1     11      2      8      2      1   1222
      1     65      9      1     12      5     10      5      1   1398
      1     65      9      1     13      8      6      8      1   1260
      1     65      9      1     14      3      2      3      1    972
      1     65      9      1     15      2     10      2      1    918
      1     65      9      1     16      4     12      4      1   1022
      1     65      9      2      1      7      4      1      0   4959
      1     65      9      2      2      5      7      5      1   1377
      1     65      9      2      3      1      4      1      1   1260
      1     65      9      2      4      8     10      3      0   6075
      1     65      9      2      5      6      7      6      1   1162
      1     65      9      2      6      6      8      6      1   1359
      1     65      9      2      7      8      5      8      1   1412
      1     65      9      2      8      3     10      3      1   1278
      1     65      9      2      9      7     13      7      1   1176
      1     65      9      2     10      1      6      1      1   1309
      1     65      9      2     11      5     12      5      1   1196
      1     65      9      2     12      4     14      4      1   5246
      1     65      9      2     13      4     13      3      0   2544
      1     65      9      2     14      3     13      3      1   1343
      1     65      9      2     15      2      4      2      1    859
      1     65      9      2     16      2      9      2      1   1096
