      1     81      1      1      1      6     13      7      0   5583
      1     81      1      1      2      3     15      8      0   4519
      1     81      1      1      3      7     12      2      0   1875
      1     81      1      1      4      5      2      5      1   2960
      1     81      1      1      5      3     13      7      0   4892
      1     81      1      1      6      1      2      8      0   2331
      1     81      1      1      7      2     14      4      0   2556
      1     81      1      1      8      1      1      4      0   3807
      1     81      1      1      9      7      8      4      0   7535
      1     81      1      1     10      6     12      6      1   3610
      1     81      1      1     11      8     13      8      1   2022
      1     81      1      1     12      2      2      6      0   3892
      1     81      1      1     13      4      8      3      0   1724
      1     81      1      1     14      8     15      6      0   4433
      1     81      1      1     15      4     11      3      0   3596
      1     81      1      1     16      5     16      5      1   1580
      1     81      1      2      1      4      5      1      0   7154
      1     81      1      2      2      2      9      3      0   5356
      1     81      1      2      3      7      7      1      0   2758
      1     81      1      2      4      7      2      7      1   1975
      1     81      1      2      5      5     14      5      1   1254
      1     81      1      2      6      1     10      1      1   2358
      1     81      1      2      7      3      8      4      0   4959
      1     81      1      2      8      5     10      5      1   1509
      1     81      1      2      9      8      3      8      1   1526
      1     81      1      2     10      6      3      2      0   2528
      1     81      1      2     11      4     13      1      0   2263
      1     81      1      2     12      6      7      6      1   3127
      1     81      1      2     13      2      4      2      1   2458
      1     81      1      2     14      3     11      3      1   1941
      1     81      1      2     15      1     11      6      0   1776
      1     81      1      2     16      8      6      8      1   1393
      1     81      2      1      1      6      9      1      0   2986
      1     81      2      1      2      3      9      7      0   2069
      1     81      2      1      3      5      7      5      1   1779
      1     81      2      1      4      8     10      8      1   2756
      1     81      2      1      5      6     15      2      0   2230
      1     81      2      1      6      7     13      7      1   2656
      1     81      2      1      7      8     16      8      1   1186
      1     81      2      1      8      2      1      2      1   2639
      1     81      2      1      9      5      9      5      1   1340
      1     81      2      1     10      1     14      4      0   2191
      1     81      2      1     11      2     16      8      0   1974
      1     81      2      1     12      7      4      7      1   2050
      1     81      2      1     13      4      9      2      0   2886
      1     81      2      1     14      1      7      6      0   2107
      1     81      2      1     15      3      6      3      1   3635
      1     81      2      1     16      4     12      2      0   2630
      1     81      2      2      1      6     10      1      0   3712
      1     81      2      2      2      8      9      8      1   9841
      1     81      2      2      3      4     10      4      1   2392
      1     81      2      2      4      1      4      6      0   3359
      1     81      2      2      5      7      5      3      0   2692
      1     81      2      2      6      1      5      7      0   1860
      1     81      2      2      7      7     10      3      0   1575
      1     81      2      2      8      4     16      2      0   1994
      1     81      2      2      9      5      5      5      1   1725
      1     81      2      2     10      5     12      5      1   1409
      1     81      2      2     11      2      6      2      1   1510
      1     81      2      2     12      3     14      6      0   2159
      1     81      2      2     13      8     14      8      1   1726
      1     81      2      2     14      6      5      5      0   2108
      1     81      2      2     15      2     10      2      1   1876
      1     81      2      2     16      3     12      3      1   1876
      1     81      3      1      1      5      4      5      1   1506
      1     81      3      1      2      4      1      4      1   2130
      1     81      3      1      3      3      2      3      1   4197
      1     81      3      1      4      4      3      2      0   2241
      1     81      3      1      5      3      7      6      0   4370
      1     81      3      1      6      2      8      2      1   1224
      1     81      3      1      7      7     14      4      0   2465
      1     81      3      1      8      1     16      1      1   3892
      1     81      3      1      9      6     11      7      0   4227
      1     81      3      1     10      8      8      8      1   1545
      1     81      3      1     11      8      5      8      1   1675
      1     81      3      1     12      5     11      5      1   1185
      1     81      3      1     13      6     16      6      1   2443
      1     81      3      1     14      7     15      7      1   1959
      1     81      3      1     15      1      9      4      0   2558
      1     81      3      1     16      2     13      4      0   1960
      1     81      3      2      1      7      6      6      0   4928
      1     81      3      2      2      4     15      1      0   2692
      1     81      3      2      3      4     14      4      1   3058
      1     81      3      2      4      7     16      7      1   3492
      1     81      3      2      5      2      5      2      1   1709
      1     81      3      2      6      1      6      1      1   2144
      1     81      3      2      7      3     16      3      1   1845
      1     81      3      2      8      2      3      4      0   2843
      1     81      3      2      9      8      4      8      1   1343
      1     81      3      2     10      1      3      1      1   5675
      1     81      3      2     11      5      8      5      1   1726
      1     81      3      2     12      5      6      5      1   2175
      1     81      3      2     13      8      2      4      0   3859
      1     81      3      2     14      6      8      6      1   1727
      1     81      3      2     15      6      6      6      1   1426
      1     81      3      2     16      3     10      3      1   1442
      1     81      4      1      1      6     11      6      1   1561
      1     81      4      1      2      2      1      2      1   1263
      1     81      4      1      3      6     16      6      1   1557
      1     81      4      1      4      2      8      2      1   1647
      1     81      4      1      5      1      1      3      0   1559
      1     81      4      1      6      5     11      5      1   1245
      1     81      4      1      7      4     12      4      1   2699
      1     81      4      1      8      7      8      7      1   2323
      1     81      4      1      9      5     16      5      1   1268
      1     81      4      1     10      8     16      8      1   1375
      1     81      4      1     11      7     14      3      0   1587
      1     81      4      1     12      4      1      3      0   2910
      1     81      4      1     13      3      9      3      1   1361
      1     81      4      1     14      3      2      3      1   1589
      1     81      4      1     15      1      9      1      1   2348
      1     81      4      1     16      8     10      4      0   4008
      1     81      4      2      1      6      7      6      1   1613
      1     81      4      2      2      6      8      6      1   1858
      1     81      4      2      3      2      5      2      1   1976
      1     81      4      2      4      7      2      7      1   1842
      1     81      4      2      5      3     16      3      1   3093
      1     81      4      2      6      1     11      4      0   3225
      1     81      4      2      7      4     16      2      0   2642
      1     81      4      2      8      1      4      1      1   2575
      1     81      4      2      9      2      3      4      0   2541
      1     81      4      2     10      8      2      8      1   1474
      1     81      4      2     11      8      6      8      1   1259
      1     81      4      2     12      5      8      5      1   1408
      1     81      4      2     13      4     14      2      0   2575
      1     81      4      2     14      5     12      5      1   1225
      1     81      4      2     15      3     14      3      1   2630
      1     81      4      2     16      7      7      7      1   1376
      1     81      5      1      1      7      4      6      0   2300
      1     81      5      1      2      5      9      5      1   1466
      1     81      5      1      3      8     15      8      1   1483
      1     81      5      1      4      2      2      2      1   1847
      1     81      5      1      5      2     16      4      0   2439
      1     81      5      1      6      6     12      6      1   1836
      1     81      5      1      7      1      2      1      1   2137
      1     81      5      1      8      6     13      6      1   2848
      1     81      5      1      9      3      6      3      1   1422
      1     81      5      1     10      7     15      7      1   1239
      1     81      5      1     11      1      7      3      0   1958
      1     81      5      1     12      5      7      5      1   1318
      1     81      5      1     13      3     13      7      0   1620
      1     81      5      1     14      4      3      4      1   1752
      1     81      5      1     15      8      5      8      1   1166
      1     81      5      1     16      4     11      4      1   2529
      1     81      5      2      1      4     13      1      0   4212
      1     81      5      2      2      7     10      7      1   1426
      1     81      5      2      3      4     15      1      0   1776
      1     81      5      2      4      1      6      1      1   4229
      1     81      5      2      5      8      4      8      1   1275
      1     81      5      2      6      2     10      2      1   1493
      1     81      5      2      7      7     16      7      1   1775
      1     81      5      2      8      3     12      3      1   1791
      1     81      5      2      9      6      5      6      1   1475
      1     81      5      2     10      3     11      3      1   1796
      1     81      5      2     11      8      3      8      1   1226
      1     81      5      2     12      5      6      5      1   1292
      1     81      5      2     13      5     10      5      1   2726
      1     81      5      2     14      6     10      6      1   1627
      1     81      5      2     15      1     10      4      0   3010
      1     81      5      2     16      2      4      2      1   1176
      1     81      6      1      1      2     14      8      0   2373
      1     81      6      1      2      7     13      7      1   1201
      1     81      6      1      3      5      2      5      1   1590
      1     81      6      1      4      6     15      6      1   1216
      1     81      6      1      5      4      8      4      1   1538
      1     81      6      1      6      6      9      6      1   1301
      1     81      6      1      7      2     13      2      1   1205
      1     81      6      1      8      7     12      7      1   2095
      1     81      6      1      9      4      9      5      0   4516
      1     81      6      1     10      3     15      3      1   1303
      1     81      6      1     11      8      8      8      1   1360
      1     81      6      1     12      1     16      7      0   2251
      1     81      6      1     13      3      7      1      0   2618
      1     81      6      1     14      1     14      4      0   4235
      1     81      6      1     15      5      4      5      1   1656
      1     81      6      1     16      8     13      8      1   1174
      1     81      6      2      1      7      5      7      1   2445
      1     81      6      2      2      4     10      4      1   3825
      1     81      6      2      3      3     10      3      1   1728
      1     81      6      2      4      3      8      7      0   2296
      1     81      6      2      5      4      5      4      1   4192
      1     81      6      2      6      6      6      6      1   1459
      1     81      6      2      7      8     14      8      1   1426
      1     81      6      2      8      1      3      1      1   1992
      1     81      6      2      9      8      9      8      1   1525
      1     81      6      2     10      5      5      5      1   4876
      1     81      6      2     11      7      6      6      0   4492
      1     81      6      2     12      2      6      2      1   1958
      1     81      6      2     13      2      9      2      1   1375
      1     81      6      2     14      6      3      6      1   1393
      1     81      6      2     15      1      5      1      1   3659
      1     81      6      2     16      5     14      5      1   1191
      1     81      7      1      1      6     12      6      1   2124
      1     81      7      1      2      7      4      7      1   1294
      1     81      7      1      3      3      2      7      0   2545
      1     81      7      1      4      7      8      7      1   1245
      1     81      7      1      5      5      4      5      1   1430
      1     81      7      1      6      5      9      5      1   1750
      1     81      7      1      7      8     10      8      1   1438
      1     81      7      1      8      2     16      2      1   1318
      1     81      7      1      9      4     12      4      1   1707
      1     81      7      1     10      1      9      1      1   1592
      1     81      7      1     11      3      7      3      1   1482
      1     81      7      1     12      4     11      4      1   2126
      1     81      7      1     13      8      8      8      1   1195
      1     81      7      1     14      1      1      3      0   1427
      1     81      7      1     15      6     16      6      1   1365
      1     81      7      1     16      2     13      2      1   1306
      1     81      7      2      1      5     14      5      1   1179
      1     81      7      2      2      8      2      8      1   1742
      1     81      7      2      3      5      6      5      1   1579
      1     81      7      2      4      7     10      7      1   1412
      1     81      7      2      5      7      2      7      1   1392
      1     81      7      2      6      8      9      8      1   1193
      1     81      7      2      7      3     12      3      1   1726
      1     81      7      2      8      2      5      2      1   1875
      1     81      7      2      9      6      6      6      1   1263
      1     81      7      2     10      1     10      1      1   1877
      1     81      7      2     11      6      8      6      1   3293
      1     81      7      2     12      3     11      3      1   1341
      1     81      7      2     13      4      5      4      1   7609
      1     81      7      2     14      1      6      1      1   1645
      1     81      7      2     15      2      3      4      0   3327
      1     81      7      2     16      4     14      2      0   2212
      1     81      8      1      1      5     16      5      1   1266
      1     81      8      1      2      8     13      8      1   1483
      1     81      8      1      3      4      8      4      1   1882
      1     81      8      1      4      7     12      7      1   1726
      1     81      8      1      5      6      9      6      1   1504
      1     81      8      1      6      5      2      5      1   1477
      1     81      8      1      7      4      3      3      0   6608
      1     81      8      1      8      1     14      4      0   2416
      1     81      8      1      9      3     13      3      1   1290
      1     81      8      1     10      2      2      2      1   1404
      1     81      8      1     11      7     13      7      1   1262
      1     81      8      1     12      8     16      8      1   2002
      1     81      8      1     13      1     16      1      1   1345
      1     81      8      1     14      2      1      2      1   1031
      1     81      8      1     15      3      6      3      1   1133
      1     81      8      1     16      6     11      6      1   1342
      1     81      8      2      1      3     14      3      1   2146
      1     81      8      2      2      6     10      6      1   1092
      1     81      8      2      3      5      8      5      1   1126
      1     81      8      2      4      2     10      2      1    991
      1     81      8      2      5      3      8      3      1   2726
      1     81      8      2      6      8      6      8      1   1112
      1     81      8      2      7      1      5      1      1   2877
      1     81      8      2      8      4     10      4      1   3125
      1     81      8      2      9      4     13      1      0   3342
      1     81      8      2     10      6      5      6      1   1910
      1     81      8      2     11      7     16      1      0  10774
      1     81      8      2     12      1      4      1      1   4329
      1     81      8      2     13      7      5      7      1   1376
      1     81      8      2     14      8      4      8      1   1092
      1     81      8      2     15      5     10      5      1   1229
      1     81      8      2     16      2      4      2      1   1158
      1     81      9      1      1      5      7      5      1   1566
      1     81      9      1      2      4      1      4      1   2495
      1     81      9      1      3      6     13      6      1   1215
      1     81      9      1      4      1      2      1      1   1815
      1     81      9      1      5      3     15      3      1   1347
      1     81      9      1      6      2      8      2      1   1366
      1     81      9      1      7      8      5      8      1   1389
      1     81      9      1      8      7     14      7      1   3036
      1     81      9      1      9      3      9      3      1   1018
      1     81      9      1     10      6     15      6      1   1292
      1     81      9      1     11      8     15      8      1   1163
      1     81      9      1     12      2     14      2      1   3019
      1     81      9      1     13      7     15      7      1   1199
      1     81      9      1     14      5     11      5      1   1288
      1     81      9      1     15      1      7      1      1   1604
      1     81      9      1     16      4      9      4      1   3369
      1     81      9      2      1      2      6      2      1   1464
      1     81      9      2      2      8     14      8      1   1192
      1     81      9      2      3      6      3      6      1   1658
      1     81      9      2      4      6      7      6      1   1393
      1     81      9      2      5      1      3      1      1   2892
      1     81      9      2      6      2      9      2      1   1793
      1     81      9      2      7      7      7      7      1   1509
      1     81      9      2      8      8      3      8      1   1209
      1     81      9      2      9      3     10      3      1   1342
      1     81      9      2     10      7      6      6      0   1795
      1     81      9      2     11      4     15      2      0   5075
      1     81      9      2     12      4     16      2      0   1710
      1     81      9      2     13      3     16      3      1   6396
      1     81      9      2     14      1     11      1      1   1959
      1     81      9      2     15      5     12      5      1   1613
      1     81      9      2     16      5      5      6      0   2142
