      2     68      1      1      1      3      8      2      0   2278   3463
      2     68      1      1      2      5      6      5      1   1910   2090
      2     68      1      1      3      5     16      4      0   2722   2220
      2     68      1      1      4      3      8      3      1   1216    893
      2     68      1      1      5      5     16      5      1   1256   2001
      2     68      1      1      6      5      9      5      1   1206   1342
      2     68      1      1      7      5      4      5      1    792   1241
      2     68      1      1      8      5     11      5      1   1447   2521
      2     68      1      1      9      5      4      5      1    928    847
      2     68      1      1     10      3     11      3      1   1265   1219
      2     68      1      1     11      3     10      3      1    602   1312
      2     68      1      1     12      4      5      3      0    856    740
      2     68      1      1     13      4      5      4      1   1226    607
      2     68      1      1     14      1      1      4      0    708   1144
      2     68      1      1     15      1     11      6      0    945   1727
      2     68      1      1     16      1     11      1      1    993    996
      2     68      1      2      1      6     16      7      0   2875     -1
      2     68      1      2      2      3     14      3      1   1648     -1
      2     68      1      2      3      6      5      3      0   2666     -1
      2     68      1      2      4      3      2      3      1   3651     -1
      2     68      1      2      5      1      2      1      1   4150     -1
      2     68      1      2      6      8      8      8      1   1866     -1
      2     68      1      2      7      4      1      4      1   2550     -1
      2     68      1      2      8      2      4      2      1   1781     -1
      2     68      1      2      9      7      8      4      0   1716     -1
      2     68      1      2     10      5     12      5      1   1510     -1
      2     68      1      2     11      7     15      3      0   1762     -1
      2     68      1      2     12      5      2      5      1   1493     -1
      2     68      1      2     13      2      3      1      0   1932     -1
      2     68      1      2     14      8      6      8      1   1432     -1
      2     68      1      2     15      1     16      3      0   1444     -1
      2     68      1      2     16      4      3      4      1   3350     -1
      2     68      2      1      1      3     11      3      1    958   4383
      2     68      2      1      2      5      6      5      1    978    861
      2     68      2      1      3      1     11      4      0    885    792
      2     68      2      1      4      7     14      1      0    993    800
      2     68      2      1      5      8     10      7      0   3132   1643
      2     68      2      1      6      2     16      4      0   1480   1074
      2     68      2      1      7      4     10      3      0   1692   1045
      2     68      2      1      8      1     14      1      1   1206    951
      2     68      2      1      9      8      9      8      1    892   2282
      2     68      2      1     10      7     10      7      1   1321   1115
      2     68      2      1     11      3     10      3      1   1420    937
      2     68      2      1     12      4      5      4      1   1965    796
      2     68      2      1     13      7     13      6      0   1104    920
      2     68      2      1     14      6      8      6      1    919    791
      2     68      2      1     15      6     11      6      1    893   1125
      2     68      2      1     16      1      7      2      0   1603   1182
      2     68      2      2      1      1      3      1      1   4554     -1
      2     68      2      2      2      4     14      4      1   3501     -1
      2     68      2      2      3      3     12      7      0   4068     -1
      2     68      2      2      4      6     10      6      1   2329     -1
      2     68      2      2      5      8      2      8      1   1510     -1
      2     68      2      2      6      6      6      7      0   1600     -1
      2     68      2      2      7      3      9      2      0   3334     -1
      2     68      2      2      8      2      1      2      1   2849     -1
      2     68      2      2      9      7      7      4      0   1398     -1
      2     68      2      2     10      5     14      5      1   1164     -1
      2     68      2      2     11      4      9      2      0   3429     -1
      2     68      2      2     12      8     15      8      1   2499     -1
      2     68      2      2     13      1      6      4      0   1683     -1
      2     68      2      2     14      7      6      6      0   1331     -1
      2     68      2      2     15      2      2      1      0   2278     -1
      2     68      2      2     16      5     10      5      1   1314     -1
      2     68      3      1      1      8      9      8      1    775   4497
      2     68      3      1      2      8     10      8      1    804   1223
      2     68      3      1      3      8      3      8      1   1194   3757
      2     68      3      1      4      2      6      2      1    908   1290
      2     68      3      1      5      2      9      2      1    889    740
      2     68      3      1      6      4     11      2      0    994   1043
      2     68      3      1      7      4      8      4      1    612   2704
      2     68      3      1      8      1      1      1      1   1084   2501
      2     68      3      1      9      6     13      7      0   1244   1092
      2     68      3      1     10      3      7      6      0   1205   4839
      2     68      3      1     11      3      8      3      1    710   1224
      2     68      3      1     12      1      1      2      0   1284   1459
      2     68      3      1     13      2     10      4      0    925   1694
      2     68      3      1     14      2      5      2      1    877   1093
      2     68      3      1     15      6     15      7      0    779   1903
      2     68      3      1     16      7     16      6      0   1009   1468
      2     68      3      2      1      6      7      6      1   4722     -1
      2     68      3      2      2      5      8      5      1   1531     -1
      2     68      3      2      3      3     15      1      0   1510     -1
      2     68      3      2      4      8      4      8      1   1314     -1
      2     68      3      2      5      8     14      8      1   1165     -1
      2     68      3      2      6      4     12      2      0   1898     -1
      2     68      3      2      7      5      5      5      1   1581     -1
      2     68      3      2      8      7      5      7      1   1898     -1
      2     68      3      2      9      2     14      4      0   2649     -1
      2     68      3      2     10      6      9      6      1   1515     -1
      2     68      3      2     11      2     13      2      1   2048     -1
      2     68      3      2     12      1     10      4      0   1265     -1
      2     68      3      2     13      4     16      4      1   1515     -1
      2     68      3      2     14      3     13      6      0   1615     -1
      2     68      3      2     15      1      4      1      1   2115     -1
      2     68      3      2     16      7      4      7      1   2750     -1
      2     68      4      1      1      4     13      4      1   1622   1224
      2     68      4      1      2      4     15      4      1    649    825
      2     68      4      1      3      3      8      1      0   1167   1347
      2     68      4      1      4      3     16      3      1    680   1430
      2     68      4      1      5      3      7      3      1    956    723
      2     68      4      1      6      6     15      6      1    700    858
      2     68      4      1      7      6      3      7      0    972   1325
      2     68      4      1      8      6     12      6      1    890   1762
      2     68      4      1      9      8      3      8      1    936   1393
      2     68      4      1     10      6     11      6      1   1016   1525
      2     68      4      1     11      6      8      6      1    761    718
      2     68      4      1     12      6     13      6      1    849   1510
      2     68      4      1     13      1      1      3      0    579   3385
      2     68      4      1     14      7     13      3      0   1056   2448
      2     68      4      1     15      3      7      1      0   1154   2561
      2     68      4      1     16      6     13      6      1   1229   1138
      2     68      4      2      1      6      9      6      1   2170     -1
      2     68      4      2      2      2      2      2      1   2417     -1
      2     68      4      2      3      5      5      5      1   1182     -1
      2     68      4      2      4      4     12      4      1   1366     -1
      2     68      4      2      5      1     10      4      0    998     -1
      2     68      4      2      6      4     14      4      1   3512     -1
      2     68      4      2      7      8      8      8      1   2061     -1
      2     68      4      2      8      3     15      3      1   2649     -1
      2     68      4      2      9      2      3      2      1   1226     -1
      2     68      4      2     10      7      6      7      1   2449     -1
      2     68      4      2     11      8     14      8      1   1211     -1
      2     68      4      2     12      7      8      7      1   1198     -1
      2     68      4      2     13      1      3      1      1   2800     -1
      2     68      4      2     14      3      9      3      1   2666     -1
      2     68      4      2     15      5     14      5      1   1199     -1
      2     68      4      2     16      6     10      6      1   2332     -1
      2     68      5      1      1      2      5      2      1   1464   2763
      2     68      5      1      2      5      9      5      1   1020    818
      2     68      5      1      3      8     13      8      1   1013    976
      2     68      5      1      4      5     11      5      1   1002   1003
      2     68      5      1      5      2      6      2      1   1105   1115
      2     68      5      1      6      2      9      2      1    958    771
      2     68      5      1      7      7      2      3      0   1338    928
      2     68      5      1      8      8      3      8      1    936   1214
      2     68      5      1      9      6     12      6      1   1083   1234
      2     68      5      1     10      7     12      7      1   1255    870
      2     68      5      1     11      2      8      2      1    820   1082
      2     68      5      1     12      6     15      6      1    898   1524
      2     68      5      1     13      4     11      4      1   1822    887
      2     68      5      1     14      3      7      3      1   1096   1131
      2     68      5      1     15      7     16      7      1   1805   2693
      2     68      5      1     16      6      3      6      1    954   1277
      2     68      5      2      1      2      1      2      1   2001     -1
      2     68      5      2      2      1      4      1      1   4251     -1
      2     68      5      2      3      4     16      4      1   1783     -1
      2     68      5      2      4      2     14      8      0   3932     -1
      2     68      5      2      5      5     10      5      1   1265     -1
      2     68      5      2      6      8      4      8      1   1594     -1
      2     68      5      2      7      3      2      3      1   8840     -1
      2     68      5      2      8      7      4      3      0   1794     -1
      2     68      5      2      9      7     15      7      1   1332     -1
      2     68      5      2     10      6     16      6      1   1465     -1
      2     68      5      2     11      5     12      5      1   1198     -1
      2     68      5      2     12      3     12      3      1   4765     -1
      2     68      5      2     13      1     16      3      0   1599     -1
      2     68      5      2     14      6      6      6      1   1598     -1
      2     68      5      2     15      8     15      8      1   1632     -1
      2     68      5      2     16      4      9      4      1   2866     -1
      2     68      6      1      1      4      8      4      1    916   1078
      2     68      6      1      2      1      5      1      1   1275    754
      2     68      6      1      3      1      9      4      0   1144    962
      2     68      6      1      4      3      8      7      0   1334    680
      2     68      6      1      5      5      4      5      1    839   1072
      2     68      6      1      6      3      6      3      1   1319    613
      2     68      6      1      7      3     16      1      0   1265   1186
      2     68      6      1      8      8     16      8      1    772   1064
      2     68      6      1      9      5      7      5      1    815   1170
      2     68      6      1     10      2     10      2      1    952   1020
      2     68      6      1     11      1      1      1      1   1843   1045
      2     68      6      1     12      8      5      8      1   1092    850
      2     68      6      1     13      6     13      6      1   1347    878
      2     68      6      1     14      4     15      1      0   2367   1039
      2     68      6      1     15      4     13      4      1    655   1943
      2     68      6      1     16      1      7      3      0    881    991
      2     68      6      2      1      1      6      3      0   2286     -1
      2     68      6      2      2      3     13      7      0   1531     -1
      2     68      6      2      3      8      6      8      1   1147     -1
      2     68      6      2      4      4      1      4      1   4217     -1
      2     68      6      2      5      5      8      5      1   1766     -1
      2     68      6      2      6      4      3      4      1   2048     -1
      2     68      6      2      7      3     14      1      0   1165     -1
      2     68      6      2      8      7      5      7      1   3166     -1
      2     68      6      2      9      7      7      7      1   2166     -1
      2     68      6      2     10      8      2      8      1   1198     -1
      2     68      6      2     11      6      5      6      1   1511     -1
      2     68      6      2     12      6      7      6      1   1115     -1
      2     68      6      2     13      2      4      2      1   1515     -1
      2     68      6      2     14      1      2      4      0   1514     -1
      2     68      6      2     15      5      2      5      1   1232     -1
      2     68      6      2     16      2     13      2      1   1635     -1
      2     68      7      1      1      1     14      4      0   1519   2722
      2     68      7      1      2      8      9      8      1    833    821
      2     68      7      1      3      7     10      7      1   2254   1036
      2     68      7      1      4      3     10      1      0    925   1127
      2     68      7      1      5      4      5      3      0   1253    743
      2     68      7      1      6      7     13      7      1   1064   1544
      2     68      7      1      7      6      8      6      1    743    881
      2     68      7      1      8      6     11      6      1    746    993
      2     68      7      1      9      4     10      4      1   3253   1078
      2     68      7      1     10      2     16      2      1    915   1023
      2     68      7      1     11      8     10      8      1    957    884
      2     68      7      1     12      5     16      5      1    858    916
      2     68      7      1     13      7     14      4      0   1683   1526
      2     68      7      1     14      1     11      4      0   1008    965
      2     68      7      1     15      5      6      5      1   1016   1623
      2     68      7      1     16      3     11      1      0   1087    920
      2     68      7      2      1      8      8      8      1   3193     -1
      2     68      7      2      2      7      5      7      1   2332     -1
      2     68      7      2      3      1      3      1      1   2283     -1
      2     68      7      2      4      3     13      7      0   1498     -1
      2     68      7      2      5      5      8      5      1   1599     -1
      2     68      7      2      6      4      9      4      1   3333     -1
      2     68      7      2      7      6     16      6      1   1348     -1
      2     68      7      2      8      8     15      8      1   1466     -1
      2     68      7      2      9      7      6      7      1   1481     -1
      2     68      7      2     10      2      4      2      1   1061     -1
      2     68      7      2     11      6      9      6      1   1565     -1
      2     68      7      2     12      5     14      5      1   1249     -1
      2     68      7      2     13      3      2      3      1   1331     -1
      2     68      7      2     14      4     16      2      0   1031     -1
      2     68      7      2     15      2      1      2      1   1131     -1
      2     68      7      2     16      1     10      1      1   2249     -1
      2     68      8      1      1      4     10      3      0   1809   3564
      2     68      8      1      2      6     11      6      1    904   1212
      2     68      8      1      3      5      7      5      1    912   1090
      2     68      8      1      4      8     16      8      1   1250    891
      2     68      8      1      5      6     12      6      1   1049    942
      2     68      8      1      6      2      5      2      1    993   1289
      2     68      8      1      7      2     16      2      1   2986   1151
      2     68      8      1      8      6      8      6      1    805    903
      2     68      8      1      9      2     10      2      1    598    909
      2     68      8      1     10      3     16      1      0   1502   1962
      2     68      8      1     11      2      8      2      1    978   4471
      2     68      8      1     12      7     12      7      1   1461   1776
      2     68      8      1     13      5      9      5      1   1591    982
      2     68      8      1     14      8     13      8      1   1129   1920
      2     68      8      1     15      3      6      7      0   1325   3485
      2     68      8      1     16      1      1      1      1   1469    873
      2     68      8      2      1      5     10      5      1   1702     -1
      2     68      8      2      2      5     12      5      1    982     -1
      2     68      8      2      3      1      6      4      0   4430     -1
      2     68      8      2      4      6      7      6      1   1015     -1
      2     68      8      2      5      2     14      4      0   5219     -1
      2     68      8      2      6      4     14      4      1   1999     -1
      2     68      8      2      7      7      7      7      1   1214     -1
      2     68      8      2      8      8      2      8      1    993     -1
      2     68      8      2      9      3     12      7      0   1132     -1
      2     68      8      2     10      8      4      8      1   1614     -1
      2     68      8      2     11      2     13      2      1   1231     -1
      2     68      8      2     12      4      3      3      0   3181     -1
      2     68      8      2     13      6      5      6      1   1132     -1
      2     68      8      2     14      7      4      4      0   2733     -1
      2     68      8      2     15      3      9      4      0  10303     -1
      2     68      8      2     16      1      2      2      0   1881     -1
      2     68      9      1      1      7     13      7      1    857   4396
      2     68      9      1      2      8     10      8      1    803    979
      2     68      9      1      3      5     16      5      1    790    804
      2     68      9      1      4      4      5      3      0   1056    918
      2     68      9      1      5      1      1      1      1   2463    912
      2     68      9      1      6      8      5      8      1    648   8363
      2     68      9      1      7      5      4      5      1    814   2228
      2     68      9      1      8      6     15      6      1    693    913
      2     68      9      1      9      2      6      2      1   1075   1388
      2     68      9      1     10      4     11      3      0   1397   1089
      2     68      9      1     11      3      8      7      0   1189   1599
      2     68      9      1     12      6     13      6      1    839    496
      2     68      9      1     13      3     10      3      1   1964    830
      2     68      9      1     14      1      7      1      1    791   2037
      2     68      9      1     15      3      7      3      1   1290   2788
      2     68      9      1     16      7     10      4      0    637   1910
      2     68      9      2      1      8     14      8      1   2202     -1
      2     68      9      2      2      5      2      5      1   1048     -1
      2     68      9      2      3      1      4      4      0   4551     -1
      2     68      9      2      4      7     15      7      1   2382     -1
      2     68      9      2      5      3     14      3      1   5231     -1
      2     68      9      2      6      1     16      3      0   4100     -1
      2     68      9      2      7      6     10      6      1   1965     -1
      2     68      9      2      8      4      1      4      1   2483     -1
      2     68      9      2      9      8      6      8      1   2065     -1
      2     68      9      2     10      6      6      6      1   2745     -1
      2     68      9      2     11      4     12      4      1   3251     -1
      2     68      9      2     12      2      3      2      1   1865     -1
      2     68      9      2     13      3     15      3      1   2133     -1
      2     68      9      2     14      7      8      7      1   2082     -1
      2     68      9      2     15      5      5      5      1   1498     -1
      2     68      9      2     16      2      2      2      1   1282     -1
