      2     61      1      1      1      5      2      5      1   2308   2277
      2     61      1      1      2      2      5      8      0   3213   2604
      2     61      1      1      3      7      8      3      0   2244   1603
      2     61      1      1      4      5     12      1      0   4324   3825
      2     61      1      1      5      1      2      7      0   1658   6039
      2     61      1      1      6      6     16      2      0   2093   3195
      2     61      1      1      7      2      2      8      0   2560   2950
      2     61      1      1      8      1      9      2      0   1877   1197
      2     61      1      1      9      8      5      3      0   2196   1412
      2     61      1      1     10      8     15      8      1   1698   2783
      2     61      1      1     11      4     12      7      0   2492   3560
      2     61      1      1     12      3     13      4      0   2698   3895
      2     61      1      1     13      3      2      3      1   1197   2963
      2     61      1      1     14      3     11      3      1   1351   1371
      2     61      1      1     15      5      7      1      0   1202   3795
      2     61      1      1     16      5     10      5      1    909   1181
      2     61      1      2      1      5     16      5      1   1605     -1
      2     61      1      2      2      5      6      1      0   4139     -1
      2     61      1      2      3      3     16      4      0   3013     -1
      2     61      1      2      4      8      9      6      0   2891     -1
      2     61      1      2      5      6      7      2      0   5257     -1
      2     61      1      2      6      6      9      2      0   3591     -1
      2     61      1      2      7      7     14      8      0   2976     -1
      2     61      1      2      8      1      1      7      0   2192     -1
      2     61      1      2      9      2      1      7      0   2025     -1
      2     61      1      2     10      1      3      7      0   2909     -1
      2     61      1      2     11      4      5      8      0   2058     -1
      2     61      1      2     12      4      1      8      0   1443     -1
      2     61      1      2     13      8      8      6      0   1424     -1
      2     61      1      2     14      7     12      4      0   3024     -1
      2     61      1      2     15      3      9      4      0   1426     -1
      2     61      1      2     16      2      9      7      0   1642     -1
      2     61      2      1      1      5      7      5      1   1290   4273
      2     61      2      1      2      1      9      7      0   1050   1847
      2     61      2      1      3      2      2      1      0    924   1841
      2     61      2      1      4      4     12      1      0   1079   1358
      2     61      2      1      5      1      9      1      1    828   1084
      2     61      2      1      6      1      6      1      1   1144   1885
      2     61      2      1      7      2      5      2      1   1190   6345
      2     61      2      1      8      2      4      2      1    942   1004
      2     61      2      1      9      2      8      2      1    983   1045
      2     61      2      1     10      2     10      3      0   1299   3322
      2     61      2      1     11      4      9      2      0   1245   2493
      2     61      2      1     12      3     11      4      0   1151   3634
      2     61      2      1     13      7     15      3      0   1201   1913
      2     61      2      1     14      3      2      6      0   1159   1235
      2     61      2      1     15      3      8      3      1   1131   2127
      2     61      2      1     16      2      4      2      1   2542   1329
      2     61      2      2      1      3     14      3      1   6011     -1
      2     61      2      2      2      2     16      2      1   4825     -1
      2     61      2      2      3      5      9      5      1   1409     -1
      2     61      2      2      4      8      4      6      0   2626     -1
      2     61      2      2      5      1      7      4      0   1514     -1
      2     61      2      2      6      6      8      1      0   2297     -1
      2     61      2      2      7      7      7      1      0   3230     -1
      2     61      2      2      8      4     15      1      0   2114     -1
      2     61      2      2      9      5      4      5      1   1847     -1
      2     61      2      2     10      6     13      4      0   2797     -1
      2     61      2      2     11      4      3      3      0   4164     -1
      2     61      2      2     12      8     16      6      0   1680     -1
      2     61      2      2     13      3     12      3      1   1514     -1
      2     61      2      2     14      1     10      8      0   1427     -1
      2     61      2      2     15      7      6      1      0   3024     -1
      2     61      2      2     16      2      3      2      1   2675     -1
      2     61      3      1      1      2      8      2      1   1017   3304
      2     61      3      1      2      2      4      2      1   1091   2178
      2     61      3      1      3      2      5      2      1    908    755
      2     61      3      1      4      2     10      2      1   1319   1461
      2     61      3      1      5      4     13      4      1   1093   4062
      2     61      3      1      6      2     14      4      0   1012   1247
      2     61      3      1      7      3     11      4      0    973   1860
      2     61      3      1      8      4     14      4      1   1420   2973
      2     61      3      1      9      3     15      4      0    942   1966
      2     61      3      1     10      4     13      4      1   1109   5769
      2     61      3      1     11      4     14      4      1    956   1118
      2     61      3      1     12      3      8      3      1   1853   2174
      2     61      3      1     13      7     15      3      0   1056   3790
      2     61      3      1     14      3      2      3      1   1651   2731
      2     61      3      1     15      7     15      7      1   1125   1823
      2     61      3      1     16      6     10      7      0   1203   2271
      2     61      3      2      1      7      4      6      0   3260     -1
      2     61      3      2      2      3      6      3      1   2978     -1
      2     61      3      2      3      8     10      8      1   2158     -1
      2     61      3      2      4      4     16      4      1   2176     -1
      2     61      3      2      5      4     10      6      0   2125     -1
      2     61      3      2      6      2      6      2      1   1625     -1
      2     61      3      2      7      1     11      7      0   2308     -1
      2     61      3      2      8      8      3      8      1   1924     -1
      2     61      3      2      9      7     13      6      0   2009     -1
      2     61      3      2     10      6     12      4      0   3176     -1
      2     61      3      2     11      5      5      5      1   1742     -1
      2     61      3      2     12      2     13      2      1   1526     -1
      2     61      3      2     13      6     11      3      0   1391     -1
      2     61      3      2     14      5     14      5      1   1440     -1
      2     61      3      2     15      1     16      6      0   1959     -1
      2     61      3      2     16      3      7      6      0   1875     -1
      2     61      4      1      1      8      5      8      1    760   4672
      2     61      4      1      2      8     14      8      1    891    758
      2     61      4      1      3      8     15      8      1   1503   4793
      2     61      4      1      4      8     13      8      1   1198   2960
      2     61      4      1      5      2      5      2      1   1110   2407
      2     61      4      1      6      4     12      7      0    989   1431
      2     61      4      1      7      4     11      4      1    886   2158
      2     61      4      1      8      4     12      4      1    837   2661
      2     61      4      1      9      5      7      1      0   1053   3711
      2     61      4      1     10      6      3      6      1   1178   1980
      2     61      4      1     11      6      5      6      1   1220   1516
      2     61      4      1     12      6     15      6      1   1149   1357
      2     61      4      1     13      3      8      7      0   1212   4227
      2     61      4      1     14      3      2      3      1   1803   1305
      2     61      4      1     15      3     11      7      0   1435   1306
      2     61      4      1     16      7     15      7      1   1136   1633
      2     61      4      2      1      2     16      4      0   4228     -1
      2     61      4      2      2      6      7      6      1   2175     -1
      2     61      4      2      3      7     13      7      1   1758     -1
      2     61      4      2      4      8     16      8      1   2326     -1
      2     61      4      2      5      3      7      4      0   4260     -1
      2     61      4      2      6      4     15      3      0   3008     -1
      2     61      4      2      7      6     13      6      1   1376     -1
      2     61      4      2      8      2      6      4      0   1724     -1
      2     61      4      2      9      5      6      5      1   1343     -1
      2     61      4      2     10      1     16      3      0   5812     -1
      2     61      4      2     11      7     12      3      0   1276     -1
      2     61      4      2     12      3      9      7      0   3175     -1
      2     61      4      2     13      8      8      8      1   1392     -1
      2     61      4      2     14      1     11      6      0   1408     -1
      2     61      4      2     15      4     16      4      1   4275     -1
      2     61      4      2     16      5     16      5      1   1297     -1
      2     61      5      1      1      8      2      8      1    867   5083
      2     61      5      1      2      2      5      4      0   1049   1309
      2     61      5      1      3      2      5      2      1    845   1195
      2     61      5      1      4      2      4      2      1    939   1104
      2     61      5      1      5      2      8      2      1    860   1102
      2     61      5      1      6      2     10      2      1   1102   1042
      2     61      5      1      7      2     14      4      0   1049   2243
      2     61      5      1      8      4     13      2      0   1118   1421
      2     61      5      1      9      6      3      6      1   1461   1165
      2     61      5      1     10      6      6      6      1   1411   1361
      2     61      5      1     11      6      5      3      0   1178   1344
      2     61      5      1     12      3     11      3      1   1020   1696
      2     61      5      1     13      3      2      3      1   1066   1179
      2     61      5      1     14      3      8      3      1    873    942
      2     61      5      1     15      2      4      2      1    810   1330
      2     61      5      1     16      8     13      8      1   1197   2258
      2     61      5      2      1      6      8      6      1   2643     -1
      2     61      5      2      2      2      3      4      0   4408     -1
      2     61      5      2      3      5      4      5      1   1376     -1
      2     61      5      2      4      6      9      6      1   1543     -1
      2     61      5      2      5      3      6      3      1   2825     -1
      2     61      5      2      6      7      6      7      1   3744     -1
      2     61      5      2      7      4      3      3      0   2475     -1
      2     61      5      2      8      3     12      3      1   2143     -1
      2     61      5      2      9      7     14      7      1   1775     -1
      2     61      5      2     10      4      1      4      1   2107     -1
      2     61      5      2     11      1     10      4      0   1230     -1
      2     61      5      2     12      5     14      5      1   1325     -1
      2     61      5      2     13      2      9      2      1   3226     -1
      2     61      5      2     14      1      7      3      0   1226     -1
      2     61      5      2     15      8      4      8      1   1326     -1
      2     61      5      2     16      8      3      8      1   1758     -1
      2     61      6      1      1      3      8      3      1    926   3521
      2     61      6      1      2      3      2      3      1   1021   1190
      2     61      6      1      3      3     11      3      1    954   1500
      2     61      6      1      4      7     15      7      1   1537   1988
      2     61      6      1      5      3     10      7      0    807   1380
      2     61      6      1      6      3     13      3      1   1120   2927
      2     61      6      1      7      3      8      3      1   1081   1423
      2     61      6      1      8      2      2      4      0   1033   1536
      2     61      6      1      9      2      4      2      1    763   1344
      2     61      6      1     10      1      9      4      0    958    793
      2     61      6      1     11      1      9      1      1    817   1877
      2     61      6      1     12      1     14      1      1    701   2930
      2     61      6      1     13      4     12      1      0    913   2573
      2     61      6      1     14      1      5      1      1    928   1587
      2     61      6      1     15      1     14      1      1    851   1172
      2     61      6      1     16      1      9      4      0   1219   1141
      2     61      6      2      1      3     14      3      1   3194     -1
      2     61      6      2      2      4      5      4      1   4692     -1
      2     61      6      2      3      6     11      6      1   1075     -1
      2     61      6      2      4      1      3      4      0   1508     -1
      2     61      6      2      5      2     13      2      1   3275     -1
      2     61      6      2      6      5      5      5      1   2259     -1
      2     61      6      2      7      8     10      8      1   1192     -1
      2     61      6      2      8      4     10      4      1   2909     -1
      2     61      6      2      9      1      1      4      0   1275     -1
      2     61      6      2     10      2      1      2      1    941     -1
      2     61      6      2     11      6     12      6      1   1225     -1
      2     61      6      2     12      7      7      7      1   2026     -1
      2     61      6      2     13      3     16      3      1   1174     -1
      2     61      6      2     14      7      4      3      0   1859     -1
      2     61      6      2     15      5      9      5      1   1124     -1
      2     61      6      2     16      8      9      8      1   1308     -1
      2     61      7      1      1      1      6      4      0   1587   4760
      2     61      7      1      2      1      6      1      1   1427    969
      2     61      7      1      3      1      5      1      1   1088   1288
      2     61      7      1      4      1     14      1      1    746    884
      2     61      7      1      5      8      2      8      1    964   1177
      2     61      7      1      6      3     13      3      1    983   1616
      2     61      7      1      7      7     15      7      1    977    869
      2     61      7      1      8      7      8      4      0    871   1860
      2     61      7      1      9      7      8      7      1   1905   1217
      2     61      7      1     10      6      6      6      1   1289   1266
      2     61      7      1     11      8     15      8      1   1150   1289
      2     61      7      1     12      6     16      6      1   1077   1261
      2     61      7      1     13      2      5      2      1   1266   2500
      2     61      7      1     14      8     13      8      1    891   1347
      2     61      7      1     15      7      8      4      0   1086   1649
      2     61      7      1     16      3     15      3      1    956   2464
      2     61      7      2      1      3     16      3      1   2044     -1
      2     61      7      2      2      4      3      1      0   2790     -1
      2     61      7      2      3      5     16      5      1   1391     -1
      2     61      7      2      4      1      1      3      0   3409     -1
      2     61      7      2      5      1      7      3      0   1025     -1
      2     61      7      2      6      5     14      5      1    991     -1
      2     61      7      2      7      8      8      8      1   1241     -1
      2     61      7      2      8      3     12      3      1   1493     -1
      2     61      7      2      9      4      1      1      0   1110     -1
      2     61      7      2     10      8      9      8      1    993     -1
      2     61      7      2     11      2      1      2      1   1525     -1
      2     61      7      2     12      7      6      6      0   1128     -1
      2     61      7      2     13      2     13      2      1   1508     -1
      2     61      7      2     14      6      7      6      1   1342     -1
      2     61      7      2     15      7     14      7      1   2541     -1
      2     61      7      2     16      6     11      6      1   1025     -1
      2     61      8      1      1      7     15      7      1    991   5189
      2     61      8      1      2      6     10      6      1    894    935
      2     61      8      1      3      7      2      7      1   1391   3707
      2     61      8      1      4      1      5      1      1   1285   1501
      2     61      8      1      5      8     13      8      1    853   1058
      2     61      8      1      6      2      4      2      1   1021    874
      2     61      8      1      7      3     10      3      1    727    820
      2     61      8      1      8      1      9      1      1   1317   1864
      2     61      8      1      9      6      5      6      1    950   1061
      2     61      8      1     10      6      6      6      1    997   2145
      2     61      8      1     11      3      2      4      0   1357   3496
      2     61      8      1     12      2     10      2      1   1025   2003
      2     61      8      1     13      4     14      4      1   1170    976
      2     61      8      1     14      4     13      4      1   1249   2417
      2     61      8      1     15      3     15      3      1    870   1336
      2     61      8      1     16      4     13      4      1   1093    820
      2     61      8      2      1      5      6      5      1   1328     -1
      2     61      8      2      2      2      9      2      1   1675     -1
      2     61      8      2      3      7      4      3      0   1092     -1
      2     61      8      2      4      1     10      1      1   1726     -1
      2     61      8      2      5      6     13      6      1   1242     -1
      2     61      8      2      6      1      3      1      1   1408     -1
      2     61      8      2      7      2     16      2      1   4891     -1
      2     61      8      2      8      7     12      7      1   3076     -1
      2     61      8      2      9      4      5      7      0   3025     -1
      2     61      8      2     10      3      7      6      0   1925     -1
      2     61      8      2     11      3      6      3      1   1460     -1
      2     61      8      2     12      6     12      6      1   1213     -1
      2     61      8      2     13      8     16      8      1   1307     -1
      2     61      8      2     14      8      4      8      1   1107     -1
      2     61      8      2     15      5      9      5      1   1092     -1
      2     61      8      2     16      4     15      4      1   2258     -1
      2     61      9      1      1      4     13      4      1    890  17209
      2     61      9      1      2      4     14      4      1    977    925
      2     61      9      1      3      2     10      2      1   1140   2756
      2     61      9      1      4      5     10      5      1    924    825
      2     61      9      1      5      8      6      8      1    845   1295
      2     61      9      1      6      6     10      7      0   1149   1146
      2     61      9      1      7      7     15      7      1   1905   1485
      2     61      9      1      8      6      5      6      1   1148   1142
      2     61      9      1      9      1      9      1      1    763   1802
      2     61      9      1     10      2      5      2      1   1292   1233
      2     61      9      1     11      4      8      1      0   2807   1542
      2     61      9      1     12      4     13      4      1    992   2250
      2     61      9      1     13      4      8      4      1   1071   1188
      2     61      9      1     14      4     14      4      1    848   1097
      2     61      9      1     15      3     13      3      1   1418   1254
      2     61      9      1     16      2     10      2      1    912   1051
      2     61      9      2      1      6      8      6      1   3794     -1
      2     61      9      2      2      7      7      7      1   1475     -1
      2     61      9      2      3      8      3      8      1   1008     -1
      2     61      9      2      4      1     16      1      1   1591     -1
      2     61      9      2      5      2      3      1      0   1574     -1
      2     61      9      2      6      4     10      4      1   2628     -1
      2     61      9      2      7      1     11      6      0   1210     -1
      2     61      9      2      8      5      5      5      1   1376     -1
      2     61      9      2      9      3     14      6      0   2724     -1
      2     61      9      2     10      4     16      4      1   1809     -1
      2     61      9      2     11      7     13      7      1   1091     -1
      2     61      9      2     12      3      9      3      1   2126     -1
      2     61      9      2     13      5      4      5      1   1209     -1
      2     61      9      2     14      2      6      2      1   1126     -1
      2     61      9      2     15      8     10      8      1   1144     -1
      2     61      9      2     16      6      9      6      1    943     -1
