      1    195      1      1      1      3     15      5      0   4962
      1    195      1      1      2      7     12      5      0  11035
      1    195      1      1      3      5      9      5      1   1878
      1    195      1      1      4      2      4      2      1   2677
      1    195      1      1      5      5     10      5      1   2248
      1    195      1      1      6      6     12      8      0   6398
      1    195      1      1      7      7     15      4      0   2244
      1    195      1      1      8      6     10      1      0   4987
      1    195      1      1      9      3     10      2      0   5251
      1    195      1      1     10      1      2      4      0   4738
      1    195      1      1     11      4     11      2      0   3220
      1    195      1      1     12      1      5      3      0   6559
      1    195      1      1     13      4     10      5      0   1305
      1    195      1      1     14      8      8      8      1   2289
      1    195      1      1     15      2      6      5      0   1417
      1    195      1      1     16      8      2      8      1   1702
      1    195      1      2      1      4     12      2      0   1424
      1    195      1      2      2      8      9      8      1   1624
      1    195      1      2      3      6     11      3      0   4610
      1    195      1      2      4      7     10      7      1   2996
      1    195      1      2      5      5     14      5      1   1307
      1    195      1      2      6      2      9      2      1   1641
      1    195      1      2      7      4     16      2      0   1610
      1    195      1      2      8      2     13      1      0   1644
      1    195      1      2      9      6     16      3      0   1343
      1    195      1      2     10      5      6      5      1   1494
      1    195      1      2     11      1     11      1      1   7660
      1    195      1      2     12      8     14      8      1   1627
      1    195      1      2     13      1      6      2      0   1527
      1    195      1      2     14      3     16      7      0   2743
      1    195      1      2     15      7      2      7      1   1910
      1    195      1      2     16      3     14      6      0   2827
      1    195      2      1      1      2      2      2      1   6698
      1    195      2      1      2      6      6      3      0   1289
      1    195      2      1      3      4      3      6      0   1990
      1    195      2      1      4      1      9      2      0   2380
      1    195      2      1      5      4      1      6      0   3030
      1    195      2      1      6      7     14      6      0   2029
      1    195      2      1      7      3      6      2      0   1738
      1    195      2      1      8      2     16      2      1   2200
      1    195      2      1      9      5      5      5      1   1364
      1    195      2      1     10      7      5      6      0   2146
      1    195      2      1     11      6      8      3      0   1159
      1    195      2      1     12      8     16      8      1   1232
      1    195      2      1     13      1      7      7      0   2053
      1    195      2      1     14      5      8      5      1   1513
      1    195      2      1     15      3     12      1      0   7775
      1    195      2      1     16      8     10      8      1   1096
      1    195      2      2      1      1     14      3      0   1314
      1    195      2      2      2      6      3      1      0   3394
      1    195      2      2      3      2     10      5      0   1527
      1    195      2      2      4      1      1      6      0   2126
      1    195      2      2      5      8     13      8      1   1360
      1    195      2      2      6      2      5      2      1   2628
      1    195      2      2      7      8      6      8      1   1082
      1    195      2      2      8      5      7      5      1   1130
      1    195      2      2      9      6      9      1      0   3495
      1    195      2      2     10      4     15      6      0   3411
      1    195      2      2     11      3      9      6      0   1394
      1    195      2      2     12      7     13      1      0   5143
      1    195      2      2     13      7      4      3      0   4677
      1    195      2      2     14      4      5      1      0   4160
      1    195      2      2     15      5     16      5      1   1160
      1    195      2      2     16      3     13      3      1   1412
      1    195      3      1      1      4     14      2      0   2418
      1    195      3      1      2      1     10      8      0   1274
      1    195      3      1      3      1      4      4      0   4044
      1    195      3      1      4      7      6      3      0   4646
      1    195      3      1      5      5     12      5      1   1004
      1    195      3      1      6      4      8      4      1   2945
      1    195      3      1      7      6     15      3      0   3173
      1    195      3      1      8      2     14      8      0   4499
      1    195      3      1      9      6      7      7      0   3439
      1    195      3      1     10      3      7      6      0   1537
      1    195      3      1     11      7     16      4      0   2778
      1    195      3      1     12      8      3      8      1   1193
      1    195      3      1     13      5      4      5      1   1137
      1    195      3      1     14      2      8      2      1   1281
      1    195      3      1     15      8      4      8      1   1211
      1    195      3      1     16      3      2      6      0   2870
      1    195      3      2      1      3      8      3      1   1863
      1    195      3      2      2      6      5      4      0   2926
      1    195      3      2      3      5     11      5      1   1043
      1    195      3      2      4      7      8      6      0   2577
      1    195      3      2      5      2      3      2      1   1460
      1    195      3      2      6      2      1      2      1   1926
      1    195      3      2      7      8     15      8      1   1043
      1    195      3      2      8      8      5      8      1   1460
      1    195      3      2      9      3     11      3      1   2393
      1    195      3      2     10      5      2      5      1   1793
      1    195      3      2     11      6     13      7      0   1861
      1    195      3      2     12      7      7      6      0   1061
      1    195      3      2     13      1      3      2      0   1277
      1    195      3      2     14      1     16      2      0   2411
      1    195      3      2     15      4     13      1      0   1393
      1    195      3      2     16      4      9      5      0   2628
      1    195      4      1      1      4     11      2      0   2136
      1    195      4      1      2      1      9      2      0   1430
      1    195      4      1      3      2     16      2      1   1862
      1    195      4      1      4      7      5      6      0   2255
      1    195      4      1      5      6      7      6      1   3960
      1    195      4      1      6      1      7      4      0   3481
      1    195      4      1      7      2      2      2      1    981
      1    195      4      1      8      5     12      5      1   1158
      1    195      4      1      9      6      6      6      1   5370
      1    195      4      1     10      5      9      5      1    857
      1    195      4      1     11      3     15      7      0   1978
      1    195      4      1     12      8      2      8      1   1106
      1    195      4      1     13      7     16      4      0   2098
      1    195      4      1     14      4      8      1      0   4993
      1    195      4      1     15      3     12      4      0   2149
      1    195      4      1     16      8     16      8      1   1127
      1    195      4      2      1      6     16      6      1   3429
      1    195      4      2      2      4     16      2      0   1427
      1    195      4      2      3      5     16      5      1    976
      1    195      4      2      4      7      8      7      1   4361
      1    195      4      2      5      2     13      2      1   2448
      1    195      4      2      6      8      6      8      1   1110
      1    195      4      2      7      1      6      1      1   4460
      1    195      4      2      8      8     15      8      1    909
      1    195      4      2      9      6      3      6      1   2579
      1    195      4      2     10      3     16      4      0   1576
      1    195      4      2     11      7     13      6      0   3628
      1    195      4      2     12      2      3      2      1   1994
      1    195      4      2     13      3     11      7      0   3727
      1    195      4      2     14      1      3      1      1   6293
      1    195      4      2     15      4      9      5      0   3711
      1    195      4      2     16      5      2      5      1    910
      1    195      5      1      1      5      5      5      1   1156
      1    195      5      1      2      3      6      4      0   1919
      1    195      5      1      3      6      8      6      1   3076
      1    195      5      1      4      8      4      8      1   1094
      1    195      5      1      5      2     14      2      1   3683
      1    195      5      1      6      7     12      7      1   1551
      1    195      5      1      7      4     10      2      0   2817
      1    195      5      1      8      4      1      1      0   2113
      1    195      5      1      9      1     10      1      1   3093
      1    195      5      1     10      6     12      6      1   2055
      1    195      5      1     11      7     15      7      1   1078
      1    195      5      1     12      3     10      3      1   2388
      1    195      5      1     13      1      5      4      0   4730
      1    195      5      1     14      5     10      5      1   1166
      1    195      5      1     15      8      8      8      1   1145
      1    195      5      1     16      2      4      5      0   1660
      1    195      5      2      1      6     13      6      1   4063
      1    195      5      2      2      7      4      6      0   1510
      1    195      5      2      3      3      9      3      1   2961
      1    195      5      2      4      7      2      6      0   1560
      1    195      5      2      5      8      5      8      1   1060
      1    195      5      2      6      8     14      8      1   1061
      1    195      5      2      7      1      1      1      1   4427
      1    195      5      2      8      4     13      1      0   1777
      1    195      5      2      9      3      8      3      1   3028
      1    195      5      2     10      2     10      2      1   3361
      1    195      5      2     11      5     14      5      1   1277
      1    195      5      2     12      1     16      1      1   5060
      1    195      5      2     13      5     11      5      1   1328
      1    195      5      2     14      4     15      3      0   2394
      1    195      5      2     15      6      9      6      1   4028
      1    195      5      2     16      2      9      2      1   1560
      1    195      6      1      1      8     10      8      1   2058
      1    195      6      1      2      1      4      4      0   4453
      1    195      6      1      3      6     15      6      1   1277
      1    195      6      1      4      6     10      6      1   1119
      1    195      6      1      5      7      6      7      1   1548
      1    195      6      1      6      7     14      7      1   1720
      1    195      6      1      7      5      8      5      1   1052
      1    195      6      1      8      2      6      2      1   1498
      1    195      6      1      9      3      7      3      1   2041
      1    195      6      1     10      1      2      1      1   2231
      1    195      6      1     11      8      3      8      1   1027
      1    195      6      1     12      3      2      7      0   4466
      1    195      6      1     13      2      8      2      1   1083
      1    195      6      1     14      4     14      1      0   2849
      1    195      6      1     15      5      4      5      1   1116
      1    195      6      1     16      4      3      3      0   2184
      1    195      6      2      1      3     13      7      0   4497
      1    195      6      2      2      6     11      6      1   1477
      1    195      6      2      3      4     12      1      0   3277
      1    195      6      2      4      6      5      6      1   1643
      1    195      6      2      5      4      5      4      1   1777
      1    195      6      2      6      7      7      7      1   4143
      1    195      6      2      7      8     13      8      1   1028
      1    195      6      2      8      5      7      5      1    928
      1    195      6      2      9      2      5      2      1    961
      1    195      6      2     10      2      1      2      1   2076
      1    195      6      2     11      1     11      1      1   5827
      1    195      6      2     12      1     14      2      0   3511
      1    195      6      2     13      5      6      5      1    894
      1    195      6      2     14      3     14      7      0   2111
      1    195      6      2     15      8      9      8      1   1010
      1    195      6      2     16      7     10      7      1   1794
      1    195      7      1      1      3     15      7      0   2067
      1    195      7      1      2      5      9      5      1    897
      1    195      7      1      3      1      4      1      1   1550
      1    195      7      1      4      6     15      6      1   2977
      1    195      7      1      5      8      2      8      1    989
      1    195      7      1      6      1     10      1      1   1754
      1    195      7      1      7      7     14      4      0   7269
      1    195      7      1      8      4      8      2      0   1464
      1    195      7      1      9      4     11      2      0    896
      1    195      7      1     10      6     10      6      1   2287
      1    195      7      1     11      2      8      2      1    950
      1    195      7      1     12      2     16      2      1   1779
      1    195      7      1     13      5      5      5      1   1071
      1    195      7      1     14      3      2      7      0   1496
      1    195      7      1     15      8      4      8      1    875
      1    195      7      1     16      7     15      7      1   3006
      1    195      7      2      1      3      8      7      0   2663
      1    195      7      2      2      3      9      3      1   3628
      1    195      7      2      3      4     13      4      1   3211
      1    195      7      2      4      6      9      6      1   1261
      1    195      7      2      5      5     11      5      1   1077
      1    195      7      2      6      7     13      6      0   1494
      1    195      7      2      7      2      9      2      1   1678
      1    195      7      2      8      1     16      1      1   1810
      1    195      7      2      9      8      9      8      1   1010
      1    195      7      2     10      5     16      5      1    927
      1    195      7      2     11      8     15      8      1    910
      1    195      7      2     12      2      5      2      1   1227
      1    195      7      2     13      7     10      7      1   2644
      1    195      7      2     14      1      1      4      0   1909
      1    195      7      2     15      4     12      1      0   4694
      1    195      7      2     16      6      3      6      1   1710
      1    195      8      1      1      7     16      6      0  14220
      1    195      8      1      2      8      8      8      1   1137
      1    195      8      1      3      1      9      1      1   1260
      1    195      8      1      4      4      3      7      0  14653
      1    195      8      1      5      1      2      1      1  12944
      1    195      8      1      6      2      6      2      1    900
      1    195      8      1      7      8     10      8      1   1942
      1    195      8      1      8      5      4      5      1   1030
      1    195      8      1      9      3     12      7      0   4701
      1    195      8      1     10      6      7      6      1   1626
      1    195      8      1     11      4     14      4      1   2183
      1    195      8      1     12      7     12      7      1   1884
      1    195      8      1     13      5     10      5      1   1150
      1    195      8      1     14      2     14      8      0   1164
      1    195      8      1     15      3      6      3      1   1346
      1    195      8      1     16      6      8      6      1   1404
      1    195      8      2      1      8     13      8      1   1030
      1    195      8      2      2      3     11      7      0   2193
      1    195      8      2      3      8      6      8      1   1210
      1    195      8      2      4      5      2      5      1   1110
      1    195      8      2      5      7      8      7      1   1776
      1    195      8      2      6      6     13      6      1   1727
      1    195      8      2      7      7      4      6      0   1062
      1    195      8      2      8      5      7      5      1   1078
      1    195      8      2      9      2     13      2      1   1062
      1    195      8      2     10      4      5      4      1   1443
      1    195      8      2     11      1      6      1      1   3043
      1    195      8      2     12      2     10      5      0   1078
      1    195      8      2     13      3     14      7      0   4344
      1    195      8      2     14      6      5      6      1   1543
      1    195      8      2     15      1     11      1      1   1911
      1    195      8      2     16      4      9      2      0   1677
      1    195      9      1      1      2      2      2      1   3090
      1    195      9      1      2      5     12      5      1    998
      1    195      9      1      3      5      8      5      1   1059
      1    195      9      1      4      7      5      7      1   2824
      1    195      9      1      5      6      6      6      1   1645
      1    195      9      1      6      7      6      6      0   1455
      1    195      9      1      7      2      4      2      1   1319
      1    195      9      1      8      6     12      6      1   3034
      1    195      9      1      9      3     10      7      0   1449
      1    195      9      1     10      1      5      1      1   1489
      1    195      9      1     11      8     16      8      1   1005
      1    195      9      1     12      1      7      3      0   1467
      1    195      9      1     13      8      3      8      1   1106
      1    195      9      1     14      4      1      4      1   5596
      1    195      9      1     15      4     10      5      0   2969
      1    195      9      1     16      3      7      7      0   3097
      1    195      9      2      1      8      5      8      1   1097
      1    195      9      2      2      1     14      7      0   4693
      1    195      9      2      3      8     14      8      1   1010
      1    195      9      2      4      1      3      2      0   1111
      1    195      9      2      5      6     11      6      1   1276
      1    195      9      2      6      6     16      6      1   1093
      1    195      9      2      7      2      3      2      1   2510
      1    195      9      2      8      7      7      7      1   1909
      1    195      9      2      9      4     15      4      1   6827
      1    195      9      2     10      4     16      2      0   2694
      1    195      9      2     11      2      1      2      1   1343
      1    195      9      2     12      7      2      7      1   1811
      1    195      9      2     13      3     13      3      1   1831
      1    195      9      2     14      5     14      5      1   1043
      1    195      9      2     15      3     16      7      0   3111
      1    195      9      2     16      5      6      5      1    894
