      2     21      1      1      1      5     12      5      1   3030   5123
      2     21      1      1      2      6     10      3      0   2375   4245
      2     21      1      1      3      8      4      2      0   1857   2691
      2     21      1      1      4      4     12      2      0   2061   4410
      2     21      1      1      5      8      9      8      1   1781   1756
      2     21      1      1      6      7     10      1      0   1252   1868
      2     21      1      1      7      6     10      6      1   1427    932
      2     21      1      1      8      2     14      1      0   1427   1115
      2     21      1      1      9      4     12      4      1   1483   1987
      2     21      1      1     10      1     11      1      1   4562   1477
      2     21      1      1     11      6     12      2      0   2203   1469
      2     21      1      1     12      7     12      6      0   3451   2863
      2     21      1      1     13      4     14      2      0   6154   6207
      2     21      1      1     14      3      6      4      0   3931   3231
      2     21      1      1     15      3     16      3      1    970   1469
      2     21      1      1     16      7      5      2      0   3184   1273
      2     21      1      2      1      7      2      6      0   9172     -1
      2     21      1      2      2      5      9      5      1   1927     -1
      2     21      1      2      3      3      9      4      0   5462     -1
      2     21      1      2      4      3      7      5      0   7262     -1
      2     21      1      2      5      6     11      5      0   3894     -1
      2     21      1      2      6      7      7      6      0   6110     -1
      2     21      1      2      7      8      3      8      1   1165     -1
      2     21      1      2      8      4      9      5      0   7425     -1
      2     21      1      2      9      4     15      4      1   5326     -1
      2     21      1      2     10      1      2      1      1   9896     -1
      2     21      1      2     11      8     14      8      1   2109     -1
      2     21      1      2     12      5     16      5      1   1445     -1
      2     21      1      2     13      2      3      1      0   5459     -1
      2     21      1      2     14      1      7      2      0   5314     -1
      2     21      1      2     15      6      7      5      0   4064     -1
      2     21      1      2     16      2      1      4      0   2842     -1
      2     21      2      1      1      2     10      4      0   1654   5810
      2     21      2      1      2      2      8      2      1   1615   1573
      2     21      2      1      3      7      6      6      0   1692   2475
      2     21      2      1      4      6      9      6      1   1841   2841
      2     21      2      1      5      1     11      4      0   1370   6442
      2     21      2      1      6      2      2      1      0   1865   1590
      2     21      2      1      7      1      4      4      0   2183   3098
      2     21      2      1      8      5      5      5      1   1412   4212
      2     21      2      1      9      3     13      3      1   3287   2960
      2     21      2      1     10      3     11      3      1   1871   1651
      2     21      2      1     11      7     10      7      1   2107   1299
      2     21      2      1     12      1      9      1      1   1939   3520
      2     21      2      1     13      1      5      2      0   9182    859
      2     21      2      1     14      1     16      2      0   1613   4095
      2     21      2      1     15      4      3      2      0   1366    959
      2     21      2      1     16      4     12      4      1   1201   1223
      2     21      2      2      1      4     13      4      1  16824     -1
      2     21      2      2      2      5      8      5      1   1159     -1
      2     21      2      2      3      6      6      3      0  14643     -1
      2     21      2      2      4      7     15      7      1   4014     -1
      2     21      2      2      5      5      7      5      1   2644     -1
      2     21      2      2      6      8      6      8      1   1379     -1
      2     21      2      2      7      1     14      1      1   7526     -1
      2     21      2      2      8      7      8      7      1   5293     -1
      2     21      2      2      9      8     13      8      1   1397     -1
      2     21      2      2     10      3     14      1      0   3510     -1
      2     21      2      2     11      3     15      4      0   3177     -1
      2     21      2      2     12      4      1      4      1   2894     -1
      2     21      2      2     13      2      5      4      0   4577     -1
      2     21      2      2     14      1      6      1      1   3809     -1
      2     21      2      2     15      2     16      8      0   6212     -1
      2     21      2      2     16      6      5      1      0   6380     -1
      2     21      3      1      1      2      8      4      0   1454   2462
      2     21      3      1      2      2     10      2      1    994   1246
      2     21      3      1      3      4      3      4      1   1466    777
      2     21      3      1      4      4      8      4      1   1942   1795
      2     21      3      1      5      1     16      1      1   1199   5418
      2     21      3      1      6      2      4      4      0   1198   1574
      2     21      3      1      7      7     16      3      0   2162   1212
      2     21      3      1      8      3      6      1      0   1293   2076
      2     21      3      1      9      6     12      3      0   3112   2107
      2     21      3      1     10      6     10      6      1   1783   2815
      2     21      3      1     11      7      6      3      0   2109   2540
      2     21      3      1     12      7     16      3      0   1331   1343
      2     21      3      1     13      7     12      7      1   1246   4129
      2     21      3      1     14      3     16      1      0   2183    926
      2     21      3      1     15      3      6      3      1   1728   2719
      2     21      3      1     16      6      9      6      1   1166   2386
      2     21      3      2      1      6      3      3      0  16474     -1
      2     21      3      2      2      1      1      2      0  20045     -1
      2     21      3      2      3      5      6      5      1   1160     -1
      2     21      3      2      4      2     13      4      0   2445     -1
      2     21      3      2      5      6     15      3      0   5459     -1
      2     21      3      2      6      8     15      8      1   1043     -1
      2     21      3      2      7      1      3      2      0   5927     -1
      2     21      3      2      8      5      4      5      1   1193     -1
      2     21      3      2      9      7     13      7      1   4125     -1
      2     21      3      2     10      2      6      4      0   2059     -1
      2     21      3      2     11      8     16      8      1   1843     -1
      2     21      3      2     12      7     14      3      0   4846     -1
      2     21      3      2     13      4     11      2      0   3310     -1
      2     21      3      2     14      3      2      1      0   2444     -1
      2     21      3      2     15      3      8      1      0   1365     -1
      2     21      3      2     16      4     16      4      1   2193     -1
      2     21      4      1      1      7      4      3      0    998   6279
      2     21      4      1      2      6      8      3      0   2675   3800
      2     21      4      1      3      7      4      7      1   1375   1066
      2     21      4      1      4      6      8      6      1   1775    702
      2     21      4      1      5      7      6      7      1   1647   3463
      2     21      4      1      6      6     16      3      0   4091   3336
      2     21      4      1      7      6      8      6      1   2213   6811
      2     21      4      1      8      6      9      6      1   1282   6047
      2     21      4      1      9      7      6      7      1   1672    639
      2     21      4      1     10      2     10      2      1   2666   5648
      2     21      4      1     11      2      8      2      1   1537    905
      2     21      4      1     12      1     16      1      1   1852    940
      2     21      4      1     13      4      3      4      1   2302    873
      2     21      4      1     14      4     12      4      1   1240   1183
      2     21      4      1     15      1     11      4      0   8198   1771
      2     21      4      1     16      2      9      2      1   4698   2434
      2     21      4      2      1      1      1      1      1   6459     -1
      2     21      4      2      2      7     15      7      1   4978     -1
      2     21      4      2      3      1      6      1      1   3409     -1
      2     21      4      2      4      5      8      5      1   1292     -1
      2     21      4      2      5      3     15      1      0   6676     -1
      2     21      4      2      6      2      5      2      1   4526     -1
      2     21      4      2      7      5      6      5      1   1162     -1
      2     21      4      2      8      3      8      3      1   7342     -1
      2     21      4      2      9      2      6      2      1   3645     -1
      2     21      4      2     10      8     14      8      1   1176     -1
      2     21      4      2     11      6     15      7      0   7476     -1
      2     21      4      2     12      4     13      1      0   2048     -1
      2     21      4      2     13      7      7      7      1   3231     -1
      2     21      4      2     14      4     11      4      1   1710     -1
      2     21      4      2     15      8     13      8      1   1409     -1
      2     21      4      2     16      6      3      6      1   6143     -1
      2     21      5      1      1      3     12      1      0   1904   5445
      2     21      5      1      2      6     12      3      0    948   3148
      2     21      5      1      3      6      8      7      0    913   4757
      2     21      5      1      4      6     12      6      1    987    807
      2     21      5      1      5      3     11      1      0   1896   2420
      2     21      5      1      6      3     10      3      1   1035   3028
      2     21      5      1      7      3      6      3      1   1388   1550
      2     21      5      1      8      1     16      1      1    950   1853
      2     21      5      1      9      3     10      1      0   1126   1530
      2     21      5      1     10      1      5      1      1   1210    965
      2     21      5      1     11      4      5      2      0  10654   3555
      2     21      5      1     12      1      4      4      0   1426   6617
      2     21      5      1     13      1      9      1      1   2787   3076
      2     21      5      1     14      6     13      5      0   9778   1063
      2     21      5      1     15      7      4      6      0   2751   4619
      2     21      5      1     16      6      8      6      1   1116   4721
      2     21      5      2      1      7     14      3      0   9759     -1
      2     21      5      2      2      4     15      1      0   2894     -1
      2     21      5      2      3      2      3      4      0   5712     -1
      2     21      5      2      4      6     11      7      0   8358     -1
      2     21      5      2      5      2      1      2      1   2231     -1
      2     21      5      2      6      3      2      3      1   2177     -1
      2     21      5      2      7      3      9      3      1   3164     -1
      2     21      5      2      8      8     16      8      1   1143     -1
      2     21      5      2      9      6      5      3      0  10958     -1
      2     21      5      2     10      5      9      5      1   1244     -1
      2     21      5      2     11      7      2      7      1   3544     -1
      2     21      5      2     12      1     14      4      0   4714     -1
      2     21      5      2     13      4     16      4      1   4313     -1
      2     21      5      2     14      8      6      8      1   1094     -1
      2     21      5      2     15      5     16      5      1   1231     -1
      2     21      5      2     16      1      2      1      1  11609     -1
      2     21      6      1      1      4      5      7      0   2907   6189
      2     21      6      1      2      4     10      4      1   1075    702
      2     21      6      1      3      8      4      8      1   1239   1020
      2     21      6      1      4      6      8      6      1   3461   1030
      2     21      6      1      5      7      4      7      1   2764    912
      2     21      6      1      6      3     10      1      0   1743    866
      2     21      6      1      7      7      5      3      0   1797   1575
      2     21      6      1      8      1      5      1      1   2529   4525
      2     21      6      1      9      1      9      1      1   2379   2951
      2     21      6      1     10      5     10      5      1    882    695
      2     21      6      1     11      3     16      3      1   4236   1453
      2     21      6      1     12      1     10      1      1   2066   1175
      2     21      6      1     13      3     12      3      1    942   2474
      2     21      6      1     14      8      8      8      1   1093   1214
      2     21      6      1     15      6     10      6      1   3646   2006
      2     21      6      1     16      7     10      7      1   2227   2042
      2     21      6      2      1      8     15      8      1   1526     -1
      2     21      6      2      2      1      7      1      1   4226     -1
      2     21      6      2      3      5      4      5      1   1293     -1
      2     21      6      2      4      3     14      3      1   2793     -1
      2     21      6      2      5      6      6      6      1   2527     -1
      2     21      6      2      6      8      3      8      1   1144     -1
      2     21      6      2      7      6      7      7      0   5745     -1
      2     21      6      2      8      1      3      1      1   3660     -1
      2     21      6      2      9      7      8      7      1   2143     -1
      2     21      6      2     10      4      9      4      1   5176     -1
      2     21      6      2     11      2     13      4      0   2979     -1
      2     21      6      2     12      7     13      7      1   1759     -1
      2     21      6      2     13      5      7      5      1   1764     -1
      2     21      6      2     14      3      7      3      1   4793     -1
      2     21      6      2     15      2     16      8      0   4509     -1
      2     21      6      2     16      4      1      3      0   8794     -1
      2     21      7      1      1      7      6      7      1   1987   4467
      2     21      7      1      2      2      8      2      1   5421    854
      2     21      7      1      3      2     10      2      1    987   1137
      2     21      7      1      4      8      2      8      1   1038    905
      2     21      7      1      5      1      4      1      1   2100    776
      2     21      7      1      6      2      2      4      0   3585   1106
      2     21      7      1      7      1     11      1      1    980   7323
      2     21      7      1      8      6      9      6      1   2252    708
      2     21      7      1      9      8      5      8      1   1325   1298
      2     21      7      1     10      8     10      8      1   1577   1230
      2     21      7      1     11      5      5      5      1   1326    883
      2     21      7      1     12      3     13      3      1   3264    878
      2     21      7      1     13      6     12      7      0   2611   1958
      2     21      7      1     14      6      8      7      0    967   3525
      2     21      7      1     15      2     14      8      0   1718   2134
      2     21      7      1     16      3      6      3      1   3239   1897
      2     21      7      2      1      7      2      7      1   2777     -1
      2     21      7      2      2      7      7      7      1   1644     -1
      2     21      7      2      3      6      5      6      1   7942     -1
      2     21      7      2      4      1     14      1      1   1847     -1
      2     21      7      2      5      8     14      8      1   1443     -1
      2     21      7      2      6      4     11      4      1   4394     -1
      2     21      7      2      7      2      1      2      1    931     -1
      2     21      7      2      8      6      3      6      1   2496     -1
      2     21      7      2      9      2      3      4      0   2531     -1
      2     21      7      2     10      4      9      4      1   8592     -1
      2     21      7      2     11      5      6      5      1   1178     -1
      2     21      7      2     12      5      9      5      1   1247     -1
      2     21      7      2     13      1      7      1      1   5360     -1
      2     21      7      2     14      3      7      3      1   1898     -1
      2     21      7      2     15      3     15      3      1   6381     -1
      2     21      7      2     16      8     16      2      0   2110     -1
      2     21      8      1      1      6     12      6      1   1803   5080
      2     21      8      1      2      2      9      2      1   4065   1026
      2     21      8      1      3      4      5      3      0   8322   1069
      2     21      8      1      4      6     10      6      1   1478   2075
      2     21      8      1      5      8      2      8      1    951    842
      2     21      8      1      6      1      4      1      1    967    992
      2     21      8      1      7      2     14      2      1   2568    974
      2     21      8      1      8      7     12      7      1   4332    877
      2     21      8      1      9      4     10      4      1   3495    930
      2     21      8      1     10      8      8      8      1    849   1391
      2     21      8      1     11      2     10      2      1    982   1457
      2     21      8      1     12      2      2      2      1   1903   3310
      2     21      8      1     13      3      6      3      1   2408   4314
      2     21      8      1     14      7     16      7      1   7280    977
      2     21      8      1     15      8      4      8      1    958    868
      2     21      8      1     16      3     12      3      1   1132    712
      2     21      8      2      1      3     14      3      1   2460     -1
      2     21      8      2      2      4      1      4      1   8430     -1
      2     21      8      2      3      7      8      7      1   2063     -1
      2     21      8      2      4      1      2      4      0  12458     -1
      2     21      8      2      5      2     16      2      1   2027     -1
      2     21      8      2      6      2     13      2      1   7859     -1
      2     21      8      2      7      3      9      3      1   3027     -1
      2     21      8      2      8      5      7      5      1   1194     -1
      2     21      8      2      9      6     11      5      0   6127     -1
      2     21      8      2     10      5      8      5      1   1192     -1
      2     21      8      2     11      6      6      6      1  11846     -1
      2     21      8      2     12      7     13      7      1   1429     -1
      2     21      8      2     13      8      3      8      1   1493     -1
      2     21      8      2     14      8     15      8      1   4330     -1
      2     21      8      2     15      1      6      1      1   3876     -1
      2     21      8      2     16      4     15      4      1   9059     -1
      2     21      9      1      1      3     12      3      1    964   3447
      2     21      9      1      2      2      8      2      1    895   1212
      2     21      9      1      3      1     11      1      1   6450    892
      2     21      9      1      4      4     14      4      1   2751   1852
      2     21      9      1      5      2      4      2      1   1056    738
      2     21      9      1      6      6      8      6      1   2682   1158
      2     21      9      1      7      1     10      1      1   2903   1137
      2     21      9      1      8      7      6      6      0   5833   2085
      2     21      9      1      9      7     12      7      1    960   3054
      2     21      9      1     10      6      9      6      1   1196    930
      2     21      9      1     11      3     16      1      0   1694   3202
      2     21      9      1     12      7      4      7      1   1027   2538
      2     21      9      1     13      5     14      5      1   1445   1593
      2     21      9      1     14      6     16      6      1   2766    893
      2     21      9      1     15      4     12      4      1   1668   1487
      2     21      9      1     16      3     10      3      1   1547   2486
      2     21      9      2      1      2      5      4      0   5726     -1
      2     21      9      2      2      2      6      2      1   5676     -1
      2     21      9      2      3      7     15      7      1   2978     -1
      2     21      9      2      4      5     16      5      1   1213     -1
      2     21      9      2      5      3      8      3      1   1560     -1
      2     21      9      2      6      8     13      8      1   1309     -1
      2     21      9      2      7      6     15      6      1   3814     -1
      2     21      9      2      8      6      7      6      1   8997     -1
      2     21      9      2      9      1      1      4      0   9094     -1
      2     21      9      2     10      7     14      7      1  20343     -1
      2     21      9      2     11      5      4      5      1   1063     -1
      2     21      9      2     12      1      3      1      1   3029     -1
      2     21      9      2     13      4     13      4      1   6531     -1
      2     21      9      2     14      8      6      8      1    993     -1
      2     21      9      2     15      4     16      4      1   3793     -1
      2     21      9      2     16      3      2      3      1   3012     -1
