      2    179      1      1      1      2      9      1      0   2573   1265
      2    179      1      1      2      2      3      2      1    887   1727
      2    179      1      1      3      2      2      2      1    830    800
      2    179      1      1      4      1      9      2      0   1094   1509
      2    179      1      1      5      8      8      1      0    821   6278
      2    179      1      1      6      8      4      8      1   1981   1307
      2    179      1      1      7      5      7      6      0   2462   1868
      2    179      1      1      8      5     11      5      1    965   1259
      2    179      1      1      9      5      9      5      1    788   1253
      2    179      1      1     10      6     15      3      0   1101    928
      2    179      1      1     11      3     14      6      0   1560   1691
      2    179      1      1     12      3      8      6      0   1151    765
      2    179      1      1     13      7      2      3      0    999   1290
      2    179      1      1     14      7     13      7      1   1172   2021
      2    179      1      1     15      3     11      4      0   1459   1985
      2    179      1      1     16      3      2      3      1   1112   1572
      2    179      1      2      1      7     16      7      1  11900
      2    179      1      2      2      6     11      6      1   5925
      2    179      1      2      3      4     10      2      0   2110
      2    179      1      2      4      4      1      1      0   1392
      2    179      1      2      5      2      1      2      1   2278
      2    179      1      2      6      5     14      5      1   1742
      2    179      1      2      7      1     10      1      1   2946
      2    179      1      2      8      1      3      4      0   2027
      2    179      1      2      9      6      8      8      0   3060
      2    179      1      2     10      8     16      8      1   1227
      2    179      1      2     11      3      7      3      1   1826
      2    179      1      2     12      3      9      3      1   1177
      2    179      1      2     13      7      7      2      0   1462
      2    179      1      2     14      8      9      3      0   1294
      2    179      1      2     15      2     10      2      1   2610
      2    179      1      2     16      5     16      5      1   1545
      2    179      2      1      1      5      6      5      1   1722   1580
      2    179      2      1      2      1     16      3      0   1444   1067
      2    179      2      1      3      8      8      3      0    754   2451
      2    179      2      1      4      2      9      2      1   1015   1177
      2    179      2      1      5      7      5      1      0   1369    747
      2    179      2      1      6      8      4      3      0    837   1203
      2    179      2      1      7      2     16      8      0   1817   1158
      2    179      2      1      8      3     13      3      1   1183   1291
      2    179      2      1      9      3      6      3      1   1054   1189
      2    179      2      1     10      1      7      3      0   1160    903
      2    179      2      1     11      6      5      5      0   1464   1538
      2    179      2      1     12      6     12      1      0   1393   2490
      2    179      2      1     13      7      4      1      0   1536    730
      2    179      2      1     14      3     14      1      0   1455   1287
      2    179      2      1     15      8      6      3      0    791   1429
      2    179      2      1     16      8      4      8      1    973   4462
      2    179      2      2      1      3     16      1      0   5697
      2    179      2      2      2      1      4      7      0   2826
      2    179      2      2      3      2     13      2      1   1645
      2    179      2      2      4      6     16      8      0   1978
      2    179      2      2      5      5      2      5      1   1562
      2    179      2      2      6      8      3      8      1   1912
      2    179      2      2      7      7     15      4      0   3661
      2    179      2      2      8      8     10      3      0   1244
      2    179      2      2      9      2      6      2      1   1459
      2    179      2      2     10      5      4      5      1   1427
      2    179      2      2     11      4     13      7      0   2610
      2    179      2      2     12      4     12      1      0   2115
      2    179      2      2     13      1      6      1      1   2493
      2    179      2      2     14      3     10      3      1   3577
      2    179      2      2     15      7     14      8      0   3027
      2    179      2      2     16      6      9      4      0   3544
      2    179      3      1      1      8     14      3      0   1789   2415
      2    179      3      1      2      8      6      8      1    916    882
      2    179      3      1      3      3      2      3      1    838   5415
      2    179      3      1      4      3     14      3      1    981    966
      2    179      3      1      5      3      8      3      1    944   1739
      2    179      3      1      6      5      5      3      0    965    981
      2    179      3      1      7      3     11      3      1    903   3091
      2    179      3      1      8      2      5      2      1   1005   1662
      2    179      3      1      9      2      9      2      1   1200   1175
      2    179      3      1     10      5      7      5      1   1446   2603
      2    179      3      1     11      1     14      6      0    928   3654
      2    179      3      1     12      2      3      1      0   1138   1057
      2    179      3      1     13      1     16      1      1    823   1086
      2    179      3      1     14      1      5      1      1   1054   1565
      2    179      3      1     15      4      5      1      0   1098   2784
      2    179      3      1     16      5      6      7      0   1599    767
      2    179      3      2      1      5     10      5      1   1563
      2    179      3      2      2      8     15      8      1   1478
      2    179      3      2      3      1      1      3      0   3477
      2    179      3      2      4      6     10      6      1   4046
      2    179      3      2      5      8     13      8      1   1461
      2    179      3      2      6      7      8      1      0   1812
      2    179      3      2      7      7     12      1      0   1261
      2    179      3      2      8      1     11      2      0   4344
      2    179      3      2      9      3     15      3      1   4844
      2    179      3      2     10      5      8      5      1   1611
      2    179      3      2     11      4     16      2      0   3493
      2    179      3      2     12      2     14      4      0   2161
      2    179      3      2     13      3     12      2      0   1762
      2    179      3      2     14      4      8      1      0   1645
      2    179      3      2     15      2      4      2      1   1643
      2    179      3      2     16      6      3      7      0   1793
      2    179      4      1      1      7      4      2      0   1188   1301
      2    179      4      1      2      7     13      7      1    851   2110
      2    179      4      1      3      6     13      7      0    839   4251
      2    179      4      1      4      3     13      6      0   1142   1626
      2    179      4      1      5      6      6      6      1    889   1055
      2    179      4      1      6      7      2      7      1    790   2006
      2    179      4      1      7      2     16      4      0   3008   5986
      2    179      4      1      8      6      6      7      0   1249   2699
      2    179      4      1      9      2      9      2      1   1495   4161
      2    179      4      1     10      7     13      7      1    690   1152
      2    179      4      1     11      5     12      5      1    996    804
      2    179      4      1     12      7      2      7      1   1814   1013
      2    179      4      1     13      8      8      1      0   1514   1555
      2    179      4      1     14      1      2      1      1   1606    941
      2    179      4      1     15      3     11      2      0    674   1563
      2    179      4      1     16      5      7      5      1    880    885
      2    179      4      2      1      2      4      2      1   1880
      2    179      4      2      2      6     11      7      0   4260
      2    179      4      2      3      7     15      7      1   2427
      2    179      4      2      4      3      7      3      1   1878
      2    179      4      2      5      4     13      4      1   3578
      2    179      4      2      6      1     10      1      1   1444
      2    179      4      2      7      4      8      1      0   2011
      2    179      4      2      8      5     10      5      1   1712
      2    179      4      2      9      2      1      2      1   1476
      2    179      4      2     10      3     16      3      1   1295
      2    179      4      2     11      1      6      1      1   4010
      2    179      4      2     12      8     15      8      1   1261
      2    179      4      2     13      7     12      3      0   1378
      2    179      4      2     14      5      4      5      1   1394
      2    179      4      2     15      6      8      6      1   3378
      2    179      4      2     16      8     13      8      1   1576
      2    179      5      1      1      2      5      2      1   1263   1114
      2    179      5      1      2      2      3      1      0   1013    721
      2    179      5      1      3      5      6      5      1   1171   1024
      2    179      5      1      4      6     15      6      1   1017   1045
      2    179      5      1      5      1     14      1      1    811    870
      2    179      5      1      6      4      9      2      0   1487   1055
      2    179      5      1      7      1      9      1      1    858   1086
      2    179      5      1      8      6      6      6      1    918   2156
      2    179      5      1      9      8      6      8      1    709    773
      2    179      5      1     10      2      8      2      1    698   3982
      2    179      5      1     11      2      2      1      0   1030    900
      2    179      5      1     12      7      4      7      1    924    756
      2    179      5      1     13      1     16      1      1   1522    695
      2    179      5      1     14      5      9      5      1    966    898
      2    179      5      1     15      4     11      1      0   1268    699
      2    179      5      1     16      4      9      4      1   1745   1834
      2    179      5      2      1      4     12      4      1   9979
      2    179      5      2      2      4     16      4      1   2560
      2    179      5      2      3      3     15      3      1   1377
      2    179      5      2      4      1      1      3      0   5310
      2    179      5      2      5      2     13      4      0   2493
      2    179      5      2      6      3     10      3      1   1826
      2    179      5      2      7      8     16      8      1   1296
      2    179      5      2      8      5     14      5      1   1296
      2    179      5      2      9      8      9      8      1   1143
      2    179      5      2     10      7      7      1      0   2343
      2    179      5      2     11      6     16      6      1   1796
      2    179      5      2     12      5      8      5      1   1327
      2    179      5      2     13      1      4      1      1   3827
      2    179      5      2     14      2     14      8      0   2560
      2    179      5      2     15      7     16      4      0   1744
      2    179      5      2     16      6     10      7      0   1461
      2    179      6      1      1      4      9      4      1   1539   2512
      2    179      6      1      2      4     11      4      1    816    865
      2    179      6      1      3      6      5      6      1    820   1466
      2    179      6      1      4      3     14      3      1   1490   1579
      2    179      6      1      5      8      5      8      1    701   1141
      2    179      6      1      6      7     10      1      0   1867   1140
      2    179      6      1      7      3      8      3      1    800   1915
      2    179      6      1      8      4     14      4      1    929    770
      2    179      6      1      9      7      5      7      1   2306    858
      2    179      6      1     10      7      6      6      0   2149   3174
      2    179      6      1     11      3      2      3      1   1143   1133
      2    179      6      1     12      5      5      5      1   1169   1566
      2    179      6      1     13      6     13      4      0   2809   1086
      2    179      6      1     14      3      6      3      1   1678   1230
      2    179      6      1     15      4     15      4      1   1532   1781
      2    179      6      1     16      1      7      1      1   1692    726
      2    179      6      2      1      3      9      3      1   2163
      2    179      6      2      2      4     10      4      1   1494
      2    179      6      2      3      5      2      5      1   1509
      2    179      6      2      4      5     16      5      1   1076
      2    179      6      2      5      6      3      7      0   3559
      2    179      6      2      6      3     12      3      1   2311
      2    179      6      2      7      1      3      1      1   1511
      2    179      6      2      8      8      3      8      1   1160
      2    179      6      2      9      7     14      6      0   3626
      2    179      6      2     10      6      9      6      1   1759
      2    179      6      2     11      1     11      1      1   1377
      2    179      6      2     12      7      8      7      1   6294
      2    179      6      2     13      2     10      2      1   1544
      2    179      6      2     14      4      1      1      0   7862
      2    179      6      2     15      2      6      2      1    860
      2    179      6      2     16      8     10      8      1   1210
      2    179      7      1      1      4     15      4      1    784   4554
      2    179      7      1      2      1      7      1      1   1333    765
      2    179      7      1      3      8      4      8      1    982    751
      2    179      7      1      4      8      2      8      1    922   1414
      2    179      7      1      5      2     16      4      0    944    836
      2    179      7      1      6      2     16      2      1   1156   3250
      2    179      7      1      7      8     14      8      1   1101   1825
      2    179      7      1      8      4      3      1      0   1350    979
      2    179      7      1      9      4     11      4      1    685   4563
      2    179      7      1     10      4      3      4      1    763   4474
      2    179      7      1     11      5     11      5      1   1071   1187
      2    179      7      1     12      4      5      1      0   1239    956
      2    179      7      1     13      1      5      1      1   1247   1081
      2    179      7      1     14      6      7      6      1   1045    983
      2    179      7      1     15      3     13      7      0   1170   7921
      2    179      7      1     16      6     12      6      1   1027    887
      2    179      7      2      1      1      3      1      1   1197
      2    179      7      2      2      4      8      4      1   2960
      2    179      7      2      3      6     11      6      1   1927
      2    179      7      2      4      8     13      8      1   1779
      2    179      7      2      5      5     14      5      1   1444
      2    179      7      2      6      5      8      5      1   1794
      2    179      7      2      7      8      9      8      1   1111
      2    179      7      2      8      2      6      2      1   1095
      2    179      7      2      9      3     15      3      1   1144
      2    179      7      2     10      6     16      6      1   1978
      2    179      7      2     11      3      7      3      1   2128
      2    179      7      2     12      7     15      7      1   1144
      2    179      7      2     13      4     13      4      1   1710
      2    179      7      2     14      7      8      7      1   2063
      2    179      7      2     15      2      4      2      1   1443
      2    179      7      2     16      1     11      1      1   1145
      2    179      8      1      1      2      9      2      1    949   1356
      2    179      8      1      2      7     13      7      1   1312   1115
      2    179      8      1      3      2      2      2      1    737    614
      2    179      8      1      4      7      5      7      1   1863    606
      2    179      8      1      5      3      6      3      1   1228   1047
      2    179      8      1      6      4      9      4      1   1339    774
      2    179      8      1      7      2      2      2      1    619    944
      2    179      8      1      8      3     11      3      1    790   1103
      2    179      8      1      9      8      4      8      1   1102    551
      2    179      8      1     10      6     13      6      1   1084    930
      2    179      8      1     11      8      4      8      1    910    950
      2    179      8      1     12      6      6      6      1   1510   1216
      2    179      8      1     13      5      7      5      1    961    935
      2    179      8      1     14      7      4      7      1    699    815
      2    179      8      1     15      3      8      3      1   1004   1431
      2    179      8      1     16      8      5      8      1    766   1274
      2    179      8      2      1      5      2      5      1   1214
      2    179      8      2      2      4     10      4      1   1828
      2    179      8      2      3      8      3      8      1   1493
      2    179      8      2      4      2     10      2      1   1443
      2    179      8      2      5      6     10      6      1   2628
      2    179      8      2      6      3     16      3      1   1527
      2    179      8      2      7      7      7      7      1   1644
      2    179      8      2      8      8     15      8      1   1044
      2    179      8      2      9      6      8      6      1   1293
      2    179      8      2     10      5     16      5      1   1360
      2    179      8      2     11      7     14      4      0   3093
      2    179      8      2     12      4      1      4      1   4112
      2    179      8      2     13      3     10      3      1   1345
      2    179      8      2     14      1      6      1      1   1577
      2    179      8      2     15      1     10      1      1   1694
      2    179      8      2     16      2     14      4      0   1527
      2    179      9      1      1      2      2      2      1    886   1272
      2    179      9      1      2      8      2      8      1   1916   3636
      2    179      9      1      3      2      8      2      1    982    504
      2    179      9      1      4      4     14      4      1   3923    498
      2    179      9      1      5      6     15      6      1   1075   4998
      2    179      9      1      6      4     15      3      0   1060  18325
      2    179      9      1      7      6     15      6      1    719   1486
      2    179      9      1      8      4      9      4      1   1945   1050
      2    179      9      1      9      4     14      4      1    660    886
      2    179      9      1     10      7      2      7      1    937   1516
      2    179      9      1     11      8      6      8      1    749   1751
      2    179      9      1     12      3      2      3      1    898   1878
      2    179      9      1     13      5      6      5      1    989   4051
      2    179      9      1     14      5      9      5      1    871   1221
      2    179      9      1     15      2      9      2      1   1098  20973
      2    179      9      1     16      2      8      2      1    668    911
      2    179      9      2      1      7     16      4      0   2497
      2    179      9      2      2      5     10      5      1   1211
      2    179      9      2      3      8     16      8      1   1661
      2    179      9      2      4      4     16      4      1   2860
      2    179      9      2      5      2     13      2      1   3911
      2    179      9      2      6      6      9      6      1   1294
      2    179      9      2      7      8     10      8      1   1244
      2    179      9      2      8      3     12      3      1   1577
      2    179      9      2      9      3      9      3      1   1010
      2    179      9      2     10      4     12      2      0   4812
      2    179      9      2     11      5      4      5      1   1093
      2    179      9      2     12      7     12      3      0   2244
      2    179      9      2     13      2      1      2      1   1710
      2    179      9      2     14      1      1      3      0    994
      2    179      9      2     15      1      4      4      0   1744
      2    179      9      2     16      6      3      6      1   1544
