      2     10      1      1      1      5      5      5      1   3734   2077
      2     10      1      1      2      4     11      3      0   3068   1302
      2     10      1      1      3      8     13      2      0   1054   1331
      2     10      1      1      4      5     14      1      0   3628   2178
      2     10      1      1      5      5     12      5      1   1043   1453
      2     10      1      1      6      4     11      3      0   4242   3539
      2     10      1      1      7      2      3      7      0   2753   2056
      2     10      1      1      8      6      7      7      0   3090   2393
      2     10      1      1      9      1     11      3      0   3663   7639
      2     10      1      1     10      8      4      1      0   3977   1164
      2     10      1      1     11      1      1      5      0   1421   1003
      2     10      1      1     12      8     16      8      1   1610   3670
      2     10      1      1     13      8      2      8      1   2337   1678
      2     10      1      1     14      4     15      2      0   2297   1226
      2     10      1      1     15      3     11      2      0   3345   1570
      2     10      1      1     16      2      9      5      0   4292   1345
      2     10      1      2      1      7      7      3      0   5090     -1
      2     10      1      2      2      5      4      5      1   1628     -1
      2     10      1      2      3      3      8      3      1   1926     -1
      2     10      1      2      4      6     12      7      0   5794     -1
      2     10      1      2      5      3      6      2      0   3876     -1
      2     10      1      2      6      8      6      8      1   1925     -1
      2     10      1      2      7      4      8      4      1   4415     -1
      2     10      1      2      8      1      2      7      0   4493     -1
      2     10      1      2      9      5     11      5      1   2228     -1
      2     10      1      2     10      2     10      4      0   4877     -1
      2     10      1      2     11      2      1      7      0   2710     -1
      2     10      1      2     12      1     10      2      0   3028     -1
      2     10      1      2     13      7      5      6      0   5598     -1
      2     10      1      2     14      8     10      8      1   1443     -1
      2     10      1      2     15      6     13      7      0   2677     -1
      2     10      1      2     16      4     13      1      0   2327     -1
      2     10      2      1      1      4     15      1      0   1717   4957
      2     10      2      1      2      3     11      3      1   1717    731
      2     10      2      1      3      2      9      4      0   3561    998
      2     10      2      1      4      7     14      6      0   2917   1468
      2     10      2      1      5      4      1      7      0   1708   1672
      2     10      2      1      6      6     11      1      0   2163   1750
      2     10      2      1      7      5     10      5      1   1090   3559
      2     10      2      1      8      6      6      6      1   2593    853
      2     10      2      1      9      1      5      4      0   2053   1088
      2     10      2      1     10      7      6      1      0   1669   3023
      2     10      2      1     11      7      4      7      1   1169   3366
      2     10      2      1     12      6     16      7      0   1059    788
      2     10      2      1     13      7      4      6      0    889   2447
      2     10      2      1     14      7     16      3      0   3611   1652
      2     10      2      1     15      4     14      2      0   2387   1366
      2     10      2      1     16      3      2      3      1   2180   1325
      2     10      2      2      1      3     15      4      0   5363     -1
      2     10      2      2      2      4     16      6      0   7392     -1
      2     10      2      2      3      8      5      8      1   1693     -1
      2     10      2      2      4      6      5      7      0   4694     -1
      2     10      2      2      5      4      3      3      0   1528     -1
      2     10      2      2      6      1     14      6      0   4760     -1
      2     10      2      2      7      6      9      7      0   1961     -1
      2     10      2      2      8      7      8      4      0   4660     -1
      2     10      2      2      9      5      6      5      1   1293     -1
      2     10      2      2     10      2     16      6      0   6326     -1
      2     10      2      2     11      5     16      5      1   2159     -1
      2     10      2      2     12      1      9      1      1   4279     -1
      2     10      2      2     13      3     13      7      0   3061     -1
      2     10      2      2     14      7     13      7      1   2277     -1
      2     10      2      2     15      8     15      8      1   1244     -1
      2     10      2      2     16      2      4      5      0   1143     -1
      2     10      3      1      1      2      5      1      0   1846   4277
      2     10      3      1      2      3     14      7      0    817   1616
      2     10      3      1      3      8      9      8      1   1236    827
      2     10      3      1      4      3     16      3      1    896   1061
      2     10      3      1      5      1      4      1      1   2833   1026
      2     10      3      1      6      2     13      5      0   2032   1781
      2     10      3      1      7      3     10      3      1   1167   2288
      2     10      3      1      8      1      7      1      1   1439    890
      2     10      3      1      9      7     12      7      1   1966    881
      2     10      3      1     10      2      8      5      0   1895   2850
      2     10      3      1     11      1      6      1      1   1595   1897
      2     10      3      1     12      8      8      8      1   2073    889
      2     10      3      1     13      6     10      6      1   2485    991
      2     10      3      1     14      5      7      5      1   1949   1960
      2     10      3      1     15      2     14      6      0   1621   1432
      2     10      3      1     16      5      9      5      1   1164    881
      2     10      3      2      1      7      2      7      1   7213     -1
      2     10      3      2      2      5      8      5      1   1346     -1
      2     10      3      2      3      1      3      2      0   6461     -1
      2     10      3      2      4      3     12      3      1   1844     -1
      2     10      3      2      5      1     16      1      1   1460     -1
      2     10      3      2      6      3      9      4      0   5779     -1
      2     10      3      2      7      6      8      5      0   2227     -1
      2     10      3      2      8      2      6      2      1   2811     -1
      2     10      3      2      9      5      2      5      1   1276     -1
      2     10      3      2     10      7     10      6      0   3627     -1
      2     10      3      2     11      8      3      8      1   1611     -1
      2     10      3      2     12      4     12      2      0   7262     -1
      2     10      3      2     13      2      2      2      1   1676     -1
      2     10      3      2     14      8     14      8      1   1309     -1
      2     10      3      2     15      4      9      5      0   1927     -1
      2     10      3      2     16      6     15      7      0   2609     -1
      2     10      4      1      1      4      5      7      0   1356   3777
      2     10      4      1      2      7     15      7      1   1244    885
      2     10      4      1      3      3      7      3      1   1671   1692
      2     10      4      1      4      4     10      5      0   1890    888
      2     10      4      1      5      3      7      3      1   1184   2318
      2     10      4      1      6      6      3      6      1   1673   2461
      2     10      4      1      7      2     14      2      1   2061   3260
      2     10      4      1      8      5      5      5      1   2272   2218
      2     10      4      1      9      4     11      2      0   1502   1106
      2     10      4      1     10      8     13      8      1   1660   3405
      2     10      4      1     11      8     13      8      1   1957   1870
      2     10      4      1     12      5     14      5      1   1091   4001
      2     10      4      1     13      2      3      2      1   1829   1488
      2     10      4      1     14      4     11      4      1   3051   4334
      2     10      4      1     15      2      3      2      1   2147    881
      2     10      4      1     16      6      7      7      0   1368    892
      2     10      4      2      1      8      5      8      1   1780     -1
      2     10      4      2      2      7      7      7      1   2143     -1
      2     10      4      2      3      2      6      4      0   7027     -1
      2     10      4      2      4      4     16      4      1   1710     -1
      2     10      4      2      5      6     15      7      0   2561     -1
      2     10      4      2      6      3      9      3      1   1411     -1
      2     10      4      2      7      3     12      6      0   5127     -1
      2     10      4      2      8      1     14      1      1   3078     -1
      2     10      4      2      9      5     11      5      1   1545     -1
      2     10      4      2     10      7      5      4      0   6143     -1
      2     10      4      2     11      6     12      7      0   2177     -1
      2     10      4      2     12      4      9      6      0   1845     -1
      2     10      4      2     13      2      2      4      0   4028     -1
      2     10      4      2     14      1      3      1      1   1977     -1
      2     10      4      2     15      8     14      8      1   1010     -1
      2     10      4      2     16      5      6      5      1   1461     -1
      2     10      5      1      1      1     11      1      1   1118   4055
      2     10      5      1      2      8      4      8      1   1014   1193
      2     10      5      1      3      1      1      2      0   1721   1285
      2     10      5      1      4      8     16      8      1   1066   1680
      2     10      5      1      5      8      2      8      1   1158   1230
      2     10      5      1      6      4     15      2      0   5703   2804
      2     10      5      1      7      3     11      3      1    953   5827
      2     10      5      1      8      2      9      2      1   1329    883
      2     10      5      1      9      4     11      4      1   1050   1335
      2     10      5      1     10      7     14      7      1   1917   4763
      2     10      5      1     11      4      1      6      0   1945   1147
      2     10      5      1     12      6     11      7      0   1966   2107
      2     10      5      1     13      5     10      5      1    872   1332
      2     10      5      1     14      6      6      7      0   1776    967
      2     10      5      1     15      1      5      1      1   1775   1934
      2     10      5      1     16      7      6      7      1    980   1096
      2     10      5      2      1      6     13      6      1   2796     -1
      2     10      5      2      2      2     10      2      1   4544     -1
      2     10      5      2      3      3      8      3      1    894     -1
      2     10      5      2      4      7     10      7      1   1344     -1
      2     10      5      2      5      3     15      4      0   2610     -1
      2     10      5      2      6      8     10      8      1   1493     -1
      2     10      5      2      7      1      2      1      1   4660     -1
      2     10      5      2      8      4      8      4      1   4511     -1
      2     10      5      2      9      6      5      5      0   1460     -1
      2     10      5      2     10      5      2      5      1   1395     -1
      2     10      5      2     11      4     13      2      0   1810     -1
      2     10      5      2     12      8      3      8      1   1660     -1
      2     10      5      2     13      2      1      4      0   2477     -1
      2     10      5      2     14      7      2      7      1   1393     -1
      2     10      5      2     15      1     10      1      1   2561     -1
      2     10      5      2     16      5      4      5      1   1461     -1
      2     10      6      1      1      6      6      6      1   1316   8690
      2     10      6      1      2      7      6      7      1   1149   1599
      2     10      6      1      3      6     16      6      1   1061   2590
      2     10      6      1      4      7     16      7      1   1325    921
      2     10      6      1      5      4     14      2      0   1052   1386
      2     10      6      1      6      3      2      3      1   1121   4268
      2     10      6      1      7      2      5      2      1    791   1591
      2     10      6      1      8      3     14      3      1   1682    732
      2     10      6      1      9      8      9      8      1    652    680
      2     10      6      1     10      3     16      3      1   1224    839
      2     10      6      1     11      1      4      1      1   1262    786
      2     10      6      1     12      2     13      2      1   1763   1621
      2     10      6      1     13      3     10      3      1   1178   1161
      2     10      6      1     14      1      7      1      1   1793   1297
      2     10      6      1     15      7     12      7      1   1887   1448
      2     10      6      1     16      2      8      2      1   1708   1247
      2     10      6      2      1      3     13      7      0   3714     -1
      2     10      6      2      2      3      6      3      1   2610     -1
      2     10      6      2      3      5     16      5      1   1277     -1
      2     10      6      2      4      8     15      8      1   1677     -1
      2     10      6      2      5      8      6      8      1   1443     -1
      2     10      6      2      6      4     12      4      1   3428     -1
      2     10      6      2      7      1     16      1      1   1810     -1
      2     10      6      2      8      6      8      6      1   2393     -1
      2     10      6      2      9      7      8      7      1   1776     -1
      2     10      6      2     10      6      9      6      1   1427     -1
      2     10      6      2     11      4      3      4      1   1460     -1
      2     10      6      2     12      5      8      5      1   1276     -1
      2     10      6      2     13      1      9      1      1   3194     -1
      2     10      6      2     14      2      4      2      1   2410     -1
      2     10      6      2     15      7     13      7      1   1310     -1
      2     10      6      2     16      2     16      2      1   5693     -1
      2     10      7      1      1      4      5      7      0   1869   2827
      2     10      7      1      2      4     10      4      1   2485   2401
      2     10      7      1      3      7     15      7      1    821   2840
      2     10      7      1      4      6      3      6      1   2296    849
      2     10      7      1      5      5      9      5      1   1178   1111
      2     10      7      1      6      2     14      4      0   2389   1592
      2     10      7      1      7      5      7      5      1   1254   1349
      2     10      7      1      8      6     10      6      1   1238   1464
      2     10      7      1      9      8      8      8      1   1325   1002
      2     10      7      1     10      1      6      1      1   1485   1106
      2     10      7      1     11      2      8      2      1   1054   1071
      2     10      7      1     12      7     12      7      1   2362    934
      2     10      7      1     13      1      7      1      1   1063   1797
      2     10      7      1     14      3     10      3      1   1508   1934
      2     10      7      1     15      2     13      2      1   1749   1272
      2     10      7      1     16      1      4      1      1    891   2163
      2     10      7      2      1      1      9      1      1   3847     -1
      2     10      7      2      2      1     16      1      1   4677     -1
      2     10      7      2      3      2      1      2      1   1076     -1
      2     10      7      2      4      5     16      5      1   1244     -1
      2     10      7      2      5      7     13      7      1   1226     -1
      2     10      7      2      6      5      4      5      1   1159     -1
      2     10      7      2      7      2     10      2      1   2377     -1
      2     10      7      2      8      3      6      3      1   1494     -1
      2     10      7      2      9      4      8      4      1   2344     -1
      2     10      7      2     10      8     15      8      1   1211     -1
      2     10      7      2     11      6     13      6      1   1794     -1
      2     10      7      2     12      7      2      7      1   1277     -1
      2     10      7      2     13      6      5      6      1   6094     -1
      2     10      7      2     14      4     16      2      0   1610     -1
      2     10      7      2     15      8      3      8      1   1093     -1
      2     10      7      2     16      3      8      3      1   1327     -1
      2     10      8      1      1      5      5      5      1   1086   6182
      2     10      8      1      2      4     11      4      1   2609   1017
      2     10      8      1      3      8     13      8      1    982   1078
      2     10      8      1      4      5     14      5      1    884    960
      2     10      8      1      5      5     12      5      1    803   3282
      2     10      8      1      6      2      3      4      0   2099   1666
      2     10      8      1      7      6      7      6      1   1527   7639
      2     10      8      1      8      1     11      1      1   2374    935
      2     10      8      1      9      8      4      8      1    935   1432
      2     10      8      1     10      1      1      4      0   2653    909
      2     10      8      1     11      8     16      8      1    998   1043
      2     10      8      1     12      8      2      8      1    873    725
      2     10      8      1     13      4     15      4      1   1817   1106
      2     10      8      1     14      3     11      3      1    716    945
      2     10      8      1     15      2      9      2      1   1130   1210
      2     10      8      1     16      7     14      7      1   1349   2602
      2     10      8      2      1      1     10      2      0   5980     -1
      2     10      8      2      2      5     11      5      1   1195     -1
      2     10      8      2      3      4     12      4      1   1811     -1
      2     10      8      2      4      7      5      7      1   1744     -1
      2     10      8      2      5      6     15      6      1   1494     -1
      2     10      8      2      6      8     10      8      1   1394     -1
      2     10      8      2      7      4     13      4      1   1910     -1
      2     10      8      2      8      3     15      3      1   1911     -1
      2     10      8      2      9      2      4      2      1   1376     -1
      2     10      8      2     10      3      9      3      1   1310     -1
      2     10      8      2     11      6     12      6      1   2711     -1
      2     10      8      2     12      5      2      5      1   1542     -1
      2     10      8      2     13      8      5      8      1   1093     -1
      2     10      8      2     14      7      7      7      1   1943     -1
      2     10      8      2     15      2     16      2      1   1644     -1
      2     10      8      2     16      1      2      1      1   6693     -1
      2     10      9      1      1      7     14      7      1    893   4640
      2     10      9      1      2      4      1      4      1   1609   1083
      2     10      9      1      3      1      5      1      1    895   2309
      2     10      9      1      4      7      6      7      1   1785    911
      2     10      9      1      5      7      4      7      1    626   1000
      2     10      9      1      6      6     16      6      1   1256    987
      2     10      9      1      7      7     16      7      1   1334   1630
      2     10      9      1      8      4     14      4      1   1651   1484
      2     10      9      1      9      3      2      3      1   1144   4962
      2     10      9      1     10      3     14      3      1    664   1128
      2     10      9      1     11      2      5      2      1   1338    595
      2     10      9      1     12      3     16      3      1    907   1660
      2     10      9      1     13      1      4      1      1    829   3097
      2     10      9      1     14      3     10      3      1   1125   6063
      2     10      9      1     15      1      7      1      1   1047   1536
      2     10      9      1     16      7     12      7      1   1195    933
      2     10      9      2      1      4      9      4      1  12713     -1
      2     10      9      2      2      2      6      2      1   1244     -1
      2     10      9      2      3      8     14      8      1    961     -1
      2     10      9      2      4      5      8      5      1   1262     -1
      2     10      9      2      5      7      8      7      1   1311     -1
      2     10      9      2      6      1      3      1      1   3077     -1
      2     10      9      2      7      2      2      2      1   1410     -1
      2     10      9      2      8      5      6      5      1   1043     -1
      2     10      9      2      9      8      6      8      1    978     -1
      2     10      9      2     10      4      3      4      1   2027     -1
      2     10      9      2     11      1     14      1      1   7777     -1
      2     10      9      2     12      3     12      3      1   1228     -1
      2     10      9      2     13      3     13      3      1   1277     -1
      2     10      9      2     14      7     10      7      1   1210     -1
      2     10      9      2     15      6      8      6      1   1094     -1
      2     10      9      2     16      6      9      6      1   1243     -1
