      1     75      1      1      1      5      6      3      0   3184
      1     75      1      1      2      4      8      2      0   1657
      1     75      1      1      3      8      4      1      0   4229
      1     75      1      1      4      3      9      6      0   7321
      1     75      1      1      5      2      1      7      0   3332
      1     75      1      1      6      4     12      6      0   6080
      1     75      1      1      7      8      9      1      0   6703
      1     75      1      1      8      7     14      6      0   5790
      1     75      1      1      9      5      9      5      1   8103
      1     75      1      1     10      6     16      3      0   3371
      1     75      1      1     11      7      2      1      0   6210
      1     75      1      1     12      6      3      3      0   8011
      1     75      1      1     13      1      6      2      0   9361
      1     75      1      1     14      1      3      6      0   4916
      1     75      1      1     15      2      2      4      0   2463
      1     75      1      1     16      3      2      8      0   4253
      1     75      1      2      1      7      6      7      1   5908
      1     75      1      2      2      8      6      4      0   6408
      1     75      1      2      3      4      9      5      0   2226
      1     75      1      2      4      6      5      6      1   4630
      1     75      1      2      5      6     12      1      0   3643
      1     75      1      2      6      5      5      5      1   4462
      1     75      1      2      7      3     14      3      1   2510
      1     75      1      2      8      8      2      8      1   4942
      1     75      1      2      9      4     11      4      1   2526
      1     75      1      2     10      1     10      2      0   2561
      1     75      1      2     11      3     15      7      0   2893
      1     75      1      2     12      5      4      5      1   1877
      1     75      1      2     13      2      9      4      0   2576
      1     75      1      2     14      7      4      1      0   3776
      1     75      1      2     15      1      9      4      0   2348
      1     75      1      2     16      2     16      2      1   4159
      1     75      2      1      1      4     10      4      1  22870
      1     75      2      1      2      4     14      2      0   1981
      1     75      2      1      3      6     15      7      0   2248
      1     75      2      1      4      1     11      4      0   5580
      1     75      2      1      5      8     13      8      1   2448
      1     75      2      1      6      7     13      1      0   4109
      1     75      2      1      7      5     12      5      1   1244
      1     75      2      1      8      2      6      4      0   5206
      1     75      2      1      9      6      9      6      1   4933
      1     75      2      1     10      3      8      3      1   2223
      1     75      2      1     11      2      4      2      1   3430
      1     75      2      1     12      5      2      5      1   1474
      1     75      2      1     13      1      1      8      0   2079
      1     75      2      1     14      8     15      8      1   1991
      1     75      2      1     15      7      8      1      0   2800
      1     75      2      1     16      3     12      4      0   8467
      1     75      2      2      1      8     10      8      1   2543
      1     75      2      2      2      3     13      3      1   3631
      1     75      2      2      3      3     10      2      0   3378
      1     75      2      2      4      2     10      2      1   2493
      1     75      2      2      5      6      8      6      1   3076
      1     75      2      2      6      6     11      1      0   7512
      1     75      2      2      7      5     14      5      1   1492
      1     75      2      2      8      4     15      4      1   2093
      1     75      2      2      9      2      5      2      1   1479
      1     75      2      2     10      1      2      8      0   4158
      1     75      2      2     11      4     13      4      1   4613
      1     75      2      2     12      7      5      2      0   1693
      1     75      2      2     13      1      4      7      0   3731
      1     75      2      2     14      7     12      1      0   6447
      1     75      2      2     15      5     10      5      1   1528
      1     75      2      2     16      8      3      8      1  10327
      1     75      3      1      1      8     16      8      1   2880
      1     75      3      1      2      3      6      3      1   1733
      1     75      3      1      3      7     16      7      1   4160
      1     75      3      1      4      7      7      4      0   1982
      1     75      3      1      5      1      5      6      0   6501
      1     75      3      1      6      4     16      2      0  13685
      1     75      3      1      7      4      5      8      0   6058
      1     75      3      1      8      6     10      1      0   1928
      1     75      3      1      9      2     14      4      0  15138
      1     75      3      1     10      3     11      3      1   3620
      1     75      3      1     11      2     13      4      0   2741
      1     75      3      1     12      5      7      5      1   1987
      1     75      3      1     13      6      7      6      1   8857
      1     75      3      1     14      8      8      8      1   1517
      1     75      3      1     15      1      7      1      1   2359
      1     75      3      1     16      5      8      5      1   2123
      1     75      3      2      1      5     11      5      1   1560
      1     75      3      2      2      1     14      1      1   1795
      1     75      3      2      3      4      1      4      1   3227
      1     75      3      2      4      1     16      1      1   2176
      1     75      3      2      5      3     16      3      1   2014
      1     75      3      2      6      4      3      2      0   1548
      1     75      3      2      7      8      5      8      1   1326
      1     75      3      2      8      3      7      3      1   3277
      1     75      3      2      9      5     16      5      1   1580
      1     75      3      2     10      6      6      6      1   2493
      1     75      3      2     11      2      3      2      1   2492
      1     75      3      2     12      7     15      7      1   4693
      1     75      3      2     13      2      8      2      1   3464
      1     75      3      2     14      8     14      8      1   1143
      1     75      3      2     15      6     13      6      1   1744
      1     75      3      2     16      7     10      4      0   3660
      1     75      4      1      1      8     16      8      1   1425
      1     75      4      1      2      1     11      7      0   2498
      1     75      4      1      3      6      7      6      1   1777
      1     75      4      1      4      4     12      2      0   1058
      1     75      4      1      5      2      2      2      1   1414
      1     75      4      1      6      3      6      3      1   2013
      1     75      4      1      7      5     12      5      1   1163
      1     75      4      1      8      7     16      7      1   2842
      1     75      4      1      9      6     16      6      1   3272
      1     75      4      1     10      4     16      4      1   2000
      1     75      4      1     11      8      8      8      1   1365
      1     75      4      1     12      5      2      5      1   1485
      1     75      4      1     13      3      9      1      0   1643
      1     75      4      1     14      2     13      2      1   1453
      1     75      4      1     15      7     14      4      0  21701
      1     75      4      1     16      1      1      4      0  16626
      1     75      4      2      1      8      6      8      1   1943
      1     75      4      2      2      5     16      5      1   1393
      1     75      4      2      3      1     10      1      1   1894
      1     75      4      2      4      2      3      4      0   5042
      1     75      4      2      5      2     16      2      1   3176
      1     75      4      2      6      4      3      3      0   1959
      1     75      4      2      7      6     13      6      1   2231
      1     75      4      2      8      3     10      7      0   3663
      1     75      4      2      9      4      1      7      0   6713
      1     75      4      2     10      7     10      1      0   5394
      1     75      4      2     11      5     14      5      1   1359
      1     75      4      2     12      1     14      1      1   2345
      1     75      4      2     13      3     14      3      1   1529
      1     75      4      2     14      6      5      6      1   2077
      1     75      4      2     15      8      5      8      1   1281
      1     75      4      2     16      7     12      7      1   3460
      1     75      5      1      1      6      9      6      1   3268
      1     75      5      1      2      6      3      6      1   2766
      1     75      5      1      3      2      6      2      1   1405
      1     75      5      1      4      3      2      3      1   2207
      1     75      5      1      5      7      8      1      0   2154
      1     75      5      1      6      2      1      2      1   1770
      1     75      5      1      7      8     15      8      1   1292
      1     75      5      1      8      4     10      4      1   1337
      1     75      5      1      9      1      7      1      1   1504
      1     75      5      1     10      5      7      5      1   1500
      1     75      5      1     11      3     11      3      1   1540
      1     75      5      1     12      5      9      5      1   1586
      1     75      5      1     13      7      7      4      0   2884
      1     75      5      1     14      8      9      8      1   1445
      1     75      5      1     15      4      5      1      0   4927
      1     75      5      1     16      1      5      1      1   1202
      1     75      5      2      1      3      7      3      1   7510
      1     75      5      2      2      3     15      7      0   2564
      1     75      5      2      3      8     10      8      1   1459
      1     75      5      2      4      2      9      2      1   1814
      1     75      5      2      5      2     10      4      0   4126
      1     75      5      2      6      7      6      6      0   3061
      1     75      5      2      7      6      6      6      1   1927
      1     75      5      2      8      6     11      6      1   1564
      1     75      5      2      9      8      2      8      1   1547
      1     75      5      2     10      5      4      5      1   2326
      1     75      5      2     11      4     13      4      1   3648
      1     75      5      2     12      5     11      5      1   1010
      1     75      5      2     13      4     11      2      0   3460
      1     75      5      2     14      7      5      4      0  59484
      1     75      5      2     15      1     16      1      1    959
      1     75      5      2     16      1      2      8      0   1975
      1     75      6      1      1      4      8      4      1   2380
      1     75      6      1      2      3     12      3      1   1542
      1     75      6      1      3      3      8      7      0   2761
      1     75      6      1      4      2     14      4      0   2296
      1     75      6      1      5      5      8      5      1   1654
      1     75      6      1      6      5      6      5      1   1443
      1     75      6      1      7      7     13      1      0   2324
      1     75      6      1      8      2      4      2      1   1098
      1     75      6      1      9      8      4      8      1   1140
      1     75      6      1     10      6     10      6      1   1630
      1     75      6      1     11      1      6      4      0   2917
      1     75      6      1     12      1      3      1      1   1471
      1     75      6      1     13      7      2      7      1   8261
      1     75      6      1     14      8     13      8      1   1875
      1     75      6      1     15      6     15      6      1   3019
      1     75      6      1     16      4     14      4      1   2246
      1     75      6      2      1      5      5      5      1   1493
      1     75      6      2      2      2      5      2      1   1643
      1     75      6      2      3      7     15      7      1   2493
      1     75      6      2      4      4      9      4      1   2992
      1     75      6      2      5      2      8      2      1   1397
      1     75      6      2      6      7      4      6      0   2478
      1     75      6      2      7      4     15      1      0   5359
      1     75      6      2      8      1      9      1      1   1478
      1     75      6      2      9      8     14      8      1   1426
      1     75      6      2     10      6     12      7      0   7476
      1     75      6      2     11      1      4      1      1   2614
      1     75      6      2     12      6      8      6      1   1613
      1     75      6      2     13      8      3      8      1   1431
      1     75      6      2     14      5     10      5      1   1394
      1     75      6      2     15      3     16      3      1   2076
      1     75      6      2     16      3     13      3      1   1111
      1     75      7      1      1      3     11      3      1   1265
      1     75      7      1      2      5      8      5      1   1399
      1     75      7      1      3      1      6      1      1   1255
      1     75      7      1      4      8      9      8      1   1206
      1     75      7      1      5      4      8      4      1   1687
      1     75      7      1      6      7     13      7      1   1539
      1     75      7      1      7      4     10      2      0   2833
      1     75      7      1      8      6     10      6      1   2564
      1     75      7      1      9      1      1      1      1   1555
      1     75      7      1     10      7      2      7      1   1886
      1     75      7      1     11      6     16      6      1   1495
      1     75      7      1     12      2      2      2      1   1455
      1     75      7      1     13      8     16      8      1   1189
      1     75      7      1     14      2      6      4      0   1323
      1     75      7      1     15      3      6      3      1   1060
      1     75      7      1     16      5      9      5      1   1042
      1     75      7      2      1      4      3      3      0   1393
      1     75      7      2      2      1     16      1      1   1412
      1     75      7      2      3      1     14      1      1   2431
      1     75      7      2      4      2      3      4      0   5097
      1     75      7      2      5      2      8      2      1   1146
      1     75      7      2      6      3     10      3      1   1931
      1     75      7      2      7      6     13      6      1   1748
      1     75      7      2      8      5     16      5      1   1142
      1     75      7      2      9      5     10      5      1   1026
      1     75      7      2     10      7     15      7      1   1460
      1     75      7      2     11      7      5      4      0   2561
      1     75      7      2     12      6      5      6      1   2209
      1     75      7      2     13      8     14      8      1   1076
      1     75      7      2     14      3     16      3      1   1398
      1     75      7      2     15      8      5      8      1   1593
      1     75      7      2     16      4     11      2      0   3826
      1     75      8      1      1      2     14      8      0   1917
      1     75      8      1      2      5     12      5      1   1063
      1     75      8      1      3      6      7      6      1   1513
      1     75      8      1      4      6      3      7      0   2402
      1     75      8      1      5      8     15      8      1   1548
      1     75      8      1      6      5      6      5      1   1525
      1     75      8      1      7      1     11      1      1   1178
      1     75      8      1      8      3      9      3      1   1293
      1     75      8      1      9      1      5      1      1   1125
      1     75      8      1     10      4     14      4      1   2771
      1     75      8      1     11      7     14      2      0   2051
      1     75      8      1     12      2     13      4      0   1562
      1     75      8      1     13      3      2      3      1   1093
      1     75      8      1     14      7     16      4      0   2272
      1     75      8      1     15      8      8      8      1   1409
      1     75      8      1     16      4     16      4      1   2761
      1     75      8      2      1      7      6      7      1   3825
      1     75      8      2      2      8     10      8      1   1061
      1     75      8      2      3      5     11      5      1   1027
      1     75      8      2      4      3      7      3      1   2443
      1     75      8      2      5      4     15      4      1   3014
      1     75      8      2      6      8      6      8      1   1093
      1     75      8      2      7      1      4      1      1   1143
      1     75      8      2      8      4     13      4      1   2961
      1     75      8      2      9      2     16      2      1   1909
      1     75      8      2     10      6     11      6      1   1725
      1     75      8      2     11      7     10      7      1   1393
      1     75      8      2     12      5      5      5      1   1630
      1     75      8      2     13      1     10      1      1   1561
      1     75      8      2     14      2      9      2      1   1097
      1     75      8      2     15      6      8      6      1   1810
      1     75      8      2     16      3     13      7      0   2363
      1     75      9      1      1      4     12      4      1   3053
      1     75      9      1      2      5      7      5      1   1039
      1     75      9      1      3      6     15      6      1   1859
      1     75      9      1      4      8      4      8      1   1272
      1     75      9      1      5      2      1      2      1    980
      1     75      9      1      6      7      8      7      1   2785
      1     75      9      1      7      7      7      7      1   2331
      1     75      9      1      8      1      3      1      1   1286
      1     75      9      1      9      6      9      6      1   2000
      1     75      9      1     10      2      4      2      1   1239
      1     75      9      1     11      8     13      8      1    996
      1     75      9      1     12      3      8      3      1   1312
      1     75      9      1     13      1      7      1      1   1025
      1     75      9      1     14      3     12      3      1   1949
      1     75      9      1     15      5      2      5      1   1037
      1     75      9      1     16      4      5      4      1   1573
      1     75      9      2      1      2      5      2      1   1775
      1     75      9      2      2      3     15      7      0   5809
      1     75      9      2      3      8      3      8      1   1110
      1     75      9      2      4      7      4      6      0   6046
      1     75      9      2      5      2     10      2      1   1393
      1     75      9      2      6      8      2      8      1   1314
      1     75      9      2      7      6     12      6      1   1760
      1     75      9      2      8      1      9      1      1   1479
      1     75      9      2      9      4      1      4      1   1710
      1     75      9      2     10      4      9      4      1   2398
      1     75      9      2     11      3     14      3      1   1081
      1     75      9      2     12      1      2      8      0   1275
      1     75      9      2     13      5      4      5      1   1276
      1     75      9      2     14      5     14      5      1   1126
      1     75      9      2     15      6      6      6      1   1627
      1     75      9      2     16      7     12      7      1   1664
