      2     49      1      1      1      5      2      3      0   4430   3744
      2     49      1      1      2      5     12      5      1   2028   6894
      2     49      1      1      3      8      8      2      0   1574   2742
      2     49      1      1      4      8      4      8      1   1139   1334
      2     49      1      1      5      4     12      6      0   3018   6128
      2     49      1      1      6      2      9      4      0   1022   6144
      2     49      1      1      7      2      6      2      1   1748   3198
      2     49      1      1      8      4      8      4      1   1605   5244
      2     49      1      1      9      5      8      5      1   4235   2415
      2     49      1      1     10      3      2      7      0   1210   2705
      2     49      1      1     11      3     14      3      1   1030   6930
      2     49      1      1     12      3      7      3      1   1318    992
      2     49      1      1     13      8     15      8      1   3693   2224
      2     49      1      1     14      8     13      8      1   1262    881
      2     49      1      1     15      2     14      3      0   1744   3400
      2     49      1      1     16      2     14      2      1    959   1646
      2     49      1      2      1      3     16      3      1   6947     -1
      2     49      1      2      2      1      7      2      0   6276     -1
      2     49      1      2      3      2      1      4      0   4258     -1
      2     49      1      2      4      6     11      7      0   2508     -1
      2     49      1      2      5      3      8      4      0   1798     -1
      2     49      1      2      6      4      3      3      0   5293     -1
      2     49      1      2      7      6      5      7      0   4858     -1
      2     49      1      2      8      8      9      8      1   2409     -1
      2     49      1      2      9      8     16      8      1   1109     -1
      2     49      1      2     10      4     15      6      0   2209     -1
      2     49      1      2     11      7     15      6      0   1876     -1
      2     49      1      2     12      5     16      5      1   1577     -1
      2     49      1      2     13      1      4      4      0   4309     -1
      2     49      1      2     14      5     11      5      1   1060     -1
      2     49      1      2     15      2      3      3      0   3292     -1
      2     49      1      2     16      7      4      1      0   2243     -1
      2     49      2      1      1      5      2      5      1   1772   3289
      2     49      2      1      2      8     13      8      1   1231   1027
      2     49      2      1      3      3     14      3      1    834   4902
      2     49      2      1      4      3      2      3      1    767    909
      2     49      2      1      5      3      7      3      1    911    782
      2     49      2      1      6      2     14      2      1   1105   2064
      2     49      2      1      7      4     14      2      0    955   4366
      2     49      2      1      8      2     14      2      1    709   1398
      2     49      2      1      9      1      1      4      0    748   2022
      2     49      2      1     10      8      8      1      0   2093   1876
      2     49      2      1     11      8      5      8      1   1046    714
      2     49      2      1     12      4     12      2      0   1581   1905
      2     49      2      1     13      4     12      4      1   1558    818
      2     49      2      1     14      4      5      4      1   1010   1745
      2     49      2      1     15      7     10      4      0    875    735
      2     49      2      1     16      7      6      7      1   1880   1476
      2     49      2      2      1      8     14      8      1   2692     -1
      2     49      2      2      2      2     10      3      0   4993     -1
      2     49      2      2      3      4     16      4      1   3293     -1
      2     49      2      2      4      7      7      7      1   3560     -1
      2     49      2      2      5      7     13      7      1   1364     -1
      2     49      2      2      6      1      9      1      1   2093     -1
      2     49      2      2      7      8      3      8      1   1376     -1
      2     49      2      2      8      4     11      2      0   5228     -1
      2     49      2      2      9      5      7      5      1   1480     -1
      2     49      2      2     10      6     10      7      0   1378     -1
      2     49      2      2     11      2      2      2      1   1610     -1
      2     49      2      2     12      6     12      7      0   5693     -1
      2     49      2      2     13      3     11      6      0   1711     -1
      2     49      2      2     14      1      5      7      0   1661     -1
      2     49      2      2     15      5      9      5      1   1564     -1
      2     49      2      2     16      3     15      3      1   3580     -1
      2     49      3      1      1      3      2      3      1    785   2828
      2     49      3      1      2      3     14      3      1    871   1170
      2     49      3      1      3      3      7      3      1    914    812
      2     49      3      1      4      7      6      7      1   1312   1228
      2     49      3      1      5      2     16      3      0   1008   5491
      2     49      3      1      6      2     16      2      1   1765   1044
      2     49      3      1      7      4     13      2      0   1394   2208
      2     49      3      1      8      4     12      6      0   1633   5053
      2     49      3      1      9      1      2      4      0   2065   2270
      2     49      3      1     10      7      8      7      1   1966    926
      2     49      3      1     11      8      6      8      1   1194    815
      2     49      3      1     12      5     12      5      1   1635   1123
      2     49      3      1     13      5      8      5      1    937    706
      2     49      3      1     14      1     10      1      1   1680   1061
      2     49      3      1     15      3      9      3      1   2555   2412
      2     49      3      1     16      3     13      3      1   1098   1027
      2     49      3      2      1      7     14      7      1   2326     -1
      2     49      3      2      2      8     10      6      0   4514     -1
      2     49      3      2      3      6      3      7      0   1947     -1
      2     49      3      2      4      3      6      3      1   1977     -1
      2     49      3      2      5      4      1      4      1   2880     -1
      2     49      3      2      6      5      4      5      1   1194     -1
      2     49      3      2      7      2      4      2      1   2025     -1
      2     49      3      2      8      2      5      4      0   3229     -1
      2     49      3      2      9      6      9      7      0   1261     -1
      2     49      3      2     10      1     14      3      0   1594     -1
      2     49      3      2     11      1     16      3      0   1693     -1
      2     49      3      2     12      3     12      3      1   1062     -1
      2     49      3      2     13      4     10      2      0   2860     -1
      2     49      3      2     14      5      6      5      1   1562     -1
      2     49      3      2     15      8      2      8      1   1945     -1
      2     49      3      2     16      7     16      7      1   1242     -1
      2     49      4      1      1      1     10      4      0   1415   1723
      2     49      4      1      2      1     10      1      1    981   1243
      2     49      4      1      3      4      8      4      1   1654   1054
      2     49      4      1      4      6     15      1      0   2503   1999
      2     49      4      1      5      6     15      6      1   1373    953
      2     49      4      1      6      5     10      5      1   1241    984
      2     49      4      1      7      7      5      7      1   1484    908
      2     49      4      1      8      4     12      2      0   1029    913
      2     49      4      1      9      1      2      2      0   3983    809
      2     49      4      1     10      1      2      1      1   1101    742
      2     49      4      1     11      1     10      1      1   1404    673
      2     49      4      1     12      4      5      7      0   1930   1244
      2     49      4      1     13      4     12      4      1    965   3761
      2     49      4      1     14      7     10      7      1   1011   1081
      2     49      4      1     15      7      6      7      1    822    755
      2     49      4      1     16      2     13      2      1   1544   2009
      2     49      4      2      1      3     11      3      1   1310     -1
      2     49      4      2      2      2     10      2      1   3126     -1
      2     49      4      2      3      4     16      2      0   1660     -1
      2     49      4      2      4      5      6      5      1   1878     -1
      2     49      4      2      5      1     14      3      0   1694     -1
      2     49      4      2      6      4      3      4      1   1978     -1
      2     49      4      2      7      3      8      3      1   3527     -1
      2     49      4      2      8      6     12      1      0   2243     -1
      2     49      4      2      9      6      3      7      0   1345     -1
      2     49      4      2     10      2      5      2      1   2163     -1
      2     49      4      2     11      5      7      5      1   1230     -1
      2     49      4      2     12      8      9      8      1   1229     -1
      2     49      4      2     13      8      3      8      1   1544     -1
      2     49      4      2     14      7      7      7      1   1214     -1
      2     49      4      2     15      1      5      6      0   4360     -1
      2     49      4      2     16      7     15      7      1   1028     -1
      2     49      5      1      1      6     13      1      0   1593   2341
      2     49      5      1      2      6     13      6      1   1319    725
      2     49      5      1      3      8      5      8      1    880    912
      2     49      5      1      4      8      8      8      1   1178    798
      2     49      5      1      5      8      4      8      1    807   2245
      2     49      5      1      6      2      6      2      1    826    751
      2     49      5      1      7      4     13      4      1   3444   1213
      2     49      5      1      8      8     13      4      0   2792   1049
      2     49      5      1      9      2     16      4      0    958   1349
      2     49      5      1     10      5      2      5      1    924   1349
      2     49      5      1     11      7      2      7      1    814   1111
      2     49      5      1     12      6     16      6      1   1422   1120
      2     49      5      1     13      6     13      6      1   1066   2551
      2     49      5      1     14      6      8      6      1   1051    892
      2     49      5      1     15      2      9      4      0   4262   1196
      2     49      5      1     16      1      1      2      0   1584    974
      2     49      5      2      1      4     11      2      0   5142     -1
      2     49      5      2      2      8     16      8      1   1726     -1
      2     49      5      2      3      5      9      5      1    930     -1
      2     49      5      2      4      5     11      5      1   1047     -1
      2     49      5      2      5      1      4      1      1   9645     -1
      2     49      5      2      6      2      4      2      1   1881     -1
      2     49      5      2      7      7      4      1      0   6893     -1
      2     49      5      2      8      7     16      7      1   1192     -1
      2     49      5      2      9      3      6      3      1   1193     -1
      2     49      5      2     10      1     16      3      0   1297     -1
      2     49      5      2     11      8     10      8      1   1131     -1
      2     49      5      2     12      4      1      4      1   2377     -1
      2     49      5      2     13      3     16      3      1   1111     -1
      2     49      5      2     14      6     10      7      0    961     -1
      2     49      5      2     15      2      2      2      1    930     -1
      2     49      5      2     16      6     11      6      1   1628     -1
      2     49      6      1      1      1      1      2      0    728   6630
      2     49      6      1      2      1      1      1      1    807   1052
      2     49      6      1      3      6      6      6      1   1379   1743
      2     49      6      1      4      2      8      2      1   2205    887
      2     49      6      1      5      1      3      1      1   2366    744
      2     49      6      1      6      2     14      8      0   1223    937
      2     49      6      1      7      2     16      2      1   1102   3543
      2     49      6      1      8      3      2      3      1   1074   1266
      2     49      6      1      9      1     11      2      0   3878   1345
      2     49      6      1     10      5      5      5      1   2323   1086
      2     49      6      1     11      6      7      7      0   1694   2538
      2     49      6      1     12      1      6      1      1   4631   1358
      2     49      6      1     13      4      9      2      0   2329    995
      2     49      6      1     14      5     14      5      1    953   1172
      2     49      6      1     15      3     14      3      1   2222    771
      2     49      6      1     16      3      7      3      1   1301    792
      2     49      6      2      1      6      9      7      0   1294     -1
      2     49      6      2      2      2      1      4      0   3025     -1
      2     49      6      2      3      8      2      8      1   1175     -1
      2     49      6      2      4      3     15      3      1   2610     -1
      2     49      6      2      5      1      7      1      1   1876     -1
      2     49      6      2      6      4     15      2      0   3428     -1
      2     49      6      2      7      2      3      1      0   5492     -1
      2     49      6      2      8      4     10      4      1   2043     -1
      2     49      6      2      9      8     14      8      1   1110     -1
      2     49      6      2     10      5      4      5      1    942     -1
      2     49      6      2     11      7     14      7      1    997     -1
      2     49      6      2     12      5     16      5      1   1229     -1
      2     49      6      2     13      3     12      3      1   1781     -1
      2     49      6      2     14      7     13      7      1   1314     -1
      2     49      6      2     15      6      5      6      1   1412     -1
      2     49      6      2     16      1      9      1      1   3694     -1
      2     49      7      1      1      4     14      2      0   1510   2175
      2     49      7      1      2      2      6      2      1    741   1664
      2     49      7      1      3      1     10      2      0   1325   1597
      2     49      7      1      4      4      8      2      0    796   1510
      2     49      7      1      5      6     13      6      1    906  12790
      2     49      7      1      6      2      6      4      0   1118   5798
      2     49      7      1      7      2      8      2      1   1228   1511
      2     49      7      1      8      4     14      2      0   1055   1087
      2     49      7      1      9      2      9      2      1    669   2646
      2     49      7      1     10      4     12      2      0    754   4303
      2     49      7      1     11      1     10      1      1   1276   4065
      2     49      7      1     12      1      1      2      0   1014   2304
      2     49      7      1     13      1      3      1      1   1042  10512
      2     49      7      1     14      4     13      4      1   1030   1525
      2     49      7      1     15      4     14      4      1   2049   2748
      2     49      7      1     16      4     12      4      1    830   1641
      2     49      7      2      1      2      3      1      0   2375     -1
      2     49      7      2      2      4     15      1      0   5742     -1
      2     49      7      2      3      7      4      6      0   1331     -1
      2     49      7      2      4      1      4      1      1   4297     -1
      2     49      7      2      5      5      6      5      1   1030     -1
      2     49      7      2      6      7     15      7      1    876     -1
      2     49      7      2      7      8      3      8      1    893     -1
      2     49      7      2      8      2      5      2      1   2241     -1
      2     49      7      2      9      3     16      3      1   1042     -1
      2     49      7      2     10      6     11      6      1   1258     -1
      2     49      7      2     11      3     15      3      1   5043     -1
      2     49      7      2     12      1      7      6      0   3714     -1
      2     49      7      2     13      6      9      7      0    961     -1
      2     49      7      2     14      5     11      5      1    943     -1
      2     49      7      2     15      4     11      2      0   1176     -1
      2     49      7      2     16      8     10      8      1    942     -1
      2     49      8      1      1      6      8      6      1    812   1261
      2     49      8      1      2      6      7      6      1    939   1815
      2     49      8      1      3      5      5      5      1   1200   1654
      2     49      8      1      4      6      6      6      1   1609  10216
      2     49      8      1      5      6      6      6      1   2070   6259
      2     49      8      1      6      1      3      1      1   1630   2619
      2     49      8      1      7      1      1      2      0   1753   2397
      2     49      8      1      8      1      2      1      1    899   3445
      2     49      8      1      9      4     12      4      1    873   1284
      2     49      8      1     10      2      6      2      1    984    843
      2     49      8      1     11      2      9      2      1    822    638
      2     49      8      1     12      4     13      4      1   3339   1665
      2     49      8      1     13      2      8      2      1   1502   4502
      2     49      8      1     14      1      3      1      1   1116   1042
      2     49      8      1     15      4      9      2      0   1866   2433
      2     49      8      1     16      1     10      1      1   1015   3794
      2     49      8      2      1      5     16      5      1   1124     -1
      2     49      8      2      2      8      9      8      1    878     -1
      2     49      8      2      3      1      5      3      0   1146     -1
      2     49      8      2      4      5      4      5      1    981     -1
      2     49      8      2      5      4     10      4      1   3093     -1
      2     49      8      2      6      2     10      4      0   2444     -1
      2     49      8      2      7      4      3      4      1   1908     -1
      2     49      8      2      8      1      9      1      1   1879     -1
      2     49      8      2      9      6      5      6      1   1175     -1
      2     49      8      2     10      8      2      8      1   1158     -1
      2     49      8      2     11      3      6      3      1   1526     -1
      2     49      8      2     12      7      7      7      1   2427     -1
      2     49      8      2     13      3      8      3      1   1694     -1
      2     49      8      2     14      7     16      7      1   1275     -1
      2     49      8      2     15      6      3      7      0   2831     -1
      2     49      8      2     16      2      4      2      1   2163     -1
      2     49      9      1      1      8      5      8      1    811   1361
      2     49      9      1      2      8      8      3      0    842    519
      2     49      9      1      3      2      6      2      1   1385    708
      2     49      9      1      4      2     16      4      0   2234   2550
      2     49      9      1      5      2      8      2      1    739   1980
      2     49      9      1      6      2      6      2      1    908   3371
      2     49      9      1      7      4     12      4      1    768    941
      2     49      9      1      8      1     10      1      1   1120    989
      2     49      9      1      9      1      2      1      1   1005    821
      2     49      9      1     10      3     14      3      1   9825   4297
      2     49      9      1     11      6     15      6      1   1035   3394
      2     49      9      1     12      6     13      6      1   1383   1141
      2     49      9      1     13      2     14      4      0   2751   2117
      2     49      9      1     14      2      8      2      1    856   2112
      2     49      9      1     15      2     14      2      1   1491   1382
      2     49      9      1     16      4      9      4      1   1270   2728
      2     49      9      2      1      8     16      8      1   2280     -1
      2     49      9      2      2      4     16      4      1   3393     -1
      2     49      9      2      3      5      7      5      1   1262     -1
      2     49      9      2      4      1     16      1      1   4814     -1
      2     49      9      2      5      6     10      7      0    978     -1
      2     49      9      2      6      2      1      2      1   3195     -1
      2     49      9      2      7      7     13      7      1   1175     -1
      2     49      9      2      8      2      2      2      1   3926     -1
      2     49      9      2      9      3     12      3      1    977     -1
      2     49      9      2     10      7     14      7      1    930     -1
      2     49      9      2     11      1     14      6      0   2330     -1
      2     49      9      2     12      5      9      5      1   1227     -1
      2     49      9      2     13      8     14      8      1   1760     -1
      2     49      9      2     14      4      1      4      1   4810     -1
      2     49      9      2     15      6     12      6      1   1110     -1
      2     49      9      2     16      3     11      3      1    976     -1
