      2    134      1      1      1      6      7      6      1   6769   4331
      2    134      1      1      2      5      5      5      1   6248   2537
      2    134      1      1      3      3     16      3      1    949   8042
      2    134      1      1      4      7     13      4      0   3840  24901
      2    134      1      1      5      2      9      1      0   3030   3715
      2    134      1      1      6      4     12      1      0   6630   2818
      2    134      1      1      7      5     11      8      0   3592  26940
      2    134      1      1      8      5      9      5      1   1145   1553
      2    134      1      1      9      6      9      7      0   3094   1598
      2    134      1      1     10      3     14      3      1   2138   1520
      2    134      1      1     11      4      5      6      0   1380   1349
      2    134      1      1     12      7     13      4      0   1167   1174
      2    134      1      1     13      6      9      7      0   1018   1652
      2    134      1      1     14      3      2      5      0   1243   2807
      2    134      1      1     15      8     14      2      0   3652   3508
      2    134      1      1     16      8     16      8      1    881   2599
      2    134      1      2      1      2      2      1      0   5056
      2    134      1      2      2      3     13      8      0   6302
      2    134      1      2      3      4      1      3      0   3782
      2    134      1      2      4      5      8      5      1   1664
      2    134      1      2      5      3      6      7      0   3552
      2    134      1      2      6      7      2      6      0   4084
      2    134      1      2      7      1     14      2      0   7000
      2    134      1      2      8      6     10      7      0   2766
      2    134      1      2      9      6      5      3      0   2661
      2    134      1      2     10      7     16      4      0   4346
      2    134      1      2     11      2      1      1      0   2380
      2    134      1      2     12      8      8      8      1   3967
      2    134      1      2     13      1      5      2      0   3767
      2    134      1      2     14      8      5      8      1   1597
      2    134      1      2     15      4     16      4      1   5353
      2    134      1      2     16      5     12      5      1   1448
      2    134      2      1      1      1      7      3      0   1615   2766
      2    134      2      1      2      1      1      5      0   1614   2319
      2    134      2      1      3      3     10      1      0    981   3924
      2    134      2      1      4      3      7      3      1   1422   1901
      2    134      2      1      5      6      9      7      0    722    983
      2    134      2      1      6      7     13      7      1   1171   1732
      2    134      2      1      7      7     15      7      1   1013   2684
      2    134      2      1      8      1     11      1      1   1186   3587
      2    134      2      1      9      3     16      3      1   1654   1536
      2    134      2      1     10      2     13      2      1    758   1191
      2    134      2      1     11      8     10      8      1    870   2010
      2    134      2      1     12      4      5      2      0   1632   2047
      2    134      2      1     13      6      7      4      0   1508   2379
      2    134      2      1     14      6     11      6      1    958   3678
      2    134      2      1     15      4     14      2      0   4299   1952
      2    134      2      1     16      2     14      4      0   1066   1346
      2    134      2      2      1      5      7      5      1   2402
      2    134      2      2      2      1     16      3      0   6570
      2    134      2      2      3      5      6      5      1   1682
      2    134      2      2      4      6     12      3      0   2367
      2    134      2      2      5      1      3      1      1   2199
      2    134      2      2      6      7      6      7      1   4434
      2    134      2      2      7      3      9      1      0   2945
      2    134      2      2      8      4      3      3      0   6537
      2    134      2      2      9      7      4      4      0   3095
      2    134      2      2     10      3      8      3      1   3634
      2    134      2      2     11      2      5      2      1   2044
      2    134      2      2     12      8      6      8      1   1549
      2    134      2      2     13      2      3      2      1   2927
      2    134      2      2     14      8      4      8      1   1327
      2    134      2      2     15      4      8      6      0   3462
      2    134      2      2     16      6      6      6      1   1582
      2    134      3      1      1      6      8      6      1    959   2131
      2    134      3      1      2      7     10      6      0   2395   3626
      2    134      3      1      3      7      7      7      1   1239   4259
      2    134      3      1      4      4     14      4      1   1732   1589
      2    134      3      1      5      2      4      2      1   1170   1847
      2    134      3      1      6      3     16      3      1    677   5998
      2    134      3      1      7      3     14      3      1   1077    979
      2    134      3      1      8      1     11      1      1    716   1363
      2    134      3      1      9      1      6      1      1   1279   2048
      2    134      3      1     10      4      5      4      1   2353   1555
      2    134      3      1     11      3     15      2      0   2893   3849
      2    134      3      1     12      4     13      4      1    837   1945
      2    134      3      1     13      7      5      6      0   2436   2349
      2    134      3      1     14      4     12      3      0   1901   3359
      2    134      3      1     15      1      9      4      0    688   2622
      2    134      3      1     16      7     14      7      1   1668    968
      2    134      3      2      1      8      3      8      1   2002
      2    134      3      2      2      2      6      2      1   6754
      2    134      3      2      3      5     14      5      1   1515
      2    134      3      2      4      5     10      5      1   4634
      2    134      3      2      5      6     15      6      1   2400
      2    134      3      2      6      3     11      7      0   7571
      2    134      3      2      7      4     15      4      1   1731
      2    134      3      2      8      3     12      7      0   8022
      2    134      3      2      9      6      3      6      1   1616
      2    134      3      2     10      8     15      8      1   1464
      2    134      3      2     11      4      9      2      0   5469
      2    134      3      2     12      1      2      1      1   4618
      2    134      3      2     13      2      8      2      1   4851
      2    134      3      2     14      7     12      7      1   2983
      2    134      3      2     15      7      8      7      1   1431
      2    134      3      2     16      1     10      1      1   5069
      2    134      4      1      1      1      1      3      0   1666    694
      2    134      4      1      2      2     14      8      0   2009    846
      2    134      4      1      3      8      9      8      1   1092   2314
      2    134      4      1      4      3     15      4      0   2521    984
      2    134      4      1      5      7     15      7      1   1160   1028
      2    134      4      1      6      8     13      8      1   1614   1446
      2    134      4      1      7      1      1      1      1   1980   1763
      2    134      4      1      8      1      6      3      0    872   1780
      2    134      4      1      9      2     10      4      0   1272    723
      2    134      4      1     10      1      4      3      0   2854   1700
      2    134      4      1     11      6      8      6      1    984   2017
      2    134      4      1     12      7     10      7      1    787   2707
      2    134      4      1     13      3     14      3      1    988   1365
      2    134      4      1     14      3     15      3      1   2967   1126
      2    134      4      1     15      1      7      1      1   2105   1212
      2    134      4      1     16      4     10      2      0   1852   1198
      2    134      4      2      1      6     12      3      0   2352
      2    134      4      2      2      1      3      1      1   4468
      2    134      4      2      3      7      4      4      0   3467
      2    134      4      2      4      4     15      4      1   2378
      2    134      4      2      5      2      8      2      1   4435
      2    134      4      2      6      5     10      5      1   1410
      2    134      4      2      7      6      6      6      1   3313
      2    134      4      2      8      2      6      2      1   1883
      2    134      4      2      9      3      9      3      1   2732
      2    134      4      2     10      5      8      5      1   1098
      2    134      4      2     11      8      6      8      1   1360
      2    134      4      2     12      8      4      8      1   1566
      2    134      4      2     13      7     12      7      1   2745
      2    134      4      2     14      3      8      3      1   5915
      2    134      4      2     15      4     16      4      1   6871
      2    134      4      2     16      1      5      1      1   8021
      2    134      5      1      1      5     11      5      1    837    961
      2    134      5      1      2      4     11      2      0   2462    644
      2    134      5      1      3      8     16      8      1    918   1360
      2    134      5      1      4      1      4      4      0   2377   1021
      2    134      5      1      5      6      9      6      1    601   1148
      2    134      5      1      6      4     10      4      1   2959   1225
      2    134      5      1      7      6     13      2      0   1296    944
      2    134      5      1      8      2     16      2      1    951   3329
      2    134      5      1      9      2     10      2      1    725   1450
      2    134      5      1     10      2      4      2      1   1043   1060
      2    134      5      1     11      2      9      1      0   1140   1225
      2    134      5      1     12      8     10      8      1    874   1403
      2    134      5      1     13      2     16      2      1   2052   2809
      2    134      5      1     14      1      4      4      0    783   3459
      2    134      5      1     15      1      6      1      1    999   2502
      2    134      5      1     16      3     16      3      1    741   1808
      2    134      5      2      1      1     16      1      1   5655
      2    134      5      2      2      4      8      4      1   2061
      2    134      5      2      3      3     11      7      0   4285
      2    134      5      2      4      5     14      5      1   1314
      2    134      5      2      5      4      3      1      0   5949
      2    134      5      2      6      1     10      4      0   9340
      2    134      5      2      7      5      6      5      1   1228
      2    134      5      2      8      6      5      3      0   1632
      2    134      5      2      9      8      8      8      1   2666
      2    134      5      2     10      2      2      2      1   1932
      2    134      5      2     11      8      3      8      1   1498
      2    134      5      2     12      7      8      7      1   2582
      2    134      5      2     13      7     16      4      0   2600
      2    134      5      2     14      6     15      6      1   1427
      2    134      5      2     15      3     12      7      0   5235
      2    134      5      2     16      2      3      2      1   2149
      2    134      6      1      1      5      5      5      1   1770   3430
      2    134      6      1      2      4     12      1      0   1738  41066
      2    134      6      1      3      2     14      8      0   1202   1395
      2    134      6      1      4      3     10      3      1   1011   1171
      2    134      6      1      5      6     16      3      0    977   2438
      2    134      6      1      6      1      6      3      0   1973   2460
      2    134      6      1      7      2      9      2      1    859   3207
      2    134      6      1      8      7     15      7      1    934    865
      2    134      6      1      9      3     10      3      1   1084    972
      2    134      6      1     10      1      7      1      1    948    844
      2    134      6      1     11      4      5      7      0   2257    853
      2    134      6      1     12      7      5      7      1   1791   1273
      2    134      6      1     13      8      2      8      1   1295   2798
      2    134      6      1     14      3     15      4      0   1582   1104
      2    134      6      1     15      6      8      6      1    669   2382
      2    134      6      1     16      4     11      1      0    755    658
      2    134      6      2      1      1     14      1      1   5673
      2    134      6      2      2      4      9      2      0   3083
      2    134      6      2      3      6     10      6      1   3434
      2    134      6      2      4      4      1      1      0   7333
      2    134      6      2      5      6      3      6      1   1348
      2    134      6      2      6      2      5      2      1   1649
      2    134      6      2      7      8      5      8      1   1215
      2    134      6      2      8      7      6      7      1   3684
      2    134      6      2      9      2      1      2      1   1164
      2    134      6      2     10      8     15      8      1   1499
      2    134      6      2     11      3     13      3      1   1798
      2    134      6      2     12      3      6      3      1   1593
      2    134      6      2     13      5     12      5      1   1194
      2    134      6      2     14      1      2      4      0   4319
      2    134      6      2     15      7      2      7      1   1733
      2    134      6      2     16      5      7      5      1   1114
      2    134      7      1      1      1      7      1      1    996  31204
      2    134      7      1      2      6      8      6      1    827   2615
      2    134      7      1      3      2     16      2      1   2380   1391
      2    134      7      1      4      4     14      4      1   1134   1280
      2    134      7      1      5      1      1      3      0   1961   1352
      2    134      7      1      6      6     16      6      1   1287   7247
      2    134      7      1      7      7     13      7      1    790   4811
      2    134      7      1      8      5      5      5      1   1148   2355
      2    134      7      1      9      3     14      3      1    896    910
      2    134      7      1     10      3      2      7      0    821   1032
      2    134      7      1     11      4     11      2      0    501    759
      2    134      7      1     12      4     12      2      0   1062   1528
      2    134      7      1     13      1      4      1      1    709    881
      2    134      7      1     14      2     16      2      1    979   1371
      2    134      7      1     15      6      9      6      1    858   1045
      2    134      7      1     16      4     13      4      1   1539   1716
      2    134      7      2      1      2      8      2      1   4754
      2    134      7      2      2      4      3      1      0   2165
      2    134      7      2      3      1      2      2      0   7038
      2    134      7      2      4      3      6      3      1   1364
      2    134      7      2      5      7      2      7      1   1098
      2    134      7      2      6      7     16      4      0   3705
      2    134      7      2      7      2      6      2      1   1049
      2    134      7      2      8      5      8      5      1   1092
      2    134      7      2      9      6     15      6      1   1548
      2    134      7      2     10      5     12      5      1    997
      2    134      7      2     11      4      9      2      0  11926
      2    134      7      2     12      3     13      3      1   2517
      2    134      7      2     13      8      6      8      1   1611
      2    134      7      2     14      8      8      8      1   1566
      2    134      7      2     15      1      3      1      1   2616
      2    134      7      2     16      6      6      6      1   3000
      2    134      8      1      1      2     16      2      1    997   2379
      2    134      8      1      2      3      2      3      1    999    953
      2    134      8      1      3      1      1      3      0   4252    713
      2    134      8      1      4      1      1      1      1    632   1249
      2    134      8      1      5      2      9      2      1    915   1462
      2    134      8      1      6      4     14      4      1   1805    903
      2    134      8      1      7      6     11      6      1   1220   1636
      2    134      8      1      8      3     15      3      1   1026    930
      2    134      8      1      9      4     10      1      0   1546   1221
      2    134      8      1     10      7     10      7      1    983   1678
      2    134      8      1     11      7     15      7      1   1237   1341
      2    134      8      1     12      3      7      3      1   1232    958
      2    134      8      1     13      8     10      8      1   1234   1704
      2    134      8      1     14      4      5      4      1   1260    914
      2    134      8      1     15      1      6      1      1   1602   1052
      2    134      8      1     16      7     13      7      1    911   1546
      2    134      8      2      1      2      3      1      0   3604
      2    134      8      2      2      2      5      2      1   2031
      2    134      8      2      3      3      9      3      1   1498
      2    134      8      2      4      1     10      1      1   1365
      2    134      8      2      5      6     10      6      1   1933
      2    134      8      2      6      7      8      7      1   1315
      2    134      8      2      7      3      8      3      1   3100
      2    134      8      2      8      1     16      1      1   2265
      2    134      8      2      9      8      4      8      1   1264
      2    134      8      2     10      6      3      6      1   1581
      2    134      8      2     11      4     15      4      1   5397
      2    134      8      2     12      8      5      8      1   1209
      2    134      8      2     13      7      6      7      1   3751
      2    134      8      2     14      5      7      5      1   1231
      2    134      8      2     15      4      8      4      1   7387
      2    134      8      2     16      5     14      2      0   2967
      2    134      9      1      1      8     16      8      1    721   2080
      2    134      9      1      2      4     12      1      0    940    963
      2    134      9      1      3      4     10      4      1   1843   2352
      2    134      9      1      4      7     13      7      1    918   1897
      2    134      9      1      5      4      5      4      1   1117   1231
      2    134      9      1      6      5      9      5      1    889   2220
      2    134      9      1      7      3      7      3      1    957   1141
      2    134      9      1      8      2      4      2      1   1000    988
      2    134      9      1      9      1      9      1      1    865   1493
      2    134      9      1     10      2      9      4      0   1556   1471
      2    134      9      1     11      1      1      3      0   1791    758
      2    134      9      1     12      6      8      6      1   1030   1137
      2    134      9      1     13      1      6      1      1    943    936
      2    134      9      1     14      3     10      3      1   1354   1114
      2    134      9      1     15      3      2      3      1    811   1920
      2    134      9      1     16      8      9      8      1   1065   1250
      2    134      9      2      1      3     11      3      1   1865
      2    134      9      2      2      8      3      8      1   1314
      2    134      9      2      3      6     12      3      0   6081
      2    134      9      2      4      7      4      7      1   7288
      2    134      9      2      5      5      6      5      1   1147
      2    134      9      2      6      5     10      5      1   1681
      2    134      9      2      7      4     16      2      0   3016
      2    134      9      2      8      1     14      1      1   1565
      2    134      9      2      9      6      5      3      0   1381
      2    134      9      2     10      4      1      1      0   1581
      2    134      9      2     11      2      2      4      0   6756
      2    134      9      2     12      7     12      7      1   1399
      2    134      9      2     13      2      1      2      1   1282
      2    134      9      2     14      1      5      2      0   8606
      2    134      9      2     15      8     15      8      1   1326
      2    134      9      2     16      3     12      3      1   2767
