      1    200      1      1      1      2      6      2      1   1607
      1    200      1      1      2      8     14      8      1   5139
      1    200      1      1      3      1     11      7      0   6911
      1    200      1      1      4      8      3      8      1   1848
      1    200      1      1      5      3      6      3      1   4562
      1    200      1      1      6      7     12      3      0   1399
      1    200      1      1      7      5      5      5      1   2042
      1    200      1      1      8      6      6      6      1   5540
      1    200      1      1      9      4      5      4      1   2373
      1    200      1      1     10      6     10      6      1   5064
      1    200      1      1     11      7      8      7      1   2722
      1    200      1      1     12      5      9      5      1   1940
      1    200      1      1     13      1     14      3      0   4100
      1    200      1      1     14      2     14      8      0   1698
      1    200      1      1     15      4     13      7      0  11782
      1    200      1      1     16      3     15      3      1   2172
      1    200      1      2      1      8      2      8      1   3431
      1    200      1      2      2      7     15      7      1   5513
      1    200      1      2      3      6      8      6      1   2881
      1    200      1      2      4      2      8      2      1   4212
      1    200      1      2      5      8      4      8      1   1463
      1    200      1      2      6      6     15      6      1   2246
      1    200      1      2      7      7     13      6      0   4996
      1    200      1      2      8      5     14      5      1   1681
      1    200      1      2      9      4     14      4      1   4780
      1    200      1      2     10      5      8      5      1   1379
      1    200      1      2     11      1      6      1      1   2830
      1    200      1      2     12      4     12      1      0   3346
      1    200      1      2     13      2      3      7      0   3813
      1    200      1      2     14      3      8      3      1   1013
      1    200      1      2     15      1     16      1      1   2929
      1    200      1      2     16      3     13      3      1    829
      1    200      2      1      1      2      2      2      1  11049
      1    200      2      1      2      1      4      7      0   4241
      1    200      2      1      3      5      6      5      1   1298
      1    200      2      1      4      1      5      1      1   4976
      1    200      2      1      5      8     10      8      1   1189
      1    200      2      1      6      4     15      7      0   6836
      1    200      2      1      7      2      5      2      1   1617
      1    200      2      1      8      7     16      7      1   1890
      1    200      2      1      9      5      7      5      1   1370
      1    200      2      1     10      8      5      8      1    904
      1    200      2      1     11      6      5      6      1   2430
      1    200      2      1     12      4      8      1      0   2025
      1    200      2      1     13      7      4      6      0   1916
      1    200      2      1     14      3     14      3      1   1280
      1    200      2      1     15      3     12      1      0   5847
      1    200      2      1     16      6     13      7      0   4780
      1    200      2      2      1      5     11      5      1   1197
      1    200      2      2      2      7     14      7      1   6063
      1    200      2      2      3      1      2      1      1   7696
      1    200      2      2      4      6      3      6      1   1313
      1    200      2      2      5      2     16      2      1   1146
      1    200      2      2      6      5      2      5      1   1197
      1    200      2      2      7      4      9      5      0   2946
      1    200      2      2      8      7     10      7      1   3130
      1    200      2      2      9      3      2      3      1   1563
      1    200      2      2     10      6     12      6      1   2981
      1    200      2      2     11      3      7      3      1   1113
      1    200      2      2     12      2     13      2      1   1263
      1    200      2      2     13      8     15      8      1   1263
      1    200      2      2     14      4     10      4      1   5879
      1    200      2      2     15      1     10      1      1   1513
      1    200      2      2     16      8      6      8      1   1130
      1    200      3      1      1      8     16      8      1   1067
      1    200      3      1      2      4     16      2      0   2447
      1    200      3      1      3      7      7      7      1   1482
      1    200      3      1      4      3     10      3      1   2571
      1    200      3      1      5      3      9      3      1   1196
      1    200      3      1      6      6     16      6      1   2610
      1    200      3      1      7      5      4      5      1   1463
      1    200      3      1      8      1      9      1      1   2648
      1    200      3      1      9      4     11      1      0   1349
      1    200      3      1     10      1      1      1      1   3218
      1    200      3      1     11      8      8      8      1   1077
      1    200      3      1     12      6      7      6      1   1462
      1    200      3      1     13      7      6      6      0   1218
      1    200      3      1     14      2      4      2      1   3132
      1    200      3      1     15      2      1      4      0   1581
      1    200      3      1     16      5     16      5      1    915
      1    200      3      2      1      8     13      8      1   1129
      1    200      3      2      2      3     16      1      0   2564
      1    200      3      2      3      1      3      1      1   1980
      1    200      3      2      4      5     12      5      1    997
      1    200      3      2      5      7      5      7      1   1464
      1    200      3      2      6      1      7      1      1   1248
      1    200      3      2      7      5     10      5      1   1214
      1    200      3      2      8      8      9      8      1   1029
      1    200      3      2      9      4      3      3      0   3629
      1    200      3      2     10      4      1      7      0   1880
      1    200      3      2     11      6     11      6      1   1279
      1    200      3      2     12      3     11      3      1   4996
      1    200      3      2     13      2      9      2      1   1163
      1    200      3      2     14      6      9      6      1   1180
      1    200      3      2     15      7      2      7      1   1446
      1    200      3      2     16      2     10      2      1   1330
      1    200      4      1      1      2      5      2      1    954
      1    200      4      1      2      2      4      2      1   1250
      1    200      4      1      3      6      5      6      1   1825
      1    200      4      1      4      8     14      8      1   1183
      1    200      4      1      5      5     16      5      1   1082
      1    200      4      1      6      5      6      5      1   3801
      1    200      4      1      7      6      7      6      1   1353
      1    200      4      1      8      4     11      4      1   1893
      1    200      4      1      9      1      4      1      1   1388
      1    200      4      1     10      8     10      8      1   1452
      1    200      4      1     11      7      6      6      0   1026
      1    200      4      1     12      7      7      7      1   1302
      1    200      4      1     13      3     15      3      1   2208
      1    200      4      1     14      4      5      4      1   3275
      1    200      4      1     15      1      1      4      0   1472
      1    200      4      1     16      3     10      3      1   2956
      1    200      4      2      1      2     16      2      1   3579
      1    200      4      2      2      7     15      7      1   2279
      1    200      4      2      3      3      7      3      1   1361
      1    200      4      2      4      1     10      1      1   1297
      1    200      4      2      5      5     11      5      1   1114
      1    200      4      2      6      8     15      8      1   1097
      1    200      4      2      7      7      2      7      1   1213
      1    200      4      2      8      2      8      2      1   1195
      1    200      4      2      9      4      9      4      1   2963
      1    200      4      2     10      6      8      6      1   1246
      1    200      4      2     11      6      9      6      1   1230
      1    200      4      2     12      8     13      8      1   1746
      1    200      4      2     13      1      2      1      1   2612
      1    200      4      2     14      3     13      3      1   1313
      1    200      4      2     15      4     14      4      1   1163
      1    200      4      2     16      5     10      5      1   1647
      1    200      5      1      1      5      7      5      1    942
      1    200      5      1      2      5      4      5      1   1124
      1    200      5      1      3      7     12      7      1   1587
      1    200      5      1      4      4      8      4      1   1116
      1    200      5      1      5      3     12      3      1   1207
      1    200      5      1      6      1      9      1      1   1945
      1    200      5      1      7      2      1      2      1   1438
      1    200      5      1      8      6     10      6      1    984
      1    200      5      1      9      7      4      6      0   1455
      1    200      5      1     10      1      5      1      1   1082
      1    200      5      1     11      8      5      8      1    967
      1    200      5      1     12      3      6      3      1   1001
      1    200      5      1     13      6      6      6      1    973
      1    200      5      1     14      8      3      8      1   1181
      1    200      5      1     15      4     15      4      1    936
      1    200      5      1     16      2     14      4      0   1037
      1    200      5      2      1      6      3      6      1   1196
      1    200      5      2      2      4      1      7      0   3863
      1    200      5      2      3      1      6      1      1   1579
      1    200      5      2      4      1      7      1      1   1563
      1    200      5      2      5      7     13      7      1   2763
      1    200      5      2      6      2      9      2      1   1880
      1    200      5      2      7      2     10      2      1   1014
      1    200      5      2      8      3     11      3      1   1563
      1    200      5      2      9      3     16      3      1   2963
      1    200      5      2     10      6     11      6      1   1779
      1    200      5      2     11      8      6      8      1   1163
      1    200      5      2     12      8      4      8      1    946
      1    200      5      2     13      4     12      4      1   4013
      1    200      5      2     14      5     14      5      1   1546
      1    200      5      2     15      5     12      5      1    813
      1    200      5      2     16      7      5      7      1   1113
      1    200      6      1      1      8     16      8      1   2029
      1    200      6      1      2      1     11      1      1   1259
      1    200      6      1      3      7      8      7      1   1152
      1    200      6      1      4      3     14      3      1   2050
      1    200      6      1      5      1     14      1      1   1178
      1    200      6      1      6      3      9      3      1    830
      1    200      6      1      7      4     13      4      1    854
      1    200      6      1      8      8      8      8      1   1411
      1    200      6      1      9      2      6      2      1   1166
      1    200      6      1     10      6     16      6      1   1444
      1    200      6      1     11      5      9      5      1    994
      1    200      6      1     12      6     13      6      1   1298
      1    200      6      1     13      4     16      4      1   2424
      1    200      6      1     14      2      2      2      1    964
      1    200      6      1     15      7     16      7      1   1527
      1    200      6      1     16      5      5      5      1    912
      1    200      6      2      1      1      3      1      1    963
      1    200      6      2      2      1     16      1      1   1330
      1    200      6      2      3      3      8      3      1    830
      1    200      6      2      4      2      3      1      0   2246
      1    200      6      2      5      5      8      5      1    896
      1    200      6      2      6      7     10      7      1   1080
      1    200      6      2      7      5      2      5      1    979
      1    200      6      2      8      8      2      8      1    979
      1    200      6      2      9      7     14      7      1   1846
      1    200      6      2     10      6     12      6      1   1597
      1    200      6      2     11      4     10      4      1   2463
      1    200      6      2     12      4      3      3      0   1679
      1    200      6      2     13      8      9      8      1   1113
      1    200      6      2     14      2     13      2      1   1630
      1    200      6      2     15      3      2      3      1   1263
      1    200      6      2     16      6     15      6      1   1263
      1    200      7      1      1      5      7      5      1   1287
      1    200      7      1      2      1      9      1      1   1754
      1    200      7      1      3      1      4      1      1   1340
      1    200      7      1      4      2      6      2      1   1232
      1    200      7      1      5      6      5      6      1   1442
      1    200      7      1      6      2     14      2      1   1942
      1    200      7      1      7      3      6      3      1    929
      1    200      7      1      8      3     14      3      1   1025
      1    200      7      1      9      4      5      4      1   5228
      1    200      7      1     10      5     16      5      1   1167
      1    200      7      1     11      7     12      7      1   1399
      1    200      7      1     12      8     16      8      1   1483
      1    200      7      1     13      8     10      8      1   1083
      1    200      7      1     14      7      8      7      1   1216
      1    200      7      1     15      6     10      6      1    954
      1    200      7      1     16      4     16      2      0   1616
      1    200      7      2      1      3      2      3      1   1246
      1    200      7      2      2      3     16      3      1   7446
      1    200      7      2      3      5     12      5      1   1196
      1    200      7      2      4      5      2      5      1    997
      1    200      7      2      5      7     13      7      1   1429
      1    200      7      2      6      4     14      4      1   1797
      1    200      7      2      7      2      9      2      1   1129
      1    200      7      2      8      8      9      8      1   1197
      1    200      7      2      9      6      8      6      1   1464
      1    200      7      2     10      2      3      1      0   2479
      1    200      7      2     11      1     16      1      1   1313
      1    200      7      2     12      6     11      6      1    964
      1    200      7      2     13      4      1      7      0   3464
      1    200      7      2     14      7     10      7      1   1330
      1    200      7      2     15      8     13      8      1   1263
      1    200      7      2     16      1      7      1      1   1230
      1    200      8      1      1      7     16      7      1   1231
      1    200      8      1      2      3     10      3      1   3119
      1    200      8      1      3      2      5      2      1   1028
      1    200      8      1      4      4     13      4      1   1688
      1    200      8      1      5      1     14      1      1   1104
      1    200      8      1      6      3      9      3      1    930
      1    200      8      1      7      7      6      7      1    955
      1    200      8      1      8      6     13      6      1   1012
      1    200      8      1      9      5      4      5      1   2333
      1    200      8      1     10      8      3      8      1   1080
      1    200      8      1     11      2      1      2      1    830
      1    200      8      1     12      5      9      5      1    949
      1    200      8      1     13      8     14      8      1    825
      1    200      8      1     14      6     16      6      1   1056
      1    200      8      1     15      4      8      4      1   1579
      1    200      8      1     16      1     11      1      1    985
      1    200      8      2      1      4      9      4      1   1796
      1    200      8      2      2      1      6      1      1   1046
      1    200      8      2      3      1      2      1      1   2913
      1    200      8      2      4      8      6      8      1   1079
      1    200      8      2      5      4     10      4      1   1146
      1    200      8      2      6      7      5      7      1    946
      1    200      8      2      7      3      7      3      1   1030
      1    200      8      2      8      6      3      6      1   1247
      1    200      8      2      9      8      4      8      1   1263
      1    200      8      2     10      3     11      3      1    980
      1    200      8      2     11      5      8      5      1   1648
      1    200      8      2     12      5     14      5      1    979
      1    200      8      2     13      2     10      2      1    979
      1    200      8      2     14      6     12      6      1   1196
      1    200      8      2     15      2     13      4      0   5079
      1    200      8      2     16      7     15      7      1   1696
      1    200      9      1      1      6      6      6      1   1045
      1    200      9      1      2      5      5      5      1   1083
      1    200      9      1      3      7      7      7      1   1059
      1    200      9      1      4      8      5      8      1   1049
      1    200      9      1      5      2      4      2      1    852
      1    200      9      1      6      8      8      8      1   4216
      1    200      9      1      7      6      7      6      1   5387
      1    200      9      1      8      4     15      4      1   2540
      1    200      9      1      9      5      6      5      1   1055
      1    200      9      1     10      7      4      7      1   1500
      1    200      9      1     11      1      5      1      1   1771
      1    200      9      1     12      3     12      3      1   1819
      1    200      9      1     13      3     15      3      1    808
      1    200      9      1     14      1      1      3      0   1074
      1    200      9      1     15      4     11      4      1   2383
      1    200      9      1     16      2      2      2      1   1028
      1    200      9      2      1      1      3      1      1   1063
      1    200      9      2      2      1     10      1      1   1265
      1    200      9      2      3      2     16      4      0   3313
      1    200      9      2      4      6     15      6      1   1246
      1    200      9      2      5      5     10      5      1   1029
      1    200      9      2      6      8      2      8      1   1063
      1    200      9      2      7      5     11      5      1   1246
      1    200      9      2      8      8     15      8      1   1196
      1    200      9      2      9      4      3      1      0   4096
      1    200      9      2     10      3      8      3      1    864
      1    200      9      2     11      2      8      2      1    895
      1    200      9      2     12      4     12      4      1   2462
      1    200      9      2     13      7      2      7      1   1063
      1    200      9      2     14      6      9      6      1   1397
      1    200      9      2     15      3     13      3      1   1080
      1    200      9      2     16      7     14      7      1   1246
