      1    147      1      1      1      3     13      6      0   3807
      1    147      1      1      2      5     11      1      0   2189
      1    147      1      1      3      8      6      2      0   1938
      1    147      1      1      4      6      7      4      0   1973
      1    147      1      1      5      6      3      2      0   3463
      1    147      1      1      6      4      8      1      0   4411
      1    147      1      1      7      7     13      3      0   4045
      1    147      1      1      8      7     10      8      0   3313
      1    147      1      1      9      1      5      7      0   3819
      1    147      1      1     10      4     10      6      0   2661
      1    147      1      1     11      8     10      8      1   2599
      1    147      1      1     12      1      9      4      0   2883
      1    147      1      1     13      2      4      5      0   1969
      1    147      1      1     14      3     12      1      0   1765
      1    147      1      1     15      5      8      5      1   1458
      1    147      1      1     16      2     14      6      0   2129
      1    147      1      2      1      6      8      5      0   2974
      1    147      1      2      2      1      3      3      0   2561
      1    147      1      2      3      7      7      7      1   2812
      1    147      1      2      4      2      1      2      1   2342
      1    147      1      2      5      3     15      8      0   2274
      1    147      1      2      6      5      4      5      1   1357
      1    147      1      2      7      2     10      2      1   1425
      1    147      1      2      8      4     12      6      0   1842
      1    147      1      2      9      4      5      4      1   2376
      1    147      1      2     10      8      8      8      1   3093
      1    147      1      2     11      8      9      8      1   4659
      1    147      1      2     12      6     10      5      0   2493
      1    147      1      2     13      3      7      3      1   3192
      1    147      1      2     14      1      7      4      0   2993
      1    147      1      2     15      5      5      5      1   1708
      1    147      1      2     16      7     12      8      0   3225
      1    147      2      1      1      7      5      8      0   3650
      1    147      2      1      2      2     16      2      1   4094
      1    147      2      1      3      8     13      8      1   1446
      1    147      2      1      4      6     15      5      0   2153
      1    147      2      1      5      4      9      2      0   2318
      1    147      2      1      6      1     11      7      0   1607
      1    147      2      1      7      3     14      3      1   2803
      1    147      2      1      8      5     12      5      1   1269
      1    147      2      1      9      2     13      2      1   1069
      1    147      2      1     10      1      6      4      0   1869
      1    147      2      1     11      6      6      8      0   1436
      1    147      2      1     12      3      2      3      1   2465
      1    147      2      1     13      8     15      8      1   1812
      1    147      2      1     14      7     16      1      0   2234
      1    147      2      1     15      5      9      5      1   1200
      1    147      2      1     16      4     16      2      0   1412
      1    147      2      2      1      7      2      3      0   3330
      1    147      2      2      2      5     14      5      1   1257
      1    147      2      2      3      1     16      7      0   4359
      1    147      2      2      4      3     11      3      1   1843
      1    147      2      2      5      5     16      5      1   1259
      1    147      2      2      6      2      3      1      0   3193
      1    147      2      2      7      4     11      2      0   3363
      1    147      2      2      8      8      5      8      1   1408
      1    147      2      2      9      6     13      3      0   3725
      1    147      2      2     10      6     16      3      0   2495
      1    147      2      2     11      8     14      8      1   1143
      1    147      2      2     12      2      2      2      1   1242
      1    147      2      2     13      1     14      3      0   1596
      1    147      2      2     14      3     16      6      0   4092
      1    147      2      2     15      7      6      3      0   1159
      1    147      2      2     16      4     14      2      0   1091
      1    147      3      1      1      5     10      5      1   1461
      1    147      3      1      2      6     11      3      0   2239
      1    147      3      1      3      2      6      2      1   1114
      1    147      3      1      4      7     15      3      0   3573
      1    147      3      1      5      2      9      2      1   1632
      1    147      3      1      6      1     10      8      0   1457
      1    147      3      1      7      6      5      6      1   2102
      1    147      3      1      8      5      6      5      1   1224
      1    147      3      1      9      4      1      3      0   1483
      1    147      3      1     10      1      2      8      0   1492
      1    147      3      1     11      7      4      6      0   1783
      1    147      3      1     12      3      6      3      1   1968
      1    147      3      1     13      8     16      8      1   1095
      1    147      3      1     14      8      3      8      1   1076
      1    147      3      1     15      3     10      3      1   1185
      1    147      3      1     16      4     15      6      0   2606
      1    147      3      2      1      7     14      7      1   2380
      1    147      3      2      2      3      8      6      0   4626
      1    147      3      2      3      4      3      3      0   3963
      1    147      3      2      4      7      8      6      0   3259
      1    147      3      2      5      3      9      7      0   2876
      1    147      3      2      6      5      7      5      1   1275
      1    147      3      2      7      2      8      2      1   5776
      1    147      3      2      8      6     12      7      0   4596
      1    147      3      2      9      1      4      1      1   2446
      1    147      3      2     10      2      5      2      1   1446
      1    147      3      2     11      8      4      8      1   1059
      1    147      3      2     12      6      9      7      0   1694
      1    147      3      2     13      1      1      4      0   2410
      1    147      3      2     14      5      2      5      1   1025
      1    147      3      2     15      4     13      1      0   1842
      1    147      3      2     16      8      2      8      1   1276
      1    147      4      1      1      1      2      1      1   2373
      1    147      4      1      2      7     15      7      1   1594
      1    147      4      1      3      4     10      2      0   3579
      1    147      4      1      4      3     14      7      0   1566
      1    147      4      1      5      1     10      1      1   1563
      1    147      4      1      6      8     10      8      1   4074
      1    147      4      1      7      4      8      4      1   3484
      1    147      4      1      8      5     10      5      1   1219
      1    147      4      1      9      6     11      7      0   2674
      1    147      4      1     10      6      6      6      1   1537
      1    147      4      1     11      7      4      7      1   1713
      1    147      4      1     12      3      2      4      0   1403
      1    147      4      1     13      2      9      2      1   1135
      1    147      4      1     14      2      4      2      1   1439
      1    147      4      1     15      8      3      8      1   1493
      1    147      4      1     16      5      8      5      1   1166
      1    147      4      2      1      3     11      7      0   2963
      1    147      4      2      2      4     13      4      1   4009
      1    147      4      2      3      3     15      3      1   1875
      1    147      4      2      4      7     12      6      0   5728
      1    147      4      2      5      1      7      3      0   4513
      1    147      4      2      6      8      5      8      1   1043
      1    147      4      2      7      8      2      8      1   1758
      1    147      4      2      8      6     16      6      1   2229
      1    147      4      2      9      5      2      5      1   1508
      1    147      4      2     10      2      8      2      1   1142
      1    147      4      2     11      2      3      1      0   1792
      1    147      4      2     12      4     12      1      0   1213
      1    147      4      2     13      6      8      6      1   3191
      1    147      4      2     14      7      7      3      0   2463
      1    147      4      2     15      1     14      1      1   3393
      1    147      4      2     16      5      5      5      1   1260
      1    147      5      1      1      8     15      8      1   1346
      1    147      5      1      2      2     16      4      0   1262
      1    147      5      1      3      4     15      3      0   1277
      1    147      5      1      4      4      9      4      1   2714
      1    147      5      1      5      3      6      7      0   2266
      1    147      5      1      6      7     16      3      0   1475
      1    147      5      1      7      7     10      3      0   2647
      1    147      5      1      8      2     14      4      0   1386
      1    147      5      1      9      6     15      6      1   1309
      1    147      5      1     10      5     11      5      1   1161
      1    147      5      1     11      3     13      6      0   2924
      1    147      5      1     12      5      9      5      1   1082
      1    147      5      1     13      1     11      1      1   1513
      1    147      5      1     14      8      6      8      1   1233
      1    147      5      1     15      1      6      1      1   1536
      1    147      5      1     16      6      7      6      1   3068
      1    147      5      2      1      6     12      6      1   3512
      1    147      5      2      2      1     16      1      1   1743
      1    147      5      2      3      5      4      5      1   1192
      1    147      5      2      4      5     14      5      1   1143
      1    147      5      2      5      1      4      1      1   1592
      1    147      5      2      6      4     11      2      0   2629
      1    147      5      2      7      3      8      7      0   2725
      1    147      5      2      8      8      9      8      1   1413
      1    147      5      2      9      8      4      8      1   1126
      1    147      5      2     10      7     14      3      0   4860
      1    147      5      2     11      2     10      2      1   1175
      1    147      5      2     12      7      6      6      0   1409
      1    147      5      2     13      3     16      3      1   1377
      1    147      5      2     14      6     13      6      1   1226
      1    147      5      2     15      2      5      2      1   1242
      1    147      5      2     16      4     14      4      1   1243
      1    147      6      1      1      6      5      6      1   1284
      1    147      6      1      2      1      5      1      1   1576
      1    147      6      1      3      3     12      4      0   3129
      1    147      6      1      4      5      6      5      1   1016
      1    147      6      1      5      7     13      3      0   2778
      1    147      6      1      6      3     10      3      1   2655
      1    147      6      1      7      4     16      2      0    992
      1    147      6      1      8      1      9      1      1   1075
      1    147      6      1      9      2     13      4      0   1076
      1    147      6      1     10      6      3      6      1   1356
      1    147      6      1     11      4      1      4      1   2419
      1    147      6      1     12      5     12      5      1   1268
      1    147      6      1     13      8     13      8      1   1077
      1    147      6      1     14      8     16      8      1   1192
      1    147      6      1     15      2      6      2      1   2906
      1    147      6      1     16      7      5      4      0   3614
      1    147      6      2      1      5     16      5      1   1127
      1    147      6      2      2      6      9      6      1   1243
      1    147      6      2      3      3      9      3      1   2259
      1    147      6      2      4      8     14      8      1   1058
      1    147      6      2      5      4      5      4      1   2509
      1    147      6      2      6      3      7      3      1   1578
      1    147      6      2      7      7      8      7      1   2475
      1    147      6      2      8      2      1      2      1   1392
      1    147      6      2      9      2      2      2      1    926
      1    147      6      2     10      7      2      7      1   2059
      1    147      6      2     11      6     10      6      1   1275
      1    147      6      2     12      8      8      8      1   1094
      1    147      6      2     13      5      7      5      1   1043
      1    147      6      2     14      1      1      4      0   1257
      1    147      6      2     15      4      3      1      0   3642
      1    147      6      2     16      1      3      1      1   1126
      1    147      7      1      1      5      8      5      1    965
      1    147      7      1      2      4      9      4      1   4122
      1    147      7      1      3      2      4      2      1    877
      1    147      7      1      4      7      5      4      0   1141
      1    147      7      1      5      2      9      2      1   2432
      1    147      7      1      6      6      5      6      1   1101
      1    147      7      1      7      5     11      5      1   1066
      1    147      7      1      8      3     14      3      1   2605
      1    147      7      1      9      7      4      7      1   1367
      1    147      7      1     10      6      6      6      1   1028
      1    147      7      1     11      8      6      8      1   1015
      1    147      7      1     12      1      5      1      1   3028
      1    147      7      1     13      4      1      1      0   2807
      1    147      7      1     14      1      6      1      1   1207
      1    147      7      1     15      3      2      3      1   1439
      1    147      7      1     16      8     10      8      1   1350
      1    147      7      2      1      5      2      5      1   1262
      1    147      7      2      2      3      8      3      1   1391
      1    147      7      2      3      7      8      7      1   2430
      1    147      7      2      4      1      7      3      0   5578
      1    147      7      2      5      6      8      6      1   1145
      1    147      7      2      6      8      2      8      1   1045
      1    147      7      2      7      4     14      4      1   1928
      1    147      7      2      8      2      3      1      0   1358
      1    147      7      2      9      7      6      6      0    925
      1    147      7      2     10      3     16      3      1    908
      1    147      7      2     11      4     11      4      1   1458
      1    147      7      2     12      2      2      2      1   1159
      1    147      7      2     13      1     16      4      0   2292
      1    147      7      2     14      5      4      5      1    976
      1    147      7      2     15      8      8      8      1   1075
      1    147      7      2     16      6     12      7      0   1908
      1    147      8      1      1      8     16      8      1    978
      1    147      8      1      2      1     10      4      0   1857
      1    147      8      1      3      3     12      3      1    803
      1    147      8      1      4      7     15      7      1   2264
      1    147      8      1      5      5     12      5      1    961
      1    147      8      1      6      2     14      4      0   2056
      1    147      8      1      7      4     15      4      1   1044
      1    147      8      1      8      7     13      6      0   2464
      1    147      8      1      9      8     15      8      1    960
      1    147      8      1     10      3     10      3      1   3907
      1    147      8      1     11      6     15      6      1   1358
      1    147      8      1     12      2     13      2      1    901
      1    147      8      1     13      6      3      6      1    940
      1    147      8      1     14      1     11      1      1   1255
      1    147      8      1     15      4     10      4      1    919
      1    147      8      1     16      5      9      5      1   1184
      1    147      8      2      1      5     14      5      1    961
      1    147      8      2      2      2     10      2      1   1159
      1    147      8      2      3      1      1      4      0   2841
      1    147      8      2      4      8      5      8      1   1242
      1    147      8      2      5      6     13      6      1   1160
      1    147      8      2      6      7      2      7      1   1376
      1    147      8      2      7      8      9      8      1    941
      1    147      8      2      8      5      7      5      1   1076
      1    147      8      2      9      3     15      3      1   2576
      1    147      8      2     10      4     12      1      0   1442
      1    147      8      2     11      7     12      7      1   2059
      1    147      8      2     12      4      5      4      1   1925
      1    147      8      2     13      2      1      2      1    958
      1    147      8      2     14      1     14      7      0   2696
      1    147      8      2     15      3      7      3      1   1225
      1    147      8      2     16      6      9      6      1    962
      1    147      9      1      1      2      6      2      1   1496
      1    147      9      1      2      1      2      1      1   5194
      1    147      9      1      3      8      3      8      1   1083
      1    147      9      1      4      6      7      6      1   1355
      1    147      9      1      5      5      6      5      1    998
      1    147      9      1      6      6     11      6      1   1298
      1    147      9      1      7      3     13      3      1    853
      1    147      9      1      8      7     10      3      0   3551
      1    147      9      1      9      1      9      1      1   1149
      1    147      9      1     10      8     13      8      1   1265
      1    147      9      1     11      4     16      2      0   1505
      1    147      9      1     12      2     16      4      0   1081
      1    147      9      1     13      5     10      5      1   1025
      1    147      9      1     14      4      8      4      1   3499
      1    147      9      1     15      3      6      3      1   1239
      1    147      9      1     16      7     16      2      0   3917
      1    147      9      2      1      6     10      6      1   3046
      1    147      9      2      2      1      3      1      1   1779
      1    147      9      2      3      8     14      8      1    874
      1    147      9      2      4      5     16      5      1   1009
      1    147      9      2      5      2      8      2      1    974
      1    147      9      2      6      4      3      3      0   4407
      1    147      9      2      7      4     13      4      1   2792
      1    147      9      2      8      3     11      3      1   1393
      1    147      9      2      9      5      5      5      1   1026
      1    147      9      2     10      7     14      7      1   2576
      1    147      9      2     11      2      5      2      1    892
      1    147      9      2     12      6     16      6      1   1025
      1    147      9      2     13      8      4      8      1   1062
      1    147      9      2     14      7      7      7      1   5575
      1    147      9      2     15      1      4      1      1   3759
      1    147      9      2     16      3      9      3      1   1609
