      1     57      1      1      1      5      8      5      1   3962
      1     57      1      1      2      3     11      2      0   6277
      1     57      1      1      3      1      3      2      0   2811
      1     57      1      1      4      8     10      7      0   1991
      1     57      1      1      5      1     16      6      0   2751
      1     57      1      1      6      4     14      4      1   4344
      1     57      1      1      7      2     16      7      0   5789
      1     57      1      1      8      6     10      6      1   5277
      1     57      1      1      9      3      6      3      1   6441
      1     57      1      1     10      4     16      4      1   2897
      1     57      1      1     11      2      9      1      0   5880
      1     57      1      1     12      7      6      6      0   3318
      1     57      1      1     13      6     13      5      0   4035
      1     57      1      1     14      5      7      6      0   6298
      1     57      1      1     15      7      8      6      0   3407
      1     57      1      1     16      8     16      4      0   3814
      1     57      1      2      1      6      3      7      0   3928
      1     57      1      2      2      6      6      8      0   7559
      1     57      1      2      3      8      5      4      0   3129
      1     57      1      2      4      7     14      7      1   6713
      1     57      1      2      5      2     10      2      1   3910
      1     57      1      2      6      2     13      2      1   2813
      1     57      1      2      7      1     14      3      0   3977
      1     57      1      2      8      5     12      5      1   1826
      1     57      1      2      9      4      9      1      0   2814
      1     57      1      2     10      7      7      7      1   2278
      1     57      1      2     11      3      8      3      1   1660
      1     57      1      2     12      1      7      3      0   5659
      1     57      1      2     13      8      8      4      0   1860
      1     57      1      2     14      4     11      2      0   3526
      1     57      1      2     15      3      9      3      1   1247
      1     57      1      2     16      5     11      5      1   1310
      1     57      2      1      1      2      8      2      1   4161
      1     57      2      1      2      8     13      4      0   2957
      1     57      2      1      3      4     13      3      0   3034
      1     57      2      1      4      8      4      8      1   1554
      1     57      2      1      5      3     12      3      1   1823
      1     57      2      1      6      6      9      7      0   2134
      1     57      2      1      7      4     10      2      0   2999
      1     57      2      1      8      7      5      7      1   3624
      1     57      2      1      9      7     16      7      1   3126
      1     57      2      1     10      1      9      3      0   2276
      1     57      2      1     11      1      1      3      0   1500
      1     57      2      1     12      2      6      2      1   3916
      1     57      2      1     13      3     16      1      0   2519
      1     57      2      1     14      6      8      6      1   2064
      1     57      2      1     15      5     16      5      1   2234
      1     57      2      1     16      5      2      5      1   1315
      1     57      2      2      1      2      3      1      0   9858
      1     57      2      2      2      5      9      5      1   1696
      1     57      2      2      3      3     13      3      1   1676
      1     57      2      2      4      5      6      5      1   1347
      1     57      2      2      5      8      3      8      1   1346
      1     57      2      2      6      2      2      1      0   4247
      1     57      2      2      7      4      3      3      0   1664
      1     57      2      2      8      6      7      6      1   3292
      1     57      2      2      9      4      5      2      0   3281
      1     57      2      2     10      3      7      3      1   1160
      1     57      2      2     11      1     10      4      0   3879
      1     57      2      2     12      7     10      7      1   2227
      1     57      2      2     13      1      2      1      1   6342
      1     57      2      2     14      6     11      6      1   1780
      1     57      2      2     15      7      2      7      1   2597
      1     57      2      2     16      8      9      8      1   1493
      1     57      3      1      1      4     12      1      0   2994
      1     57      3      1      2      4     15      1      0   2620
      1     57      3      1      3      3      2      1      0   4972
      1     57      3      1      4      6     16      6      1   3721
      1     57      3      1      5      3     15      3      1   4318
      1     57      3      1      6      8      6      8      1   1614
      1     57      3      1      7      6     15      6      1   1847
      1     57      3      1      8      1      4      1      1  14268
      1     57      3      1      9      7     12      7      1   1735
      1     57      3      1     10      1      5      4      0   7402
      1     57      3      1     11      2     14      2      1   2948
      1     57      3      1     12      7      4      1      0   1920
      1     57      3      1     13      8     14      8      1   1749
      1     57      3      1     14      5     10      5      1   1397
      1     57      3      1     15      2      4      4      0   2482
      1     57      3      1     16      5     14      5      1   1211
      1     57      3      2      1      8     15      8      1   4908
      1     57      3      2      2      4      1      3      0   6397
      1     57      3      2      3      6     12      6      1   2177
      1     57      3      2      4      3     14      3      1   2860
      1     57      3      2      5      5      5      5      1   3843
      1     57      3      2      6      1      6      1      1   2348
      1     57      3      2      7      2      5      2      1   2145
      1     57      3      2      8      7     13      7      1   1926
      1     57      3      2      9      7     15      7      1   1695
      1     57      3      2     10      5      4      5      1   1910
      1     57      3      2     11      8      2      8      1   1780
      1     57      3      2     12      2      1      4      0   3081
      1     57      3      2     13      3     10      3      1   5275
      1     57      3      2     14      4      8      2      0   3927
      1     57      3      2     15      6      5      6      1   5759
      1     57      3      2     16      1     11      1      1   4360
      1     57      4      1      1      2      9      2      1   2207
      1     57      4      1      2      8     10      8      1   1651
      1     57      4      1      3      6     10      6      1   3568
      1     57      4      1      4      7      8      7      1   1934
      1     57      4      1      5      2      6      2      1   2880
      1     57      4      1      6      1      1      1      1   1488
      1     57      4      1      7      4     14      4      1   5105
      1     57      4      1      8      3     12      3      1   2248
      1     57      4      1      9      7      5      7      1   1915
      1     57      4      1     10      5     10      5      1   1702
      1     57      4      1     11      4     10      2      0   5458
      1     57      4      1     12      3     15      3      1   4143
      1     57      4      1     13      8      4      8      1   1314
      1     57      4      1     14      6      8      6      1   2392
      1     57      4      1     15      1      4      1      1   3000
      1     57      4      1     16      5      7      5      1   2521
      1     57      4      2      1      8      9      8      1   1527
      1     57      4      2      2      7      7      7      1   2065
      1     57      4      2      3      8     15      8      1   2609
      1     57      4      2      4      4      1      3      0   8642
      1     57      4      2      5      5     12      5      1   1426
      1     57      4      2      6      3     10      3      1   1931
      1     57      4      2      7      4     11      2      0   2760
      1     57      4      2      8      1      7      1      1   2326
      1     57      4      2      9      5      5      5      1   1430
      1     57      4      2     10      6     11      6      1   1576
      1     57      4      2     11      6      5      6      1   1480
      1     57      4      2     12      2      5      4      0   5061
      1     57      4      2     13      1     10      1      1   1362
      1     57      4      2     14      2     10      4      0   2479
      1     57      4      2     15      7      2      7      1   2044
      1     57      4      2     16      3      7      1      0   3262
      1     57      5      1      1      7      4      7      1   2239
      1     57      5      1      2      4     16      4      1   2714
      1     57      5      1      3      6     13      1      0   3181
      1     57      5      1      4      2     16      4      0   3132
      1     57      5      1      5      3     16      3      1   1567
      1     57      5      1      6      6     16      6      1   1740
      1     57      5      1      7      4     12      2      0   3101
      1     57      5      1      8      3     11      3      1   1975
      1     57      5      1      9      1      3      1      1   1831
      1     57      5      1     10      5     14      5      1   2313
      1     57      5      1     11      8     14      8      1   1373
      1     57      5      1     12      8     16      8      1   1614
      1     57      5      1     13      5      2      5      1   1447
      1     57      5      1     14      1      5      1      1   1540
      1     57      5      1     15      2     14      4      0   3142
      1     57      5      1     16      7      6      7      1   3568
      1     57      5      2      1      4      5      2      0   8375
      1     57      5      2      2      5      4      5      1   1562
      1     57      5      2      3      2     13      4      0   1978
      1     57      5      2      4      7     13      7      1   1114
      1     57      5      2      5      5      9      5      1   1629
      1     57      5      2      6      3      9      3      1   1531
      1     57      5      2      7      8      8      8      1   1193
      1     57      5      2      8      2      3      1      0   1927
      1     57      5      2      9      3      8      3      1   1097
      1     57      5      2     10      6      7      6      1   4176
      1     57      5      2     11      1      2      1      1   1825
      1     57      5      2     12      6      6      7      0   3360
      1     57      5      2     13      8      3      8      1   1693
      1     57      5      2     14      1     14      1      1   1646
      1     57      5      2     15      4      8      2      0   3760
      1     57      5      2     16      7     10      7      1   1664
      1     57      6      1      1      5      8      5      1   2116
      1     57      6      1      2      8     13      8      1   1797
      1     57      6      1      3      4     15      1      0   3301
      1     57      6      1      4      8      6      8      1   1731
      1     57      6      1      5      3      2      3      1   1876
      1     57      6      1      6      4     13      4      1   3582
      1     57      6      1      7      2      8      2      1   1364
      1     57      6      1      8      6      9      6      1   1895
      1     57      6      1      9      1     16      1      1   1539
      1     57      6      1     10      7     12      7      1   1885
      1     57      6      1     11      5     16      5      1   2968
      1     57      6      1     12      3      6      3      1   1295
      1     57      6      1     13      2      4      2      1   3373
      1     57      6      1     14      6     15      6      1   2310
      1     57      6      1     15      7     16      7      1   2013
      1     57      6      1     16      1      9      1      1   2319
      1     57      6      2      1      6     12      6      1   2477
      1     57      6      2      2      5     11      5      1   1389
      1     57      6      2      3      2      1      2      1   1847
      1     57      6      2      4      8      2      8      1   1659
      1     57      6      2      5      6      3      6      1   3843
      1     57      6      2      6      3     14      3      1   1778
      1     57      6      2      7      5      6      5      1   1594
      1     57      6      2      8      3     13      3      1   1431
      1     57      6      2      9      7     14      7      1   5126
      1     57      6      2     10      4      9      2      0   5209
      1     57      6      2     11      1     11      1      1   2048
      1     57      6      2     12      2      2      2      1   1880
      1     57      6      2     13      4      3      3      0   2127
      1     57      6      2     14      7     15      7      1   1776
      1     57      6      2     15      8      5      8      1   1662
      1     57      6      2     16      1      6      1      1   1847
      1     57      7      1      1      7      4      7      1   1140
      1     57      7      1      2      2     16      4      0   1589
      1     57      7      1      3      7      5      7      1   2406
      1     57      7      1      4      1      5      1      1   2360
      1     57      7      1      5      8     14      8      1   1077
      1     57      7      1      6      5     10      5      1   1530
      1     57      7      1      7      5     14      5      1   1307
      1     57      7      1      8      6     13      6      1   4847
      1     57      7      1      9      4     16      2      0   3799
      1     57      7      1     10      3     12      3      1   1368
      1     57      7      1     11      4     12      2      0   2831
      1     57      7      1     12      8      4      8      1   1526
      1     57      7      1     13      2      4      2      1   2425
      1     57      7      1     14      6     15      6      1   2912
      1     57      7      1     15      1      9      1      1   1419
      1     57      7      1     16      3     11      3      1   1737
      1     57      7      2      1      5     12      5      1   3393
      1     57      7      2      2      6      7      6      1   3379
      1     57      7      2      3      1     14      1      1   1194
      1     57      7      2      4      2      1      2      1   2130
      1     57      7      2      5      8      8      8      1   1213
      1     57      7      2      6      4      8      4      1   3010
      1     57      7      2      7      3      8      3      1   1460
      1     57      7      2      8      7     15      7      1   1543
      1     57      7      2      9      1      6      1      1   1078
      1     57      7      2     10      7      7      7      1   1427
      1     57      7      2     11      4      5      1      0   2994
      1     57      7      2     12      5      4      5      1   1496
      1     57      7      2     13      8      9      8      1   1260
      1     57      7      2     14      3     14      3      1   2743
      1     57      7      2     15      2     13      4      0  12076
      1     57      7      2     16      6      3      6      1   1777
      1     57      8      1      1      5      8      5      1   1882
      1     57      8      1      2      3     16      3      1   1852
      1     57      8      1      3      7      8      7      1   1436
      1     57      8      1      4      2     14      4      0   1803
      1     57      8      1      5      4     15      1      0   2773
      1     57      8      1      6      5     16      5      1   1170
      1     57      8      1      7      1     16      1      1   1459
      1     57      8      1      8      2      6      2      1   1254
      1     57      8      1      9      8     16      8      1   1644
      1     57      8      1     10      1      4      1      1   1344
      1     57      8      1     11      4     14      4      1   1623
      1     57      8      1     12      6     16      6      1   1411
      1     57      8      1     13      3      2      3      1   1255
      1     57      8      1     14      8      6      8      1   1387
      1     57      8      1     15      6      9      6      1   3253
      1     57      8      1     16      7      6      7      1   1215
      1     57      8      2      1      5      9      5      1   1844
      1     57      8      2      2      3     13      3      1   1460
      1     57      8      2      3      1     11      1      1   2144
      1     57      8      2      4      2     10      4      0   7714
      1     57      8      2      5      2      2      2      1   1193
      1     57      8      2      6      3      9      3      1   1180
      1     57      8      2      7      7     14      7      1   4897
      1     57      8      2      8      4      9      1      0   5030
      1     57      8      2      9      6     12      6      1   1645
      1     57      8      2     10      1     10      1      1   1311
      1     57      8      2     11      5      6      5      1   1631
      1     57      8      2     12      6      5      6      1   1709
      1     57      8      2     13      4      1      1      0  11242
      1     57      8      2     14      8      2      8      1   1331
      1     57      8      2     15      7      2      7      1   1360
      1     57      8      2     16      8      5      8      1   1410
      1     57      9      1      1      3     15      3      1   1377
      1     57      9      1      2      8     13      8      1   1523
      1     57      9      1      3      2      8      2      1   1615
      1     57      9      1      4      5      2      5      1   1159
      1     57      9      1      5      8     10      8      1   1290
      1     57      9      1      6      6     10      6      1   1629
      1     57      9      1      7      6      8      6      1   1365
      1     57      9      1      8      4     10      2      0   3715
      1     57      9      1      9      5      7      5      1   2164
      1     57      9      1     10      1      3      1      1   1660
      1     57      9      1     11      1      1      1      1   2481
      1     57      9      1     12      2      9      2      1   1571
      1     57      9      1     13      7     16      7      1   1261
      1     57      9      1     14      3      6      3      1   1697
      1     57      9      1     15      7     12      3      0   1475
      1     57      9      1     16      4     13      4      1   1745
      1     57      9      2      1      7     10      7      1   1994
      1     57      9      2      2      8     15      8      1   1630
      1     57      9      2      3      6     11      6      1   1410
      1     57      9      2      4      5      5      5      1   1593
      1     57      9      2      5      2      3      1      0   2443
      1     57      9      2      6      1      2      1      1   1343
      1     57      9      2      7      4      3      3      0   1342
      1     57      9      2      8      3     10      3      1   1076
      1     57      9      2      9      5     11      5      1   1446
      1     57      9      2     10      7     13      7      1   2093
      1     57      9      2     11      4     11      2      0   3276
      1     57      9      2     12      1      7      1      1   1377
      1     57      9      2     13      8      3      8      1   1764
      1     57      9      2     14      6      6      6      1   7594
      1     57      9      2     15      2      5      4      0   3059
      1     57      9      2     16      3      7      3      1   1946
