      1     61      1      1      1      7     13      7      1   6545
      1     61      1      1      2      4     16      5      0   6809
      1     61      1      1      3      2      4      2      1   4211
      1     61      1      1      4      8      8      8      1   3210
      1     61      1      1      5      4      9      5      0   4102
      1     61      1      1      6      6      9      3      0   5395
      1     61      1      1      7      5     12      5      1   3367
      1     61      1      1      8      1     11      3      0   6577
      1     61      1      1      9      3     16      3      1  14896
      1     61      1      1     10      3      7      6      0   4275
      1     61      1      1     11      5      7      1      0   8657
      1     61      1      1     12      8      2      8      1   6291
      1     61      1      1     13      6     12      6      1   8506
      1     61      1      1     14      2      5      2      1   3600
      1     61      1      1     15      7      8      4      0   3904
      1     61      1      1     16      1      7      6      0   6436
      1     61      1      2      1      6     13      3      0  10605
      1     61      1      2      2      8      9      8      1   2059
      1     61      1      2      3      1     14      1      1   3293
      1     61      1      2      4      7      6      7      1   3609
      1     61      1      2      5      5     11      5      1   2258
      1     61      1      2      6      7      2      4      0   2876
      1     61      1      2      7      2      3      2      1   6310
      1     61      1      2      8      5      2      5      1   1460
      1     61      1      2      9      1      1      1      1   6394
      1     61      1      2     10      4      8      1      0  11295
      1     61      1      2     11      8      6      6      0  12111
      1     61      1      2     12      4      1      1      0   6461
      1     61      1      2     13      2      6      2      1   1894
      1     61      1      2     14      3      2      4      0  10362
      1     61      1      2     15      3     15      3      1   4595
      1     61      1      2     16      6     15      6      1  12944
      1     61      2      1      1      7     12      4      0   4585
      1     61      2      1      2      8      5      8      1   2138
      1     61      2      1      3      7      4      1      0   2253
      1     61      2      1      4      5      8      5      1   1727
      1     61      2      1      5      4     10      1      0   7934
      1     61      2      1      6      2     13      2      1   1500
      1     61      2      1      7      2      1      2      1   1188
      1     61      2      1      8      3      9      6      0   3126
      1     61      2      1      9      3     11      3      1   1657
      1     61      2      1     10      4     13      4      1   8049
      1     61      2      1     11      1      3      2      0   1076
      1     61      2      1     12      6      5      6      1   3258
      1     61      2      1     13      6     10      7      0   1627
      1     61      2      1     14      1      9      2      0   1571
      1     61      2      1     15      8     13      8      1   1987
      1     61      2      1     16      5     16      5      1   1408
      1     61      2      2      1      2      8      2      1   1413
      1     61      2      2      2      6      8      3      0  11061
      1     61      2      2      3      1      2      1      1   6498
      1     61      2      2      4      3      6      3      1   4044
      1     61      2      2      5      7      5      7      1   2060
      1     61      2      2      6      4      5      4      1   1660
      1     61      2      2      7      1      6      1      1   6011
      1     61      2      2      8      6     11      4      0   9345
      1     61      2      2      9      5      9      5      1   1078
      1     61      2      2     10      7     14      6      0   4627
      1     61      2      2     11      8     15      8      1   1393
      1     61      2      2     12      3     12      3      1   2193
      1     61      2      2     13      2      2      2      1   1394
      1     61      2      2     14      8     14      8      1   1295
      1     61      2      2     15      5      4      5      1   1527
      1     61      2      2     16      4     14      4      1   7426
      1     61      3      1      1      5      6      4      0   8047
      1     61      3      1      2      6      7      7      0   2231
      1     61      3      1      3      4     11      2      0   1662
      1     61      3      1      4      8      3      8      1   1083
      1     61      3      1      5      4     15      1      0   2163
      1     61      3      1      6      3     13      3      1   1445
      1     61      3      1      7      1     10      2      0   1071
      1     61      3      1      8      8     16      8      1   1147
      1     61      3      1      9      3      8      3      1   1269
      1     61      3      1     10      5     10      5      1   1754
      1     61      3      1     11      1      4      1      1   1653
      1     61      3      1     12      7     16      7      1   1326
      1     61      3      1     13      2     14      4      0   1174
      1     61      3      1     14      2     10      5      0   2097
      1     61      3      1     15      6     16      6      1   3658
      1     61      3      1     16      7     15      7      1   2985
      1     61      3      2      1      1      5      1      1   2964
      1     61      3      2      2      3     10      3      1   2444
      1     61      3      2      3      2     16      4      0   2094
      1     61      3      2      4      6      6      6      1   3911
      1     61      3      2      5      8     10      8      1   4945
      1     61      3      2      6      8      4      8      1   1360
      1     61      3      2      7      5      5      5      1   2445
      1     61      3      2      8      4      3      1      0   2960
      1     61      3      2      9      5     14      5      1   1610
      1     61      3      2     10      7     10      7      1   1512
      1     61      3      2     11      6      3      4      0   3595
      1     61      3      2     12      1     16      1      1   2279
      1     61      3      2     13      2      9      2      1   1695
      1     61      3      2     14      3     14      3      1   1378
      1     61      3      2     15      7      7      7      1   2130
      1     61      3      2     16      4     12      1      0   2062
      1     61      4      1      1      6     10      7      0   1391
      1     61      4      1      2      2      5      2      1   1075
      1     61      4      1      3      4     13      4      1   1821
      1     61      4      1      4      5      8      5      1   1315
      1     61      4      1      5      3     11      3      1   1236
      1     61      4      1      6      6      5      6      1   1272
      1     61      4      1      7      2      4      2      1   1079
      1     61      4      1      8      7      8      7      1   1079
      1     61      4      1      9      4     10      1      0   1756
      1     61      4      1     10      5      6      5      1   1164
      1     61      4      1     11      8      8      8      1   1025
      1     61      4      1     12      7      4      4      0   6927
      1     61      4      1     13      1      4      1      1   2921
      1     61      4      1     14      3      8      3      1   1493
      1     61      4      1     15      8      2      8      1   1093
      1     61      4      1     16      1     10      1      1   2024
      1     61      4      2      1      4     14      4      1   5113
      1     61      4      2      2      4      1      1      0   2494
      1     61      4      2      3      5     14      5      1   1860
      1     61      4      2      4      5      5      5      1   2228
      1     61      4      2      5      6      3      7      0   1629
      1     61      4      2      6      7     14      4      0   5645
      1     61      4      2      7      7      2      7      1   1761
      1     61      4      2      8      3     14      3      1   3111
      1     61      4      2      9      1     14      1      1   1561
      1     61      4      2     10      1      6      1      1   1627
      1     61      4      2     11      2      8      2      1   3477
      1     61      4      2     12      8      6      8      1   1227
      1     61      4      2     13      2      2      2      1   1995
      1     61      4      2     14      8     10      8      1   1528
      1     61      4      2     15      3     10      3      1   2795
      1     61      4      2     16      6     13      6      1   1895
      1     61      5      1      1      7     12      7      1   1286
      1     61      5      1      2      8      5      8      1   1380
      1     61      5      1      3      5     16      5      1   1208
      1     61      5      1      4      7     16      7      1   1397
      1     61      5      1      5      8     13      8      1   1809
      1     61      5      1      6      6      9      6      1   2813
      1     61      5      1      7      1      7      1      1   2046
      1     61      5      1      8      5     10      5      1   1501
      1     61      5      1      9      3     13      3      1   2742
      1     61      5      1     10      3     16      1      0   1896
      1     61      5      1     11      6     12      6      1   1430
      1     61      5      1     12      1      3      1      1   3380
      1     61      5      1     13      2     13      4      0   3099
      1     61      5      1     14      2      1      2      1   1017
      1     61      5      1     15      4     11      1      0   2799
      1     61      5      1     16      4      9      4      1   4992
      1     61      5      2      1      1      5      1      1   2096
      1     61      5      2      2      2     16      4      0   2211
      1     61      5      2      3      8      4      8      1   1379
      1     61      5      2      4      2      9      2      1   1727
      1     61      5      2      5      3      2      3      1   1727
      1     61      5      2      6      7      5      7      1   1711
      1     61      5      2      7      7      7      7      1   1678
      1     61      5      2      8      8      9      8      1   1677
      1     61      5      2      9      1      2      4      0   9511
      1     61      5      2     10      6     11      5      0   1710
      1     61      5      2     11      6      6      6      1   9829
      1     61      5      2     12      3     15      1      0   2377
      1     61      5      2     13      4      3      1      0   1778
      1     61      5      2     14      4     12      1      0   1961
      1     61      5      2     15      5      4      5      1   1710
      1     61      5      2     16      5     11      5      1   1798
      1     61      6      1      1      3      9      3      1   4613
      1     61      6      1      2      6     16      6      1   1358
      1     61      6      1      3      2     10      4      0   4581
      1     61      6      1      4      3      7      3      1   2359
      1     61      6      1      5      4     15      4      1   8729
      1     61      6      1      6      6      7      6      1   2657
      1     61      6      1      7      7     15      7      1   1648
      1     61      6      1      8      5     12      5      1   1264
      1     61      6      1      9      4     16      4      1   1676
      1     61      6      1     10      2     14      4      0   1190
      1     61      6      1     11      1     11      2      0   2864
      1     61      6      1     12      8     16      8      1   1442
      1     61      6      1     13      7     13      7      1   1273
      1     61      6      1     14      1      9      1      1   1502
      1     61      6      1     15      8      3      8      1   1568
      1     61      6      1     16      5      7      5      1   1415
      1     61      6      2      1      2      3      1      0   3163
      1     61      6      2      2      8     14      8      1   1327
      1     61      6      2      3      7     10      7      1   1712
      1     61      6      2      4      6      8      6      1   2244
      1     61      6      2      5      8     15      8      1   1727
      1     61      6      2      6      7      6      7      1   3426
      1     61      6      2      7      5      9      5      1   1777
      1     61      6      2      8      4      8      1      0   3711
      1     61      6      2      9      3      6      3      1   2227
      1     61      6      2     10      2      6      2      1   1826
      1     61      6      2     11      6     15      6      1   1994
      1     61      6      2     12      3     12      3      1   1945
      1     61      6      2     13      1     16      1      1   1577
      1     61      6      2     14      5      2      5      1   1810
      1     61      6      2     15      4      5      7      0   2211
      1     61      6      2     16      1      1      4      0   3360
      1     61      7      1      1      7      4      7      1   2180
      1     61      7      1      2      2     14      4      0   2395
      1     61      7      1      3      1      4      1      1   1177
      1     61      7      1      4      8     16      8      1   1044
      1     61      7      1      5      3     16      1      0   1856
      1     61      7      1      6      4     10      1      0   1317
      1     61      7      1      7      6      7      6      1   1694
      1     61      7      1      8      1      7      3      0   1607
      1     61      7      1      9      5      6      5      1   1311
      1     61      7      1     10      3      8      3      1   1101
      1     61      7      1     11      7     15      7      1   1425
      1     61      7      1     12      6      5      6      1   3213
      1     61      7      1     13      5     10      5      1   1641
      1     61      7      1     14      4     13      4      1   3764
      1     61      7      1     15      8     13      8      1   1397
      1     61      7      1     16      2     10      2      1   1837
      1     61      7      2      1      3     14      3      1   2264
      1     61      7      2      2      7      7      7      1   1977
      1     61      7      2      3      8     15      8      1   1544
      1     61      7      2      4      5      4      5      1   1561
      1     61      7      2      5      2     16      4      0   2994
      1     61      7      2      6      4      3      1      0   1961
      1     61      7      2      7      7     10      7      1   1794
      1     61      7      2      8      6      8      6      1   1377
      1     61      7      2      9      6     13      6      1   1729
      1     61      7      2     10      1      6      1      1   2060
      1     61      7      2     11      8      6      8      1   1277
      1     61      7      2     12      5      9      5      1   1843
      1     61      7      2     13      1      2      1      1   3461
      1     61      7      2     14      2      8      2      1   2744
      1     61      7      2     15      3      2      3      1   2194
      1     61      7      2     16      4      1      1      0   1544
      1     61      8      1      1      7     16      7      1   2362
      1     61      8      1      2      3     13      3      1   1422
      1     61      8      1      3      7      8      7      1   1567
      1     61      8      1      4      8      2      8      1   1257
      1     61      8      1      5      5     16      5      1   1348
      1     61      8      1      6      6      9      6      1   1847
      1     61      8      1      7      4     16      4      1   1523
      1     61      8      1      8      4      9      4      1   2631
      1     61      8      1      9      3      9      3      1   1337
      1     61      8      1     10      6     16      6      1   2448
      1     61      8      1     11      5      7      5      1   1357
      1     61      8      1     12      1      3      1      1   1798
      1     61      8      1     13      1     11      1      1   1741
      1     61      8      1     14      2      4      2      1   3742
      1     61      8      1     15      8      3      8      1   1190
      1     61      8      1     16      2     13      2      1   1730
      1     61      8      2      1      8      4      8      1   1479
      1     61      8      2      2      5      2      5      1   1312
      1     61      8      2      3      4      8      1      0   4111
      1     61      8      2      4      2      2      2      1   1944
      1     61      8      2      5      2      3      1      0   6011
      1     61      8      2      6      4     14      4      1   3693
      1     61      8      2      7      1     14      1      1   3461
      1     61      8      2      8      3     12      3      1   3911
      1     61      8      2      9      8      9      8      1   1578
      1     61      8      2     10      3      6      3      1   1911
      1     61      8      2     11      7      6      7      1   1393
      1     61      8      2     12      5      5      5      1   2110
      1     61      8      2     13      6     11      6      1   1960
      1     61      8      2     14      1      1      4      0   5344
      1     61      8      2     15      6     15      6      1   2178
      1     61      8      2     16      7      2      7      1   1244
      1     61      9      1      1      5     12      5      1   1514
      1     61      9      1      2      5      8      5      1   1414
      1     61      9      1      3      6     12      6      1   1677
      1     61      9      1      4      7     12      7      1   2024
      1     61      9      1      5      6     10      7      0   1167
      1     61      9      1      6      3     11      3      1   1379
      1     61      9      1      7      3      7      3      1   1641
      1     61      9      1      8      4     15      4      1   3341
      1     61      9      1      9      7     13      7      1   1897
      1     61      9      1     10      2      5      2      1   2099
      1     61      9      1     11      4     11      1      0   1682
      1     61      9      1     12      8      5      8      1   1949
      1     61      9      1     13      1     10      1      1   4409
      1     61      9      1     14      1      9      1      1   1928
      1     61      9      1     15      2      1      2      1   1973
      1     61      9      1     16      8      8      8      1   2509
      1     61      9      2      1      1     16      1      1   2497
      1     61      9      2      2      4     12      1      0   1978
      1     61      9      2      3      4      5      7      0   1978
      1     61      9      2      4      1      5      1      1   2544
      1     61      9      2      5      7      5      7      1   1510
      1     61      9      2      6      2      9      2      1   1210
      1     61      9      2      7      6      3      6      1   1478
      1     61      9      2      8      7     14      3      0   6711
      1     61      9      2      9      5     14      5      1   1244
      1     61      9      2     10      6      6      6      1   3127
      1     61      9      2     11      3     15      3      1   3778
      1     61      9      2     12      2      6      2      1   1649
      1     61      9      2     13      8     14      8      1   2976
      1     61      9      2     14      8     10      8      1   1843
      1     61      9      2     15      5     11      5      1   1044
      1     61      9      2     16      3     10      3      1   1994
