      1     70      1      1      1      2      9      2      1   3645
      1     70      1      1      2      1     11      6      0   2401
      1     70      1      1      3      7      8      1      0   1871
      1     70      1      1      4      3      6      5      0   2923
      1     70      1      1      5      1      6      3      0   1858
      1     70      1      1      6      3     13      4      0   3690
      1     70      1      1      7      6      6      2      0   5071
      1     70      1      1      8      4      8      2      0   1643
      1     70      1      1      9      6     12      5      0   4828
      1     70      1      1     10      8     10      2      0   1484
      1     70      1      1     11      7     15      5      0   6665
      1     70      1      1     12      4     14      3      0   2725
      1     70      1      1     13      2      5      5      0   4102
      1     70      1      1     14      5      4      5      1   3239
      1     70      1      1     15      5      5      5      1   1765
      1     70      1      1     16      8     15      7      0   2227
      1     70      1      2      1      6      8      7      0   2893
      1     70      1      2      2      5      2      5      1   1208
      1     70      1      2      3      7      4      4      0   4009
      1     70      1      2      4      7      6      1      0   4611
      1     70      1      2      5      2      2      2      1   2174
      1     70      1      2      6      2      6      3      0   1957
      1     70      1      2      7      4     11      2      0   3745
      1     70      1      2      8      3      8      7      0   4810
      1     70      1      2      9      8      8      8      1   1960
      1     70      1      2     10      8     14      8      1   1627
      1     70      1      2     11      3     10      3      1   2746
      1     70      1      2     12      5      7      5      1   1162
      1     70      1      2     13      6     15      1      0   3044
      1     70      1      2     14      4     16      3      0   2292
      1     70      1      2     15      1      2      6      0   3111
      1     70      1      2     16      1      5      4      0   6563
      1     70      2      1      1      8      6      8      1   2420
      1     70      2      1      2      3      9      3      1   2174
      1     70      2      1      3      4     15      7      0   2397
      1     70      2      1      4      7     12      1      0   2688
      1     70      2      1      5      6     10      2      0   2813
      1     70      2      1      6      5     16      5      1   1270
      1     70      2      1      7      3      2      2      0   2815
      1     70      2      1      8      5      9      5      1   1047
      1     70      2      1      9      2     16      2      1   1714
      1     70      2      1     10      7     13      3      0   3219
      1     70      2      1     11      2      1      2      1   1393
      1     70      2      1     12      8      5      8      1   1198
      1     70      2      1     13      1     16      7      0   1728
      1     70      2      1     14      1      1      6      0   1828
      1     70      2      1     15      6      7      1      0   2032
      1     70      2      1     16      4     12      2      0   1087
      1     70      2      2      1      2     14      2      1   3546
      1     70      2      2      2      5     12      5      1   1311
      1     70      2      2      3      6      5      7      0   2896
      1     70      2      2      4      7     14      6      0   2047
      1     70      2      2      5      3     12      1      0   1179
      1     70      2      2      6      6     11      8      0   4812
      1     70      2      2      7      3     15      1      0   2413
      1     70      2      2      8      4      3      3      0   1913
      1     70      2      2      9      8     13      8      1   2245
      1     70      2      2     10      2      3      4      0   3345
      1     70      2      2     11      5     10      5      1   1295
      1     70      2      2     12      1      9      1      1   1744
      1     70      2      2     13      1     10      7      0   6348
      1     70      2      2     14      4     10      3      0   3762
      1     70      2      2     15      8      9      8      1   1446
      1     70      2      2     16      7      5      4      0   3345
      1     70      3      1      1      8      3      8      1   1689
      1     70      3      1      2      5      6      5      1   1160
      1     70      3      1      3      8     16      8      1   1326
      1     70      3      1      4      3     11      1      0   1371
      1     70      3      1      5      7     16      6      0   5437
      1     70      3      1      6      2      4      2      1   1244
      1     70      3      1      7      7     10      1      0   2015
      1     70      3      1      8      1     14      7      0   2048
      1     70      3      1      9      4     13      4      1   2441
      1     70      3      1     10      4      5      4      1   1932
      1     70      3      1     11      5     14      5      1   1069
      1     70      3      1     12      3     14      7      0   2229
      1     70      3      1     13      6      3      6      1   2897
      1     70      3      1     14      1      3      7      0   2480
      1     70      3      1     15      6      9      6      1   1448
      1     70      3      1     16      2     13      2      1   1335
      1     70      3      2      1      5      8      5      1    964
      1     70      3      2      2      8      2      8      1   1462
      1     70      3      2      3      1      7      1      1   1563
      1     70      3      2      4      4      9      3      0   2729
      1     70      3      2      5      5     11      5      1   1196
      1     70      3      2      6      8      4      8      1   1093
      1     70      3      2      7      3     16      4      0   4079
      1     70      3      2      8      1      4      4      0   1326
      1     70      3      2      9      2      8      2      1   1310
      1     70      3      2     10      6     16      6      1   1343
      1     70      3      2     11      4      1      7      0   5944
      1     70      3      2     12      7      7      3      0   4610
      1     70      3      2     13      6     13      6      1   1278
      1     70      3      2     14      2     10      2      1   2777
      1     70      3      2     15      3      7      1      0   3895
      1     70      3      2     16      7      2      7      1   2127
      1     70      4      1      1      7     10      7      1   2762
      1     70      4      1      2      1     14      6      0   1660
      1     70      4      1      3      1      3      1      1   1470
      1     70      4      1      4      4     14      2      0   1695
      1     70      4      1      5      4     12      3      0   3396
      1     70      4      1      6      2     13      2      1   3110
      1     70      4      1      7      8      6      8      1   1090
      1     70      4      1      8      5     16      5      1    862
      1     70      4      1      9      6      3      6      1   1360
      1     70      4      1     10      6     12      6      1   1812
      1     70      4      1     11      3     11      1      0   1665
      1     70      4      1     12      2      1      2      1   1217
      1     70      4      1     13      7     15      4      0   2316
      1     70      4      1     14      8     10      8      1   1130
      1     70      4      1     15      3      9      1      0   3971
      1     70      4      1     16      5      4      5      1   1051
      1     70      4      2      1      4      3      4      1   2598
      1     70      4      2      2      5     10      5      1    927
      1     70      4      2      3      7     14      7      1   3814
      1     70      4      2      4      3     12      1      0   2027
      1     70      4      2      5      1      4      1      1   2578
      1     70      4      2      6      5      7      5      1   1760
      1     70      4      2      7      3     16      4      0   2993
      1     70      4      2      8      7      6      6      0   1515
      1     70      4      2      9      6     16      6      1   1144
      1     70      4      2     10      4     16      2      0   1577
      1     70      4      2     11      2      6      2      1   1077
      1     70      4      2     12      8      8      8      1   1244
      1     70      4      2     13      2      8      2      1   1210
      1     70      4      2     14      6      5      6      1   1392
      1     70      4      2     15      8      4      8      1   1428
      1     70      4      2     16      1      5      1      1   3244
      1     70      5      1      1      4     13      4      1   3502
      1     70      5      1      2      6     10      6      1   1896
      1     70      5      1      3      7     12      3      0   3414
      1     70      5      1      4      8      5      8      1    977
      1     70      5      1      5      6      7      6      1   1194
      1     70      5      1      6      8     16      8      1   1032
      1     70      5      1      7      1     16      1      1   1458
      1     70      5      1      8      5      5      5      1   1241
      1     70      5      1      9      7      8      4      0   1464
      1     70      5      1     10      5     14      5      1    995
      1     70      5      1     11      3     14      3      1   2603
      1     70      5      1     12      2      5      2      1    984
      1     70      5      1     13      1      6      1      1   1834
      1     70      5      1     14      2      4      2      1    933
      1     70      5      1     15      4     15      4      1   1795
      1     70      5      1     16      3      6      7      0   2075
      1     70      5      2      1      6     15      6      1   1062
      1     70      5      2      2      2      2      2      1   1310
      1     70      5      2      3      5      2      5      1   1328
      1     70      5      2      4      1     10      7      0   6678
      1     70      5      2      5      7      5      3      0   4327
      1     70      5      2      6      3      7      3      1   1261
      1     70      5      2      7      8     13      8      1   1444
      1     70      5      2      8      4      9      3      0   3526
      1     70      5      2      9      6      8      6      1   1410
      1     70      5      2     10      8     14      8      1   1277
      1     70      5      2     11      7      4      1      0   2144
      1     70      5      2     12      2      3      3      0   3894
      1     70      5      2     13      4     11      7      0  11145
      1     70      5      2     14      5      8      5      1   1394
      1     70      5      2     15      1      9      1      1   1928
      1     70      5      2     16      3      8      4      0   1214
      1     70      6      1      1      4      5      3      0   1878
      1     70      6      1      2      3     13      4      0   3375
      1     70      6      1      3      8      3      8      1   1142
      1     70      6      1      4      7     16      7      1   7493
      1     70      6      1      5      6      9      6      1   1201
      1     70      6      1      6      1     11      7      0   2881
      1     70      6      1      7      5      9      5      1   1433
      1     70      6      1      8      7     13      7      1   3509
      1     70      6      1      9      8     15      8      1   1303
      1     70      6      1     10      6      6      7      0  23471
      1     70      6      1     11      4      8      7      0   1956
      1     70      6      1     12      2      9      2      1    962
      1     70      6      1     13      3      2      1      0   6937
      1     70      6      1     14      1      1      4      0   1771
      1     70      6      1     15      5      6      5      1   1159
      1     70      6      1     16      2     16      2      1    886
      1     70      6      2      1      8      2      8      1   1563
      1     70      6      2      2      6     11      6      1   1276
      1     70      6      2      3      6     13      6      1   1661
      1     70      6      2      4      5     12      5      1   1077
      1     70      6      2      5      7      2      4      0   2878
      1     70      6      2      6      4      1      7      0   2911
      1     70      6      2      7      4     10      3      0   3428
      1     70      6      2      8      3     15      4      0   1129
      1     70      6      2      9      7      7      7      1   3377
      1     70      6      2     10      5     11      5      1   1728
      1     70      6      2     11      8      9      8      1   1343
      1     70      6      2     12      1      7      1      1   1393
      1     70      6      2     13      1      2      1      1   1576
      1     70      6      2     14      3     10      4      0   1759
      1     70      6      2     15      2     14      2      1   1360
      1     70      6      2     16      2     10      2      1   2494
      1     70      7      1      1      5      6      5      1   1089
      1     70      7      1      2      8      5      8      1   1022
      1     70      7      1      3      3      9      1      0   1261
      1     70      7      1      4      4     14      4      1   1399
      1     70      7      1      5      4      8      7      0   2590
      1     70      7      1      6      2     13      2      1   1176
      1     70      7      1      7      6      3      6      1   1063
      1     70      7      1      8      7     13      4      0    970
      1     70      7      1      9      2      4      2      1   2201
      1     70      7      1     10      1     16      1      1   5356
      1     70      7      1     11      8     10      8      1   1383
      1     70      7      1     12      1      6      1      1   2033
      1     70      7      1     13      5     16      5      1   1024
      1     70      7      1     14      6      9      6      1   1197
      1     70      7      1     15      3     14      4      0   1961
      1     70      7      1     16      7     12      4      0   1784
      1     70      7      2      1      1      2      1      1   3380
      1     70      7      2      2      3      8      3      1   2260
      1     70      7      2      3      5     10      5      1   1095
      1     70      7      2      4      6     13      6      1   1195
      1     70      7      2      5      6     16      6      1   1511
      1     70      7      2      6      4     16      2      0   1327
      1     70      7      2      7      8      4      8      1   1046
      1     70      7      2      8      1     10      7      0   6777
      1     70      7      2      9      2     14      2      1   1130
      1     70      7      2     10      2      6      2      1   2610
      1     70      7      2     11      4     10      4      1   1694
      1     70      7      2     12      5     11      5      1   1227
      1     70      7      2     13      3      7      3      1   1996
      1     70      7      2     14      7      2      4      0   3993
      1     70      7      2     15      7     14      1      0   3527
      1     70      7      2     16      8     14      8      1   1029
      1     70      8      1      1      2      5      2      1   1231
      1     70      8      1      2      2     16      2      1    831
      1     70      8      1      3      8      6      8      1   1025
      1     70      8      1      4      6     10      6      1   1053
      1     70      8      1      5      3      6      4      0   3724
      1     70      8      1      6      3     13      4      0   1819
      1     70      8      1      7      8     16      8      1    953
      1     70      8      1      8      5      5      5      1    937
      1     70      8      1      9      4      5      4      1   3335
      1     70      8      1     10      5      9      5      1    973
      1     70      8      1     11      4     12      4      1   1795
      1     70      8      1     12      1     14      7      0   1677
      1     70      8      1     13      7      8      7      1   1094
      1     70      8      1     14      6      6      6      1   1648
      1     70      8      1     15      7     16      4      0  10726
      1     70      8      1     16      1     11      1      1   1516
      1     70      8      2      1      4      9      7      0   2547
      1     70      8      2      2      6      5      6      1   1448
      1     70      8      2      3      8      8      8      1   1110
      1     70      8      2      4      4      1      4      1   5011
      1     70      8      2      5      5      8      5      1   1411
      1     70      8      2      6      3     12      4      0   3226
      1     70      8      2      7      7      4      1      0   1311
      1     70      8      2      8      8      2      8      1   1262
      1     70      8      2      9      1      9      1      1   1561
      1     70      8      2     10      1      7      1      1   1760
      1     70      8      2     11      5      7      5      1   1014
      1     70      8      2     12      2      8      2      1    960
      1     70      8      2     13      2      2      2      1    993
      1     70      8      2     14      7      6      6      0   1810
      1     70      8      2     15      6      8      6      1   1243
      1     70      8      2     16      3     15      4      0   1360
      1     70      9      1      1      6      7      6      1   1172
      1     70      9      1      2      2      1      2      1    892
      1     70      9      1      3      7     15      4      0   2408
      1     70      9      1      4      1      1      1      1   2480
      1     70      9      1      5      5     14      5      1    950
      1     70      9      1      6      3      2      1      0   1554
      1     70      9      1      7      6     12      6      1   1509
      1     70      9      1      8      5      4      5      1   1035
      1     70      9      1      9      1      3      1      1   1516
      1     70      9      1     10      4     13      4      1   1380
      1     70      9      1     11      7     10      3      0   2095
      1     70      9      1     12      4     15      3      0   1214
      1     70      9      1     13      8      3      8      1   1381
      1     70      9      1     14      2      9      2      1    982
      1     70      9      1     15      8     15      8      1   1030
      1     70      9      1     16      3     11      3      1   2838
      1     70      9      2      1      5     12      5      1    997
      1     70      9      2      2      6     11      6      1   1409
      1     70      9      2      3      8     13      8      1   1011
      1     70      9      2      4      3     16      3      1   3127
      1     70      9      2      5      5      2      5      1   1178
      1     70      9      2      6      8      9      8      1   1346
      1     70      9      2      7      4      3      7      0   3213
      1     70      9      2      8      6     15      6      1   1595
      1     70      9      2      9      2      3      7      0   5060
      1     70      9      2     10      1      5      1      1   2010
      1     70      9      2     11      1      4      4      0   2060
      1     70      9      2     12      7      5      7      1   5210
      1     70      9      2     13      7      7      7      1   1695
      1     70      9      2     14      3     10      3      1   1912
      1     70      9      2     15      4     11      4      1   5577
      1     70      9      2     16      2     10      2      1   3710
