      2     11      1      1      1      5     11      5      1   1392   1187
      2     11      1      1      2      6     11      3      0   1554   1114
      2     11      1      1      3      2      4      1      0   2698   2366
      2     11      1      1      4      2      4      2      1   1100   1300
      2     11      1      1      5      6     11      7      0   6054    605
      2     11      1      1      6      7     15      3      0   1975   1068
      2     11      1      1      7      2      2      1      0   2162   1180
      2     11      1      1      8      1      9      1      1   1155   2203
      2     11      1      1      9      6     12      4      0   2459   2548
      2     11      1      1     10      7      6      7      1   1659   1757
      2     11      1      1     11      7     12      7      1   1376    987
      2     11      1      1     12      5     14      5      1   1445   1034
      2     11      1      1     13      5      9      5      1    936    764
      2     11      1      1     14      3     10      2      0   3024   1055
      2     11      1      1     15      7     14      4      0   2329   1032
      2     11      1      1     16      7     12      7      1   1060    902
      2     11      1      2      1      5     16      5      1   1668     -1
      2     11      1      2      2      5      7      8      0   3489     -1
      2     11      1      2      3      3     13      7      0   1812     -1
      2     11      1      2      4      4      9      2      0   3891     -1
      2     11      1      2      5      8     15      1      0   6541     -1
      2     11      1      2      6      6      9      6      1   9092     -1
      2     11      1      2      7      1      1      4      0   2896     -1
      2     11      1      2      8      6      3      6      1   2026     -1
      2     11      1      2      9      1     10      1      1   2194     -1
      2     11      1      2     10      3     16      3      1   1958     -1
      2     11      1      2     11      7      4      8      0   4159     -1
      2     11      1      2     12      2      6      5      0   1577     -1
      2     11      1      2     13      4     13      6      0   2827     -1
      2     11      1      2     14      7     13      7      1   1675     -1
      2     11      1      2     15      8      6      2      0   2025     -1
      2     11      1      2     16      2      8      4      0   2057     -1
      2     11      2      1      1      1      4      1      1   1543   1295
      2     11      2      1      2      4     11      6      0   2561   1196
      2     11      2      1      3      8     16      7      0   2040   4086
      2     11      2      1      4      8     13      8      1    963   2852
      2     11      2      1      5      8     14      8      1    781    705
      2     11      2      1      6      8      5      8      1    602   1370
      2     11      2      1      7      1      4      1      1   1127   2018
      2     11      2      1      8      1      9      3      0   1461    902
      2     11      2      1      9      2      2      1      0    931   1077
      2     11      2      1     10      2      1      2      1   1248   1996
      2     11      2      1     11      3     11      3      1    953    956
      2     11      2      1     12      1      5      1      1    901   1290
      2     11      2      1     13      8     10      7      0   1519    897
      2     11      2      1     14      1      2      8      0   2843   4493
      2     11      2      1     15      8     10      6      0   4494   1424
      2     11      2      1     16      8     13      8      1    852   2050
      2     11      2      2      1      2     16      2      1   5913     -1
      2     11      2      2      2      7      2      7      1   1309     -1
      2     11      2      2      3      2     10      2      1   3392     -1
      2     11      2      2      4      7     10      7      1   1230     -1
      2     11      2      2      5      8      3      8      1   1226     -1
      2     11      2      2      6      4      3      1      0   3641     -1
      2     11      2      2      7      4     15      4      1   2609     -1
      2     11      2      2      8      5     10      3      0   1025     -1
      2     11      2      2      9      8      8      8      1   1410     -1
      2     11      2      2     10      1      3      6      0   1941     -1
      2     11      2      2     11      1     16      1      1   1725     -1
      2     11      2      2     12      3     15      3      1   3941     -1
      2     11      2      2     13      6     10      2      0   2976     -1
      2     11      2      2     14      6     13      6      1   1629     -1
      2     11      2      2     15      5      4      5      1   1126     -1
      2     11      2      2     16      3      7      3      1   2091     -1
      2     11      3      1      1      3     14      3      1   1222   1188
      2     11      3      1      2      5      6      5      1   1193   1200
      2     11      3      1      3      6     11      6      1   1648   2341
      2     11      3      1      4      6      8      6      1    988   1155
      2     11      3      1      5      6     16      6      1    837   1122
      2     11      3      1      6      7      5      7      1   1586   1371
      2     11      3      1      7      4     16      2      0   3474   1183
      2     11      3      1      8      4     16      4      1    757    956
      2     11      3      1      9      4     10      4      1   1053   1192
      2     11      3      1     10      4     14      4      1   1297   1116
      2     11      3      1     11      1      5      1      1   3239   1384
      2     11      3      1     12      3     12      3      1    812   4148
      2     11      3      1     13      3      8      3      1   2198   1145
      2     11      3      1     14      3     12      3      1    789    794
      2     11      3      1     15      8     10      8      1   1167   1205
      2     11      3      1     16      2     13      4      0   4337   2303
      2     11      3      2      1      6     15      6      1   2981     -1
      2     11      3      2      2      3      9      3      1   1744     -1
      2     11      3      2      3      1      7      1      1   1108     -1
      2     11      3      2      4      1      6      1      1   1458     -1
      2     11      3      2      5      6      5      6      1   1407     -1
      2     11      3      2      6      7      7      7      1   3609     -1
      2     11      3      2      7      4      1      1      0   1878     -1
      2     11      3      2      8      4     12      4      1   3960     -1
      2     11      3      2      9      2      3      1      0   1276     -1
      2     11      3      2     10      5      8      5      1   1259     -1
      2     11      3      2     11      3      2      3      1   1459     -1
      2     11      3      2     12      7     16      4      0   3942     -1
      2     11      3      2     13      5      5      5      1   1309     -1
      2     11      3      2     14      2     14      4      0   5797     -1
      2     11      3      2     15      8      9      8      1   1212     -1
      2     11      3      2     16      8      2      8      1   1125     -1
      2     11      4      1      1      3      6      3      1    851   1293
      2     11      4      1      2      8     10      8      1    910    969
      2     11      4      1      3      1      4      1      1   1123   1270
      2     11      4      1      4      6      6      6      1   1912   1410
      2     11      4      1      5      7     14      4      0   1642   1972
      2     11      4      1      6      4     14      4      1    984    849
      2     11      4      1      7      2      4      4      0    607   1644
      2     11      4      1      8      2     13      2      1    958   2135
      2     11      4      1      9      2      5      2      1   1043    890
      2     11      4      1     10      7     14      7      1   1608   3906
      2     11      4      1     11      2      2      1      0   1621   1007
      2     11      4      1     12      7      8      7      1   1103   2469
      2     11      4      1     13      7     12      7      1    771   1169
      2     11      4      1     14      1     14      6      0   5226   1002
      2     11      4      1     15      6      6      6      1    972   1035
      2     11      4      1     16      8      5      8      1    544   2099
      2     11      4      2      1      2     16      4      0   9346     -1
      2     11      4      2      2      6     10      6      1   3009     -1
      2     11      4      2      3      3     15      3      1   2675     -1
      2     11      4      2      4      2      3      1      0   1059     -1
      2     11      4      2      5      3      2      3      1   1258     -1
      2     11      4      2      6      6      5      6      1   2162     -1
      2     11      4      2      7      8      3      8      1   1175     -1
      2     11      4      2      8      7      4      8      0   7459     -1
      2     11      4      2      9      5      5      5      1   1241     -1
      2     11      4      2     10      4      1      7      0   6063     -1
      2     11      4      2     11      1      7      3      0   1860     -1
      2     11      4      2     12      5     16      5      1   1178     -1
      2     11      4      2     13      1      6      1      1   1591     -1
      2     11      4      2     14      7      7      7      1   1776     -1
      2     11      4      2     15      4      3      1      0   2524     -1
      2     11      4      2     16      8      9      8      1   1146     -1
      2     11      5      1      1      6     12      3      0   2623   1652
      2     11      5      1      2      7      6      6      0   1771   1234
      2     11      5      1      3      7     12      7      1    862    739
      2     11      5      1      4      5     14      5      1   1339   1423
      2     11      5      1      5      3     10      3      1   1280    983
      2     11      5      1      6      7     14      4      0   3804   1092
      2     11      5      1      7      4     14      4      1   1023   1253
      2     11      5      1      8      2     13      2      1    950    798
      2     11      5      1      9      2      5      2      1    835   1550
      2     11      5      1     10      1      5      1      1    800   3734
      2     11      5      1     11      6      8      6      1   1964    867
      2     11      5      1     12      6     16      6      1    735    898
      2     11      5      1     13      2      9      2      1   2565    653
      2     11      5      1     14      4     16      4      1    863    788
      2     11      5      1     15      7      8      7      1    935    860
      2     11      5      1     16      8     13      8      1    756   1314
      2     11      5      2      1      8      8      8      1   4612     -1
      2     11      5      2      2      2     14      4      0   2575     -1
      2     11      5      2      3      6     13      6      1   1742     -1
      2     11      5      2      4      8     15      8      1   1158     -1
      2     11      5      2      5      3     16      3      1   4142     -1
      2     11      5      2      6      6      9      6      1   6292     -1
      2     11      5      2      7      3     13      3      1   1243     -1
      2     11      5      2      8      7      2      7      1   1229     -1
      2     11      5      2      9      4     15      4      1   7708     -1
      2     11      5      2     10      1     16      1      1   1213     -1
      2     11      5      2     11      5     10      5      1   1324     -1
      2     11      5      2     12      1      3      1      1   5147     -1
      2     11      5      2     13      5      8      5      1   1175     -1
      2     11      5      2     14      2     10      4      0   5411     -1
      2     11      5      2     15      7     16      7      1   4242     -1
      2     11      5      2     16      4     12      1      0   1746     -1
      2     11      6      1      1      1     14      6      0    908   1518
      2     11      6      1      2      3     11      3      1    825   1344
      2     11      6      1      3      4      8      1      0   1668   1354
      2     11      6      1      4      8      5      8      1   1012    920
      2     11      6      1      5      7      5      7      1   1231   1410
      2     11      6      1      6      5      6      5      1    937   1022
      2     11      6      1      7      5      2      5      1    784   1356
      2     11      6      1      8      3      6      3      1   2249    884
      2     11      6      1      9      8     14      8      1   1498    555
      2     11      6      1     10      3     12      3      1    907   1117
      2     11      6      1     11      6     11      6      1    879   1506
      2     11      6      1     12      5     11      5      1    654    716
      2     11      6      1     13      2      4      2      1    648    816
      2     11      6      1     14      1      2      1      1   2474   1383
      2     11      6      1     15      3     14      3      1    755   2136
      2     11      6      1     16      8      4      8      1    955   1416
      2     11      6      2      1      8      6      8      1    963     -1
      2     11      6      2      2      2      8      4      0   5292     -1
      2     11      6      2      3      5      4      5      1   1042     -1
      2     11      6      2      4      4     13      4      1   3309     -1
      2     11      6      2      5      7     13      7      1    992     -1
      2     11      6      2      6      3      9      3      1    910     -1
      2     11      6      2      7      2      6      2      1   1325     -1
      2     11      6      2      8      4      9      4      1   5109     -1
      2     11      6      2      9      8      2      8      1   1176     -1
      2     11      6      2     10      3      7      3      1   1260     -1
      2     11      6      2     11      6      3      7      0   1759     -1
      2     11      6      2     12      1     10      1      1   1026     -1
      2     11      6      2     13      5      7      5      1   7059     -1
      2     11      6      2     14      7     10      7      1   1013     -1
      2     11      6      2     15      1      1      2      0   6709     -1
      2     11      6      2     16      6     15      6      1   1346     -1
      2     11      7      1      1      8      4      8      1    981   3808
      2     11      7      1      2      8     10      8      1    822    596
      2     11      7      1      3      4     10      2      0   2480   1178
      2     11      7      1      4      3      8      3      1    951    781
      2     11      7      1      5      2      1      2      1    759    804
      2     11      7      1      6      7     15      7      1    903    862
      2     11      7      1      7      1     11      1      1   1546    900
      2     11      7      1      8      6      7      6      1   1559    889
      2     11      7      1      9      1      4      1      1   1445   1198
      2     11      7      1     10      4     11      2      0   2198   1176
      2     11      7      1     11      8     16      8      1    914   1079
      2     11      7      1     12      6      6      6      1   2516   1406
      2     11      7      1     13      1      9      1      1    828    899
      2     11      7      1     14      4      5      6      0   6485    875
      2     11      7      1     15      5     12      5      1   1153   1268
      2     11      7      1     16      2      2      2      1    867    995
      2     11      7      2      1      2     14      4      0   2230     -1
      2     11      7      2      2      3      7      3      1   1027     -1
      2     11      7      2      3      1     16      1      1   1375     -1
      2     11      7      2      4      2      6      2      1    977     -1
      2     11      7      2      5      1      1      4      0   5892     -1
      2     11      7      2      6      7      4      7      1   2075     -1
      2     11      7      2      7      6     13      6      1   1110     -1
      2     11      7      2      8      3      2      3      1   1329     -1
      2     11      7      2      9      4      9      4      1   2662     -1
      2     11      7      2     10      8      9      8      1    909     -1
      2     11      7      2     11      8      6      8      1    943     -1
      2     11      7      2     12      4      1      1      0   1479     -1
      2     11      7      2     13      6     15      6      1    991     -1
      2     11      7      2     14      7      2      7      1    893     -1
      2     11      7      2     15      5      7      5      1   1043     -1
      2     11      7      2     16      5      8      5      1    908     -1
      2     11      8      1      1      6     12      3      0   2944   4666
      2     11      8      1      2      7      6      7      1   2534   1270
      2     11      8      1      3      7     12      7      1    777   1233
      2     11      8      1      4      5     14      5      1    782    964
      2     11      8      1      5      5      9      5      1    653   1699
      2     11      8      1      6      3     10      3      1    837    812
      2     11      8      1      7      7     14      4      0   3920    993
      2     11      8      1      8      4     14      4      1    995   1377
      2     11      8      1      9      2     13      4      0   2767    847
      2     11      8      1     10      2      5      2      1    680    572
      2     11      8      1     11      1      5      1      1    896    718
      2     11      8      1     12      6      8      6      1    589    647
      2     11      8      1     13      6     16      6      1    718   1011
      2     11      8      1     14      2      9      2      1    511    740
      2     11      8      1     15      4     16      4      1   1206    714
      2     11      8      1     16      7      8      7      1    949    816
      2     11      8      2      1      2     10      4      0   4114     -1
      2     11      8      2      2      5      4      5      1   1059     -1
      2     11      8      2      3      4      3      1      0   1125     -1
      2     11      8      2      4      2      8      2      1   2592     -1
      2     11      8      2      5      1     10      1      1   1175     -1
      2     11      8      2      6      7      7      7      1    930     -1
      2     11      8      2      7      5     10      5      1    977     -1
      2     11      8      2      8      3     13      3      1   1578     -1
      2     11      8      2      9      7     10      7      1   1026     -1
      2     11      8      2     10      4     12      1      0   1112     -1
      2     11      8      2     11      1      6      1      1   1359     -1
      2     11      8      2     12      6     10      6      1   2946     -1
      2     11      8      2     13      8      8      8      1   1625     -1
      2     11      8      2     14      8      2      8      1    910     -1
      2     11      8      2     15      3      9      3      1   1375     -1
      2     11      8      2     16      6      3      6      1   2809     -1
      2     11      9      1      1      8     13      8      1    810    765
      2     11      9      1      2      1     14      6      0    963    525
      2     11      9      1      3      3     11      3      1    694    885
      2     11      9      1      4      4      8      1      0   1282    702
      2     11      9      1      5      8      5      8      1    781    586
      2     11      9      1      6      7      5      7      1    968    717
      2     11      9      1      7      5      6      5      1    712   1574
      2     11      9      1      8      5      2      5      1    658    837
      2     11      9      1      9      3      6      3      1   1713   1146
      2     11      9      1     10      8     14      8      1   1019    831
      2     11      9      1     11      3     12      3      1    735    619
      2     11      9      1     12      6     11      6      1    801    602
      2     11      9      1     13      5     11      5      1    518    533
      2     11      9      1     14      2      4      2      1    748    899
      2     11      9      1     15      1      2      1      1    789   3446
      2     11      9      1     16      3     14      3      1    639    811
      2     11      9      2      1      5      5      5      1   1313     -1
      2     11      9      2      2      7     13      7      1   1125     -1
      2     11      9      2      3      6      9      6      1   2359     -1
      2     11      9      2      4      3     15      3      1   1308     -1
      2     11      9      2      5      1      7      1      1   1158     -1
      2     11      9      2      6      1      3      1      1   3393     -1
      2     11      9      2      7      8     15      8      1   1092     -1
      2     11      9      2      8      6      5      6      1   2013     -1
      2     11      9      2      9      4     13      4      1   1328     -1
      2     11      9      2     10      8      3      8      1   1758     -1
      2     11      9      2     11      7     16      6      0   5092     -1
      2     11      9      2     12      4     15      4      1   1259     -1
      2     11      9      2     13      3     16      3      1    876     -1
      2     11      9      2     14      2     16      4      0   2892     -1
      2     11      9      2     15      5     16      5      1   1158     -1
      2     11      9      2     16      2      3      1      0    939     -1
