      1    167      1      1      1      4     14      3      0   4975
      1    167      1      1      2      1      9      1      1   1422
      1    167      1      1      3      6      8      8      0   2260
      1    167      1      1      4      2      2      6      0   1934
      1    167      1      1      5      5      9      5      1   2154
      1    167      1      1      6      7     10      4      0   4424
      1    167      1      1      7      3     12      8      0   2316
      1    167      1      1      8      2      8      8      0   4856
      1    167      1      1      9      6     11      6      1   1745
      1    167      1      1     10      8     16      8      1   4770
      1    167      1      1     11      7     12      1      0   1799
      1    167      1      1     12      4      8      1      0   6659
      1    167      1      1     13      1     14      1      1   1716
      1    167      1      1     14      5     16      5      1   7158
      1    167      1      1     15      8     13      8      1   1717
      1    167      1      1     16      3     13      7      0   5675
      1    167      1      2      1      6     12      2      0   5806
      1    167      1      2      2      2      6      4      0   6097
      1    167      1      2      3      1     10      2      0   3680
      1    167      1      2      4      3      8      1      0   3063
      1    167      1      2      5      7      4      6      0   4229
      1    167      1      2      6      2     10      5      0   5162
      1    167      1      2      7      5     14      5      1   1779
      1    167      1      2      8      7     16      3      0   6396
      1    167      1      2      9      8      8      4      0   4864
      1    167      1      2     10      3      9      1      0   1681
      1    167      1      2     11      5      4      5      1   1647
      1    167      1      2     12      4      3      3      0   4047
      1    167      1      2     13      1      2      7      0   2195
      1    167      1      2     14      4     13      3      0   9330
      1    167      1      2     15      8      3      8      1   2496
      1    167      1      2     16      6      3      6      1   3563
      1    167      2      1      1      5      6      5      1   6621
      1    167      2      1      2      5     10      4      0   8220
      1    167      2      1      3      7      5      3      0   3205
      1    167      2      1      4      3     14      1      0   2898
      1    167      2      1      5      2     16      6      0   6971
      1    167      2      1      6      4     12      4      1   3831
      1    167      2      1      7      3     16      7      0   3068
      1    167      2      1      8      6     15      6      1   6247
      1    167      2      1      9      8     14      8      1   1108
      1    167      2      1     10      2     13      2      1   4451
      1    167      2      1     11      4     11      4      1   4402
      1    167      2      1     12      1      6      1      1   1370
      1    167      2      1     13      8      6      8      1   1634
      1    167      2      1     14      7      2      1      0   3490
      1    167      2      1     15      6      6      7      0   8804
      1    167      2      1     16      1      4      1      1   2116
      1    167      2      2      1      4     10      2      0  17946
      1    167      2      2      2      5      8      5      1   2629
      1    167      2      2      3      7      7      4      0   7496
      1    167      2      2      4      2      5      2      1   1964
      1    167      2      2      5      6     16      7      0   3296
      1    167      2      2      6      8     10      8      1   2595
      1    167      2      2      7      1      3      2      0   2312
      1    167      2      2      8      7     13      3      0   3045
      1    167      2      2      9      2      4      2      1   2080
      1    167      2      2     10      3     10      1      0   1729
      1    167      2      2     11      5     12      5      1   2146
      1    167      2      2     12      1      5      7      0   2597
      1    167      2      2     13      8      9      8      1   2196
      1    167      2      2     14      3      7      1      0   2579
      1    167      2      2     15      6      7      6      1   5579
      1    167      2      2     16      4     16      4      1   4129
      1    167      3      1      1      5     11      5      1   1446
      1    167      3      1      2      1     11      4      0   4654
      1    167      3      1      3      8      2      8      1   2772
      1    167      3      1      4      3     15      3      1   2414
      1    167      3      1      5      5      2      5      1   2281
      1    167      3      1      6      2      1      2      1   1876
      1    167      3      1      7      4      9      3      0   3655
      1    167      3      1      8      1      1      3      0   3620
      1    167      3      1      9      8     15      8      1   1071
      1    167      3      1     10      4      5      1      0   3819
      1    167      3      1     11      7      8      7      1   1935
      1    167      3      1     12      3      6      3      1   3388
      1    167      3      1     13      6      5      6      1   5755
      1    167      3      1     14      7     14      2      0   2553
      1    167      3      1     15      2     14      4      0   2543
      1    167      3      1     16      6      9      3      0   4558
      1    167      3      2      1      2      3      2      1   4462
      1    167      3      2      2      8      5      8      1   1630
      1    167      3      2      3      2      9      4      0   6164
      1    167      3      2      4      1     16      1      1   1231
      1    167      3      2      5      5      5      5      1   1531
      1    167      3      2      6      8      4      8      1   1581
      1    167      3      2      7      3     11      1      0   1631
      1    167      3      2      8      4      1      2      0   2448
      1    167      3      2      9      6     10      7      0   2614
      1    167      3      2     10      3      2      3      1   1797
      1    167      3      2     11      4     15      6      0   2014
      1    167      3      2     12      6     13      7      0   6131
      1    167      3      2     13      5      7      5      1   2763
      1    167      3      2     14      7      6      6      0   3879
      1    167      3      2     15      1      7      1      1   3498
      1    167      3      2     16      7     15      6      0  13697
      1    167      4      1      1      8     14      8      1   1209
      1    167      4      1      2      7     12      3      0   3741
      1    167      4      1      3      3     16      1      0   1815
      1    167      4      1      4      6      8      4      0   5590
      1    167      4      1      5      3     14      2      0   4233
      1    167      4      1      6      5      6      5      1   1126
      1    167      4      1      7      8      2      8      1   1215
      1    167      4      1      8      4      9      2      0   2976
      1    167      4      1      9      4      5      2      0   2942
      1    167      4      1     10      1      1      7      0   2539
      1    167      4      1     11      5      2      5      1    906
      1    167      4      1     12      6     15      6      1   2932
      1    167      4      1     13      7      5      2      0   4696
      1    167      4      1     14      2      8      2      1   3516
      1    167      4      1     15      1      4      1      1   3082
      1    167      4      1     16      2     13      4      0   9344
      1    167      4      2      1      8      3      8      1   1312
      1    167      4      2      2      1      2      6      0   4514
      1    167      4      2      3      2      3      4      0   3846
      1    167      4      2      4      5      5      5      1   1079
      1    167      4      2      5      6     10      7      0   2680
      1    167      4      2      6      7     16      6      0   1629
      1    167      4      2      7      1      5      3      0   1296
      1    167      4      2      8      7      4      4      0   1697
      1    167      4      2      9      3      7      3      1   1246
      1    167      4      2     10      4      1      2      0   2163
      1    167      4      2     11      8      4      8      1   1496
      1    167      4      2     12      3     11      1      0   1429
      1    167      4      2     13      5      8      5      1   1462
      1    167      4      2     14      4     15      6      0   3863
      1    167      4      2     15      2      5      2      1   1112
      1    167      4      2     16      6     12      1      0   2963
      1    167      5      1      1      1      6      1      1   1246
      1    167      5      1      2      2      1      2      1   1300
      1    167      5      1      3      5     10      5      1   1356
      1    167      5      1      4      3     15      3      1   6460
      1    167      5      1      5      7     14      7      1   3037
      1    167      5      1      6      3     13      1      0   2077
      1    167      5      1      7      1     11      6      0   1836
      1    167      5      1      8      5     16      5      1   1200
      1    167      5      1      9      7      8      6      0   2969
      1    167      5      1     10      8     15      8      1   1539
      1    167      5      1     11      4     12      2      0   1499
      1    167      5      1     12      6     11      5      0   1410
      1    167      5      1     13      2      2      2      1    894
      1    167      5      1     14      6      6      7      0  14427
      1    167      5      1     15      4      8      2      0   1968
      1    167      5      1     16      8     16      8      1   1109
      1    167      5      2      1      6     16      6      1  16480
      1    167      5      2      2      7     13      7      1   1929
      1    167      5      2      3      2      4      2      1   1579
      1    167      5      2      4      1     16      1      1   6229
      1    167      5      2      5      4     10      4      1   1496
      1    167      5      2      6      3      8      1      0   1396
      1    167      5      2      7      5     12      5      1   1213
      1    167      5      2      8      7      7      7      1   2363
      1    167      5      2      9      8      8      8      1   2696
      1    167      5      2     10      8     10      8      1   1231
      1    167      5      2     11      4      3      1      0   1962
      1    167      5      2     12      1     10      4      0   3713
      1    167      5      2     13      2      9      2      1   1197
      1    167      5      2     14      6      3      7      0   2413
      1    167      5      2     15      5      4      5      1   1463
      1    167      5      2     16      3      2      3      1   3313
      1    167      6      1      1      3     12      1      0   2075
      1    167      6      1      2      5     11      5      1   2120
      1    167      6      1      3      2     16      2      1   2266
      1    167      6      1      4      4     14      4      1   2017
      1    167      6      1      5      4     11      2      0   2337
      1    167      6      1      6      8      6      8      1   1003
      1    167      6      1      7      6      5      6      1   2757
      1    167      6      1      8      2     14      7      0   2472
      1    167      6      1      9      7     10      6      0   9060
      1    167      6      1     10      5      9      5      1    939
      1    167      6      1     11      7      2      7      1   5237
      1    167      6      1     12      1      9      2      0   1684
      1    167      6      1     13      6      9      6      1   2234
      1    167      6      1     14      8     13      8      1   1567
      1    167      6      1     15      3      6      1      0   3853
      1    167      6      1     16      1     14      6      0   1863
      1    167      6      2      1      1      3      4      0   4430
      1    167      6      2      2      4     16      4      1   2396
      1    167      6      2      3      1      7      3      0    796
      1    167      6      2      4      6      7      6      1   1313
      1    167      6      2      5      2     10      5      0   1696
      1    167      6      2      6      6     13      6      1   1613
      1    167      6      2      7      4     13      7      0   2830
      1    167      6      2      8      2      6      2      1   1079
      1    167      6      2      9      8      5      8      1   1429
      1    167      6      2     10      7      6      6      0   1231
      1    167      6      2     11      5     14      5      1   1113
      1    167      6      2     12      3     10      1      0   1313
      1    167      6      2     13      5      7      6      0   6513
      1    167      6      2     14      7     15      3      0   1246
      1    167      6      2     15      8      9      8      1   1131
      1    167      6      2     16      3      9      1      0   1079
      1    167      7      1      1      6     15      6      1   2337
      1    167      7      1      2      2     14      8      0   3042
      1    167      7      1      3      5     11      5      1   1161
      1    167      7      1      4      4     12      4      1   2276
      1    167      7      1      5      2      8      2      1   2981
      1    167      7      1      6      8     15      8      1   9424
      1    167      7      1      7      6     11      5      0   1883
      1    167      7      1      8      1      9      4      0   1364
      1    167      7      1      9      4     11      2      0   2323
      1    167      7      1     10      3     12      3      1   1480
      1    167      7      1     11      3     15      1      0   3993
      1    167      7      1     12      1      6      1      1   4268
      1    167      7      1     13      7     14      7      1   2472
      1    167      7      1     14      5      2      5      1   5081
      1    167      7      1     15      7      5      4      0  19114
      1    167      7      1     16      8      2      8      1   1140
      1    167      7      2      1      7      4      3      0   3913
      1    167      7      2      2      4      3      4      1   2229
      1    167      7      2      3      5     12      5      1   2529
      1    167      7      2      4      6     13      6      1   3297
      1    167      7      2      5      8     10      8      1   1996
      1    167      7      2      6      4     15      4      1   4196
      1    167      7      2      7      7     13      7      1   1580
      1    167      7      2      8      2      6      2      1   2296
      1    167      7      2      9      3      2      1      0   2180
      1    167      7      2     10      1      5      3      0   1413
      1    167      7      2     11      5      8      5      1   1296
      1    167      7      2     12      2     10      2      1   2029
      1    167      7      2     13      6     12      6      1   4163
      1    167      7      2     14      8      4      8      1   1146
      1    167      7      2     15      1     16      1      1   2947
      1    167      7      2     16      3     11      1      0   2298
      1    167      8      1      1      1      4      7      0  13386
      1    167      8      1      2      3      6      1      0  31991
      1    167      8      1      3      3     16      3      1   4245
      1    167      8      1      4      8     16      8      1   2350
      1    167      8      1      5      7      8      3      0  18772
      1    167      8      1      6      2     16      2      1   1951
      1    167      8      1      7      8     13      4      0   3246
      1    167      8      1      8      4      9      2      0    829
      1    167      8      1      9      4      8      4      1   4910
      1    167      8      1     10      6      6      6      1   1581
      1    167      8      1     11      5      6      5      1   1183
      1    167      8      1     12      2      2      2      1    918
      1    167      8      1     13      1      1      4      0   3356
      1    167      8      1     14      7     12      3      0   1458
      1    167      8      1     15      6      8      6      1   1748
      1    167      8      1     16      5     10      5      1   1364
      1    167      8      2      1      3      7      1      0   5063
      1    167      8      2      2      6      7      6      1   1779
      1    167      8      2      3      2      3      4      0   1646
      1    167      8      2      4      4      1      7      0   4579
      1    167      8      2      5      6      3      6      1   1146
      1    167      8      2      6      5      5      5      1   1280
      1    167      8      2      7      1      7      3      0   1113
      1    167      8      2      8      4     16      2      0   2013
      1    167      8      2      9      1      3      2      0   2329
      1    167      8      2     10      5      4      5      1   1129
      1    167      8      2     11      8      8      8      1   1096
      1    167      8      2     12      7      6      6      0   2146
      1    167      8      2     13      3      8      3      1   1080
      1    167      8      2     14      7     16      7      1   2196
      1    167      8      2     15      8      5      8      1    862
      1    167      8      2     16      2      9      2      1    829
      1    167      9      1      1      4     14      4      1   2439
      1    167      9      1      2      5     16      5      1   1171
      1    167      9      1      3      4      5      4      1   3776
      1    167      9      1      4      1     11      6      0   3557
      1    167      9      1      5      3     13      3      1   1059
      1    167      9      1      6      2     13      2      1   1183
      1    167      9      1      7      6      5      6      1   1215
      1    167      9      1      8      2      1      2      1   1290
      1    167      9      1      9      6      9      6      1   1559
      1    167      9      1     10      5      9      5      1   1110
      1    167      9      1     11      1     14      6      0   3198
      1    167      9      1     12      7      2      7      1   2749
      1    167      9      1     13      8      6      8      1    834
      1    167      9      1     14      8     14      8      1   1096
      1    167      9      1     15      7     10      7      1   2164
      1    167      9      1     16      3     14      1      0   1211
      1    167      9      2      1      6     16      6      1    946
      1    167      9      2      2      2      5      2      1   1164
      1    167      9      2      3      7     15      7      1   1696
      1    167      9      2      4      2      4      2      1    862
      1    167      9      2      5      7      7      7      1   1979
      1    167      9      2      6      3     10      3      1    746
      1    167      9      2      7      5     14      5      1   1246
      1    167      9      2      8      4     13      7      0   2280
      1    167      9      2      9      6     10      6      1   1330
      1    167      9      2     10      5      7      5      1   1014
      1    167      9      2     11      3      9      1      0   1113
      1    167      9      2     12      1      2      4      0   1529
      1    167      9      2     13      4     10      2      0   1296
      1    167      9      2     14      1     10      4      0   2380
      1    167      9      2     15      8      9      8      1    864
      1    167      9      2     16      8      3      8      1    962
