      2    190      1      1      1      5      7      1      0   5582   4800
      2    190      1      1      2      8     13      2      0   1933   4881
      2    190      1      1      3      3      2      7      0   3368   9729
      2    190      1      1      4      5     14      5      1   1574  10200
      2    190      1      1      5      1      9      6      0   4008   1771
      2    190      1      1      6      7      6      7      1   4382   2176
      2    190      1      1      7      1      7      3      0   2372   8772
      2    190      1      1      8      6      7      2      0   4713   5375
      2    190      1      1      9      7      4      6      0   4687   1795
      2    190      1      1     10      6     16      1      0   2301   7962
      2    190      1      1     11      6     12      1      0   1236   2583
      2    190      1      1     12      2     16      8      0   2074   3593
      2    190      1      1     13      8     10      8      1   2349   3210
      2    190      1      1     14      3      9      7      0   1679   9150
      2    190      1      1     15      6     12      6      1   2496   1933
      2    190      1      1     16      7     10      2      0   1783   1535
      2    190      1      2      1      7      7      7      1   3923
      2    190      1      2      2      4     11      3      0   3928
      2    190      1      2      3      1      5      6      0   5161
      2    190      1      2      4      2      4      5      0   1928
      2    190      1      2      5      8      8      8      1   2044
      2    190      1      2      6      3     16      6      0   4263
      2    190      1      2      7      1     16      3      0   3227
      2    190      1      2      8      4     14      2      0   1960
      2    190      1      2      9      5      8      5      1   3660
      2    190      1      2     10      7     13      7      1   2511
      2    190      1      2     11      2      2      1      0   2545
      2    190      1      2     12      5     11      5      1   1859
      2    190      1      2     13      6     13      7      0   3493
      2    190      1      2     14      6     10      6      1   5027
      2    190      1      2     15      3      8      7      0   1946
      2    190      1      2     16      8     16      8      1   2326
      2    190      2      1      1      4      9      5      0   2761   8443
      2    190      2      1      2      1      9      1      1   1098   1931
      2    190      2      1      3      4     12      1      0   1131   2372
      2    190      2      1      4      4      8      4      1   2213   1293
      2    190      2      1      5      7      6      7      1   1761   2916
      2    190      2      1      6      2      5      4      0   1608   2788
      2    190      2      1      7      6      5      6      1   2328   3000
      2    190      2      1      8      7      8      7      1   1853   1629
      2    190      2      1      9      1      9      4      0   3496   6391
      2    190      2      1     10      4     12      4      1    894   1428
      2    190      2      1     11      2      9      4      0    958   7396
      2    190      2      1     12      6      7      3      0   2446   2541
      2    190      2      1     13      3     12      7      0   1178   4361
      2    190      2      1     14      3     10      3      1   1034   1813
      2    190      2      1     15      7     10      7      1   1466   4112
      2    190      2      1     16      1      2      3      0   2769   1155
      2    190      2      2      1      4     13      1      0   9397
      2    190      2      2      2      4     16      2      0   2129
      2    190      2      2      3      7     15      7      1   1509
      2    190      2      2      4      6     15      6      1   2095
      2    190      2      2      5      1     11      4      0   2828
      2    190      2      2      6      2     10      2      1   2444
      2    190      2      2      7      3      6      3      1   1794
      2    190      2      2      8      5      2      5      1   1428
      2    190      2      2      9      5     10      5      1   2543
      2    190      2      2     10      8      5      8      1   2110
      2    190      2      2     11      6      8      6      1   3027
      2    190      2      2     12      1     10      1      1   2394
      2    190      2      2     13      8      4      8      1   1328
      2    190      2      2     14      2      6      2      1   2077
      2    190      2      2     15      3     14      3      1   3027
      2    190      2      2     16      7      2      7      1   1343
      2    190      3      1      1      6      6      4      0   5299   4172
      2    190      3      1      2      6      3      6      1   1603   1058
      2    190      3      1      3      7     10      7      1   1967   7949
      2    190      3      1      4      2     16      2      1    937   2319
      2    190      3      1      5      2     13      4      0   1966   4290
      2    190      3      1      6      3     12      7      0   1245   3065
      2    190      3      1      7      1      7      4      0   1137   2632
      2    190      3      1      8      1      9      1      1   2175   1364
      2    190      3      1      9      8     10      8      1    964   2569
      2    190      3      1     10      5      6      5      1   1324   3761
      2    190      3      1     11      1     14      4      0   1660   1688
      2    190      3      1     12      1      2      1      1   1460   1805
      2    190      3      1     13      7      8      7      1   3004   2550
      2    190      3      1     14      3      9      1      0   1680   1834
      2    190      3      1     15      1      1      3      0   2118   3042
      2    190      3      1     16      4     15      2      0   2419   1269
      2    190      3      2      1      7     14      4      0   6581
      2    190      3      2      2      5     12      5      1   1411
      2    190      3      2      3      8      9      8      1   1477
      2    190      3      2      4      6      9      6      1   1611
      2    190      3      2      5      1      4      1      1   1960
      2    190      3      2      6      3      7      3      1   2343
      2    190      3      2      7      6     11      6      1   3460
      2    190      3      2      8      7      5      4      0   6293
      2    190      3      2      9      4      3      3      0   2511
      2    190      3      2     10      5      4      5      1   1510
      2    190      3      2     11      3     15      1      0   3360
      2    190      3      2     12      8      3      8      1   1610
      2    190      3      2     13      1      3      3      0   4160
      2    190      3      2     14      4      1      4      1   2427
      2    190      3      2     15      2      1      2      1   3695
      2    190      3      2     16      2     14      8      0   2460
      2    190      4      1      1      3     12      1      0   1660   5458
      2    190      4      1      2      1      6      1      1    935   1191
      2    190      4      1      3      6     16      6      1   1420   1893
      2    190      4      1      4      6      5      6      1   2295   2294
      2    190      4      1      5      3      9      1      0   1653   1057
      2    190      4      1      6      6     12      6      1   1328   6689
      2    190      4      1      7      7     10      7      1   1693   2594
      2    190      4      1      8      2      5      4      0   1073   5336
      2    190      4      1      9      1      1      3      0   1596   5097
      2    190      4      1     10      2     13      2      1    992   4904
      2    190      4      1     11      4     12      1      0   1044   6493
      2    190      4      1     12      1      9      1      1   1123   1480
      2    190      4      1     13      3     12      3      1   1276   3772
      2    190      4      1     14      3     10      3      1   1358   1348
      2    190      4      1     15      1     14      1      1   1954   4157
      2    190      4      1     16      3     13      3      1   1030   1507
      2    190      4      2      1      7     14      3      0   3564
      2    190      4      2      2      8      8      8      1   1510
      2    190      4      2      3      3     16      1      0   1277
      2    190      4      2      4      6     15      6      1   1510
      2    190      4      2      5      5      8      5      1   1177
      2    190      4      2      6      7     13      7      1   1310
      2    190      4      2      7      3      7      3      1   2428
      2    190      4      2      8      2     14      2      1   1327
      2    190      4      2      9      5     11      5      1   1160
      2    190      4      2     10      1     10      1      1   7578
      2    190      4      2     11      6      9      6      1   1811
      2    190      4      2     12      4     13      2      0   2294
      2    190      4      2     13      1      3      4      0   3149
      2    190      4      2     14      4     14      2      0   1295
      2    190      4      2     15      2      2      4      0   1760
      2    190      4      2     16      8     16      8      1   1492
      2    190      5      1      1      4     12      4      1    975   3083
      2    190      5      1      2      2      3      4      0   1751   2485
      2    190      5      1      3      1      9      1      1    991   3478
      2    190      5      1      4      3     12      3      1   1173   1038
      2    190      5      1      5      6      6      6      1   1452   1435
      2    190      5      1      6      1      7      1      1   1207   1299
      2    190      5      1      7      7     12      7      1   1428   1474
      2    190      5      1      8      2      5      4      0    834   1338
      2    190      5      1      9      2     16      2      1   1296    951
      2    190      5      1     10      2      9      4      0   1017    945
      2    190      5      1     11      5     14      5      1   1740   3776
      2    190      5      1     12      3      2      3      1   3344   1261
      2    190      5      1     13      4      8      3      0   4781   4409
      2    190      5      1     14      3     10      3      1    659   2180
      2    190      5      1     15      3     11      3      1    878   1917
      2    190      5      1     16      4      9      1      0   2666   2995
      2    190      5      2      1      1      4      1      1   6864
      2    190      5      2      2      4     11      4      1   1794
      2    190      5      2      3      5      4      5      1   1344
      2    190      5      2      4      5      2      5      1   1377
      2    190      5      2      5      4     16      2      0   1759
      2    190      5      2      6      2      1      4      0   5759
      2    190      5      2      7      8      9      8      1   1579
      2    190      5      2      8      8      3      8      1   1728
      2    190      5      2      9      2     10      2      1   1344
      2    190      5      2     10      7      5      7      1   1211
      2    190      5      2     11      3      8      3      1   1810
      2    190      5      2     12      6      8      6      1   1027
      2    190      5      2     13      6     13      6      1   4145
      2    190      5      2     14      7     15      7      1   1278
      2    190      5      2     15      3     15      3      1   4810
      2    190      5      2     16      1     11      6      0   5693
      2    190      6      1      1      3      2      3      1   1738   8164
      2    190      6      1      2      4     10      4      1   1547   1997
      2    190      6      1      3      4     12      4      1   1135   3434
      2    190      6      1      4      1      7      1      1   1055   1432
      2    190      6      1      5      2     13      2      1   1487   5042
      2    190      6      1      6      4      8      4      1   2198   1606
      2    190      6      1      7      2      5      2      1    982   2207
      2    190      6      1      8      3     10      1      0    833   1701
      2    190      6      1      9      4     15      1      0    971   3188
      2    190      6      1     10      3     11      3      1   1198   1487
      2    190      6      1     11      1      6      1      1   1045   1361
      2    190      6      1     12      3      9      3      1   2023   3285
      2    190      6      1     13      3      2      3      1   1600   4963
      2    190      6      1     14      1      7      1      1    993   2183
      2    190      6      1     15      1      2      1      1   1599   1636
      2    190      6      1     16      3     10      1      0   1120   2222
      2    190      6      2      1      4      1      1      0   3597
      2    190      6      2      2      5     12      5      1   1077
      2    190      6      2      3      3     14      3      1   1160
      2    190      6      2      4      8      4      8      1   1045
      2    190      6      2      5      1     16      1      1   1993
      2    190      6      2      6      6     11      6      1   1460
      2    190      6      2      7      4      3      4      1   2611
      2    190      6      2      8      8      5      8      1   1093
      2    190      6      2      9      5     10      5      1   1011
      2    190      6      2     10      7      7      7      1   1595
      2    190      6      2     11      2      6      2      1   2910
      2    190      6      2     12      6     10      6      1   1713
      2    190      6      2     13      2      4      2      1   1377
      2    190      6      2     14      3      6      3      1   1294
      2    190      6      2     15      7      2      7      1   1163
      2    190      6      2     16      1      5      1      1   1428
      2    190      7      1      1      8      2      8      1   1264   1422
      2    190      7      1      2      1      7      1      1   1332   1079
      2    190      7      1      3      7     12      7      1   2405    875
      2    190      7      1      4      2      5      2      1   1416    620
      2    190      7      1      5      2     16      2      1   1060    888
      2    190      7      1      6      2      9      4      0   1117    815
      2    190      7      1      7      1      6      1      1   1237    973
      2    190      7      1      8      3     11      3      1    736   1433
      2    190      7      1      9      3     10      3      1    616   1095
      2    190      7      1     10      4      8      1      0    768    583
      2    190      7      1     11      4     12      4      1    951   2405
      2    190      7      1     12      3     13      3      1    680   2425
      2    190      7      1     13      4     15      4      1   1556   4449
      2    190      7      1     14      2     13      2      1   1298   1474
      2    190      7      1     15      1      9      1      1   1242    952
      2    190      7      1     16      4      5      7      0   1462    819
      2    190      7      2      1      5     11      5      1   2397
      2    190      7      2      2      4     14      4      1   6910
      2    190      7      2      3      2     14      8      0   1760
      2    190      7      2      4      7      2      7      1   1128
      2    190      7      2      5      6     11      6      1   1277
      2    190      7      2      6      6     13      6      1   1495
      2    190      7      2      7      1      3      1      1   3295
      2    190      7      2      8      3     16      3      1   1128
      2    190      7      2      9      2     10      2      1   1162
      2    190      7      2     10      4     11      4      1   1127
      2    190      7      2     11      8      8      8      1   1744
      2    190      7      2     12      3      8      3      1    961
      2    190      7      2     13      1     10      1      1   1114
      2    190      7      2     14      5      4      5      1   1027
      2    190      7      2     15      7     13      7      1   1394
      2    190      7      2     16      8      4      8      1   2545
      2    190      8      1      1      1      1      1      1   1460   5557
      2    190      8      1      2      4     15      1      0   2510   1134
      2    190      8      1      3      8     10      8      1   1694   1080
      2    190      8      1      4      4     10      4      1   1277   1607
      2    190      8      1      5      4     12      4      1    875   2511
      2    190      8      1      6      3     13      3      1   2728   1049
      2    190      8      1      7      8      2      8      1   1235    944
      2    190      8      1      8      4      8      4      1   1292   1725
      2    190      8      1      9      7     12      7      1   1026   1344
      2    190      8      1     10      1      7      1      1   2944    887
      2    190      8      1     11      2      3      4      0   1349   2209
      2    190      8      1     12      2      9      2      1   1159   5166
      2    190      8      1     13      4     12      4      1    948   1308
      2    190      8      1     14      1     14      1      1   1187   6892
      2    190      8      1     15      4     15      4      1   1704   1121
      2    190      8      1     16      4      8      4      1    737   4789
      2    190      8      2      1      1      5      1      1   1647
      2    190      8      2      2      1     11      1      1   1861
      2    190      8      2      3      2      6      2      1   3894
      2    190      8      2      4      2      1      2      1   1376
      2    190      8      2      5      6      8      6      1   1460
      2    190      8      2      6      7      5      7      1   1493
      2    190      8      2      7      8      3      8      1   1746
      2    190      8      2      8      4     13      4      1   1411
      2    190      8      2      9      5      2      5      1   1277
      2    190      8      2     10      3     14      3      1   1578
      2    190      8      2     11      3     15      3      1   1827
      2    190      8      2     12      8     16      8      1   1843
      2    190      8      2     13      5     10      5      1   1194
      2    190      8      2     14      7      7      7      1    911
      2    190      8      2     15      4      1      1      0   6944
      2    190      8      2     16      6      9      6      1   1044
      2    190      9      1      1      7      6      7      1   1147  10386
      2    190      9      1      2      4     10      4      1    700   5258
      2    190      9      1      3      2      8      2      1   1023   3103
      2    190      9      1      4      2      3      4      0   2286   1123
      2    190      9      1      5      1      9      1      1   1089   4055
      2    190      9      1      6      8      2      8      1   1260   3445
      2    190      9      1      7      2     13      2      1   1329   1803
      2    190      9      1      8      2      3      2      1   1458   1184
      2    190      9      1      9      2     16      2      1    735   1124
      2    190      9      1     10      4     10      4      1   1100   1110
      2    190      9      1     11      1      6      1      1    985   2354
      2    190      9      1     12      3      9      3      1    764   4928
      2    190      9      1     13      6      3      6      1    677   1853
      2    190      9      1     14      2      8      2      1   1303   2843
      2    190      9      1     15      2      5      2      1   1192    952
      2    190      9      1     16      4     12      4      1   1868   1157
      2    190      9      2      1      2      2      2      1   3414
      2    190      9      2      2      7     14      3      0   4744
      2    190      9      2      3      8      5      8      1   1378
      2    190      9      2      4      3      6      3      1   1128
      2    190      9      2      5      4     16      4      1   3327
      2    190      9      2      6      4      3      1      0   1760
      2    190      9      2      7      1     16      1      1   2027
      2    190      9      2      8      1      4      1      1   9627
      2    190      9      2      9      5      8      5      1   1130
      2    190      9      2     10      7     15      7      1   1478
      2    190      9      2     11      5     12      5      1   1060
      2    190      9      2     12      3      7      3      1    976
      2    190      9      2     13      2      4      2      1   2327
      2    190      9      2     14      8      9      8      1   1077
      2    190      9      2     15      6     10      6      1    977
      2    190      9      2     16      6     15      6      1   1693
