      1    143      1      1      1      1     14      5      0   7895
      1    143      1      1      2      5      6      2      0   4558
      1    143      1      1      3      8      2      3      0   7214
      1    143      1      1      4      3     10      3      1  10132
      1    143      1      1      5      7      7      3      0   4533
      1    143      1      1      6      6     13      4      0   1836
      1    143      1      1      7      3     12      4      0   7570
      1    143      1      1      8      1      1      4      0   8238
      1    143      1      1      9      2      5      2      1   3122
      1    143      1      1     10      4      5      1      0   1845
      1    143      1      1     11      8      5      8      1   6624
      1    143      1      1     12      4     15      1      0   5716
      1    143      1      1     13      6      8      5      0   2263
      1    143      1      1     14      5      8      5      1   1463
      1    143      1      1     15      2     13      2      1   2943
      1    143      1      1     16      7     13      1      0   2387
      1    143      1      2      1      5      9      5      1   1300
      1    143      1      2      2      4     14      3      0  10656
      1    143      1      2      3      1     11      1      1   1893
      1    143      1      2      4      8     13      8      1   4475
      1    143      1      2      5      7     15      7      1   3011
      1    143      1      2      6      6     12      6      1   4931
      1    143      1      2      7      2     14      6      0  14175
      1    143      1      2      8      6      3      8      0   5909
      1    143      1      2      9      1      3      2      0   1647
      1    143      1      2     10      5      2      5      1   1209
      1    143      1      2     11      2      1      2      1   1442
      1    143      1      2     12      3     13      7      0   1361
      1    143      1      2     13      8     14      8      1   2009
      1    143      1      2     14      4      9      4      1   7442
      1    143      1      2     15      3      7      3      1   7026
      1    143      1      2     16      7      2      7      1   1529
      1    143      2      1      1      1      4      1      1  12769
      1    143      2      1      2      1      2      3      0   5941
      1    143      2      1      3      8      4      8      1   1427
      1    143      2      1      4      6     11      6      1   1968
      1    143      2      1      5      5     11      5      1   1417
      1    143      2      1      6      7      4      6      0   2118
      1    143      2      1      7      2      2      2      1   1146
      1    143      2      1      8      6     15      7      0   1999
      1    143      2      1      9      3     15      3      1   2055
      1    143      2      1     10      4      1      3      0  17883
      1    143      2      1     11      7     16      6      0   4260
      1    143      2      1     12      8      6      8      1   1255
      1    143      2      1     13      2     10      2      1   1952
      1    143      2      1     14      3     16      3      1   1922
      1    143      2      1     15      5     12      5      1   1174
      1    143      2      1     16      4     10      6      0   6680
      1    143      2      2      1      8     16      8      1   1510
      1    143      2      2      2      6      5      7      0   2181
      1    143      2      2      3      1      7      3      0   5128
      1    143      2      2      4      7     14      4      0   2860
      1    143      2      2      5      7      5      3      0   8093
      1    143      2      2      6      5      4      5      1   1326
      1    143      2      2      7      3      2      6      0   1694
      1    143      2      2      8      8      3      8      1    960
      1    143      2      2      9      1      9      2      0   1293
      1    143      2      2     10      4      3      3      0   3908
      1    143      2      2     11      3      6      6      0   4560
      1    143      2      2     12      4      8      4      1   4844
      1    143      2      2     13      6     16      7      0   3412
      1    143      2      2     14      2     16      8      0   6294
      1    143      2      2     15      2      4      2      1   1092
      1    143      2      2     16      5      5      5      1   1248
      1    143      3      1      1      5      7      5      1   1007
      1    143      3      1      2      8     15      8      1   1252
      1    143      3      1      3      5     10      5      1   1119
      1    143      3      1      4      7     12      6      0   1957
      1    143      3      1      5      1      5      3      0   1878
      1    143      3      1      6      4     13      3      0   1988
      1    143      3      1      7      2      8      2      1   1076
      1    143      3      1      8      7      6      7      1   1860
      1    143      3      1      9      1     16      3      0   2494
      1    143      3      1     10      4     12      2      0   1516
      1    143      3      1     11      6      6      7      0   2783
      1    143      3      1     12      8      9      8      1   1358
      1    143      3      1     13      2      9      2      1    960
      1    143      3      1     14      6      7      7      0   1705
      1    143      3      1     15      3      9      3      1   1480
      1    143      3      1     16      3     14      3      1   6799
      1    143      3      2      1      5     14      5      1   1276
      1    143      3      2      2      7      8      1      0   4244
      1    143      3      2      3      6      9      7      0   3544
      1    143      3      2      4      2      6      2      1   1009
      1    143      3      2      5      8      8      8      1   1193
      1    143      3      2      6      3     11      1      0   3925
      1    143      3      2      7      4     16      2      0   1564
      1    143      3      2      8      5     16      5      1   1297
      1    143      3      2      9      6     10      7      0   2464
      1    143      3      2     10      1      6      4      0   1881
      1    143      3      2     11      2      3      6      0   3459
      1    143      3      2     12      8     10      8      1   1462
      1    143      3      2     13      1     10      6      0   2160
      1    143      3      2     14      4     11      2      0   1127
      1    143      3      2     15      7     10      3      0   5061
      1    143      3      2     16      3      8      1      0   2660
      1    143      4      1      1      6     13      6      1   2341
      1    143      4      1      2      7     16      7      1   1462
      1    143      4      1      3      8      5      8      1   1028
      1    143      4      1      4      8      6      8      1   1095
      1    143      4      1      5      7      4      6      0   1614
      1    143      4      1      6      1     14      6      0   2005
      1    143      4      1      7      6      6      6      1   2632
      1    143      4      1      8      5     10      5      1   1004
      1    143      4      1      9      3     10      3      1   1964
      1    143      4      1     10      2      9      2      1    842
      1    143      4      1     11      4     10      4      1   3983
      1    143      4      1     12      2      2      2      1   1248
      1    143      4      1     13      1      1      3      0   1617
      1    143      4      1     14      5      7      5      1   1124
      1    143      4      1     15      4     12      2      0    964
      1    143      4      1     16      3     16      3      1   1229
      1    143      4      2      1      6      3      5      0   2010
      1    143      4      2      2      1      6      1      1   2476
      1    143      4      2      3      5      5      5      1   2043
      1    143      4      2      4      3      6      4      0   3242
      1    143      4      2      5      3      2      3      1   1076
      1    143      4      2      6      4      8      4      1   2643
      1    143      4      2      7      8     14      8      1   1110
      1    143      4      2      8      2      4      2      1   1209
      1    143      4      2      9      2      6      2      1   1280
      1    143      4      2     10      5     16      5      1    925
      1    143      4      2     11      6     10      7      0   1294
      1    143      4      2     12      1      3      4      0   1360
      1    143      4      2     13      4     11      2      0   1162
      1    143      4      2     14      8      3      8      1    943
      1    143      4      2     15      7     15      6      0   1147
      1    143      4      2     16      7      2      6      0   1115
      1    143      5      1      1      8      2      8      1   1071
      1    143      5      1      2      1     16      3      0   1252
      1    143      5      1      3      2     10      2      1   1973
      1    143      5      1      4      3     15      3      1   1029
      1    143      5      1      5      7     13      7      1   2250
      1    143      5      1      6      1      2      6      0   4507
      1    143      5      1      7      2     13      2      1   1182
      1    143      5      1      8      8      4      8      1   1006
      1    143      5      1      9      5      8      5      1   1156
      1    143      5      1     10      6      8      6      1   3257
      1    143      5      1     11      4      1      3      0   1565
      1    143      5      1     12      5      6      5      1   1555
      1    143      5      1     13      6     11      6      1   1369
      1    143      5      1     14      4      5      1      0   2999
      1    143      5      1     15      3     12      3      1   1101
      1    143      5      1     16      7     12      7      1   2893
      1    143      5      2      1      8     13      8      1   1725
      1    143      5      2      2      4     16      4      1   4647
      1    143      5      2      3      3     11      1      0   4445
      1    143      5      2      4      8      8      8      1   1297
      1    143      5      2      5      5      4      5      1   1048
      1    143      5      2      6      2     14      8      0   3678
      1    143      5      2      7      6      9      6      1   2760
      1    143      5      2      8      6     16      6      1   1627
      1    143      5      2      9      1     10      3      0   2977
      1    143      5      2     10      5      9      5      1   1060
      1    143      5      2     11      7      5      3      0   2760
      1    143      5      2     12      7      8      6      0   2231
      1    143      5      2     13      3      8      1      0   1662
      1    143      5      2     14      2     16      2      1   1859
      1    143      5      2     15      4      3      2      0   1475
      1    143      5      2     16      1     11      6      0   2344
      1    143      6      1      1      3     14      3      1   1261
      1    143      6      1      2      1      5      1      1   1628
      1    143      6      1      3      8      9      8      1   1135
      1    143      6      1      4      2      5      2      1   1097
      1    143      6      1      5      3      9      3      1   3142
      1    143      6      1      6      5     11      5      1   1108
      1    143      6      1      7      4     13      4      1   1485
      1    143      6      1      8      8     15      8      1   1027
      1    143      6      1      9      5     12      5      1   1040
      1    143      6      1     10      4     15      3      0   1450
      1    143      6      1     11      7      7      6      0   2085
      1    143      6      1     12      7      6      7      1   1194
      1    143      6      1     13      1      4      3      0   1777
      1    143      6      1     14      6     15      6      1   1065
      1    143      6      1     15      6      7      7      0   1238
      1    143      6      1     16      2      8      2      1   1173
      1    143      6      2      1      3      7      6      0   4493
      1    143      6      2      2      8     16      8      1   1076
      1    143      6      2      3      2      1      2      1   1112
      1    143      6      2      4      8     10      8      1   1428
      1    143      6      2      5      5      2      5      1   1077
      1    143      6      2      6      4     14      4      1   4308
      1    143      6      2      7      7     10      7      1   1927
      1    143      6      2      8      1      9      2      0   1493
      1    143      6      2      9      3     13      3      1   3176
      1    143      6      2     10      6     12      6      1   3043
      1    143      6      2     11      4      9      1      0   1326
      1    143      6      2     12      1      7      3      0    978
      1    143      6      2     13      7     14      4      0   1477
      1    143      6      2     14      6      5      7      0    809
      1    143      6      2     15      5     14      5      1   1063
      1    143      6      2     16      2      3      3      0   1962
      1    143      7      1      1      4     15      1      0   1405
      1    143      7      1      2      1      5      3      0   1540
      1    143      7      1      3      3     16      1      0   1743
      1    143      7      1      4      7      6      3      0    701
      1    143      7      1      5      8      6      8      1   1155
      1    143      7      1      6      6     13      6      1   1148
      1    143      7      1      7      4      1      4      1   1980
      1    143      7      1      8      5      8      5      1    974
      1    143      7      1      9      1      2      1      1   1666
      1    143      7      1     10      7      7      7      1   1253
      1    143      7      1     11      6     11      6      1   1327
      1    143      7      1     12      3     12      3      1   1069
      1    143      7      1     13      5     12      5      1   1212
      1    143      7      1     14      2      8      2      1   1087
      1    143      7      1     15      8      9      8      1   1099
      1    143      7      1     16      2     10      2      1   1533
      1    143      7      2      1      8     10      8      1   1226
      1    143      7      2      2      7      2      7      1   3009
      1    143      7      2      3      3      7      6      0   4776
      1    143      7      2      4      7     14      4      0   1897
      1    143      7      2      5      4      9      3      0   2742
      1    143      7      2      6      4     14      1      0   1259
      1    143      7      2      7      1     10      3      0   1094
      1    143      7      2      8      6      9      6      1   2228
      1    143      7      2      9      2      3      1      0   1443
      1    143      7      2     10      8     13      8      1   1592
      1    143      7      2     11      5      5      5      1   1393
      1    143      7      2     12      5      4      5      1   1798
      1    143      7      2     13      3     13      3      1   2378
      1    143      7      2     14      6     10      7      0   1281
      1    143      7      2     15      2      4      2      1   1026
      1    143      7      2     16      1      7      1      1   1077
      1    143      8      1      1      3     14      3      1   1020
      1    143      8      1      2      8      4      8      1    890
      1    143      8      1      3      4     10      1      0   1288
      1    143      8      1      4      7     16      3      0   1300
      1    143      8      1      5      1      1      1      1   2536
      1    143      8      1      6      4     13      4      1   1241
      1    143      8      1      7      1     16      1      1   1244
      1    143      8      1      8      7     12      6      0   2937
      1    143      8      1      9      5      7      5      1   1094
      1    143      8      1     10      2      5      2      1   1045
      1    143      8      1     11      3      9      3      1   2126
      1    143      8      1     12      6      8      7      0   1941
      1    143      8      1     13      2      2      2      1    854
      1    143      8      1     14      6      6      6      1   1121
      1    143      8      1     15      8      2      8      1   1787
      1    143      8      1     16      5     10      5      1    948
      1    143      8      2      1      8      3      8      1   1176
      1    143      8      2      2      6     12      6      1   2126
      1    143      8      2      3      1      3      3      0   4160
      1    143      8      2      4      3     11      1      0   4147
      1    143      8      2      5      8      8      8      1   1031
      1    143      8      2      6      4     16      2      0   1476
      1    143      8      2      7      2      6      2      1    926
      1    143      8      2      8      7      5      3      0   1709
      1    143      8      2      9      3      2      1      0   1826
      1    143      8      2     10      5      9      5      1    944
      1    143      8      2     11      7     10      7      1   1861
      1    143      8      2     12      4      3      2      0   2011
      1    143      8      2     13      2     14      8      0   1244
      1    143      8      2     14      1     11      3      0   5047
      1    143      8      2     15      5     14      5      1   1026
      1    143      8      2     16      6      3      6      1   1327
      1    143      9      1      1      1     14      1      1   1321
      1    143      9      1      2      7     13      6      0   1483
      1    143      9      1      3      6      7      6      1   1814
      1    143      9      1      4      2      9      2      1   1132
      1    143      9      1      5      4     12      2      0   1411
      1    143      9      1      6      8     15      8      1    952
      1    143      9      1      7      8      5      8      1   1099
      1    143      9      1      8      1      4      3      0   3831
      1    143      9      1      9      2     13      4      0   1985
      1    143      9      1     10      6     15      7      0   1650
      1    143      9      1     11      7      4      6      0   1055
      1    143      9      1     12      3     15      3      1   1302
      1    143      9      1     13      3     10      3      1   1008
      1    143      9      1     14      5     11      5      1    765
      1    143      9      1     15      5      6      5      1   1075
      1    143      9      1     16      4      5      4      1   2802
      1    143      9      2      1      7      8      7      1   2676
      1    143      9      2      2      8     14      8      1    979
      1    143      9      2      3      8     16      8      1   1109
      1    143      9      2      4      6      5      6      1   1909
      1    143      9      2      5      3      8      3      1   1113
      1    143      9      2      6      2      1      2      1    796
      1    143      9      2      7      6     16      6      1   1276
      1    143      9      2      8      3      6      4      0   1297
      1    143      9      2      9      5     16      5      1   1047
      1    143      9      2     10      5      2      5      1   1380
      1    143      9      2     11      4     11      2      0   1395
      1    143      9      2     12      2     16      4      0   2709
      1    143      9      2     13      7     15      7      1   1410
      1    143      9      2     14      4      8      1      0   1427
      1    143      9      2     15      1      6      3      0   2409
      1    143      9      2     16      1      9      2      0   3326
