      2     20      1      1      1      4     12      8      0   3366   2234
      2     20      1      1      2      4      9      4      1   1901   3037
      2     20      1      1      3      4      1      4      1   1394   1538
      2     20      1      1      4      4     10      4      1   1136   2744
      2     20      1      1      5      5     14      7      0   3135   1513
      2     20      1      1      6      6      9      7      0   3214   1340
      2     20      1      1      7      4     14      1      0   1999   2008
      2     20      1      1      8      8     10      8      1   1492   1051
      2     20      1      1      9      3     15      8      0   2621   1251
      2     20      1      1     10      2     10      3      0   2235   1251
      2     20      1      1     11      2      2      1      0   1563   1012
      2     20      1      1     12      7      2      2      0   3981    865
      2     20      1      1     13      1      4      6      0   3137    974
      2     20      1      1     14      3     16      4      0   1416   1436
      2     20      1      1     15      7      7      7      1   3508   1214
      2     20      1      1     16      5      8      5      1   2355   1101
      2     20      1      2      1      5     16      5      1   3162     -1
      2     20      1      2      2      3      9      3      1   4259     -1
      2     20      1      2      3      2      8      2      1   2627     -1
      2     20      1      2      4      7     16      7      1   3060     -1
      2     20      1      2      5      8     15      8      1   1342     -1
      2     20      1      2      6      1     14      8      0   2992     -1
      2     20      1      2      7      2      5      1      0   2294     -1
      2     20      1      2      8      1      2      6      0   1560     -1
      2     20      1      2      9      5     12      5      1   1678     -1
      2     20      1      2     10      6      5      1      0   1961     -1
      2     20      1      2     11      6      7      1      0   1110     -1
      2     20      1      2     12      8      8      8      1   2226     -1
      2     20      1      2     13      4     11      4      1   1128     -1
      2     20      1      2     14      4      8      4      1   1147     -1
      2     20      1      2     15      3     10      2      0   2294     -1
      2     20      1      2     16      7      6      7      1   3643     -1
      2     20      2      1      1      5      7      5      1   3341   7065
      2     20      2      1      2      2      3      4      0   1200   1303
      2     20      2      1      3      6      3      6      1   2175    904
      2     20      2      1      4      2      1      2      1   1985   1024
      2     20      2      1      5      1      6      8      0   1852    860
      2     20      2      1      6      3      8      1      0   1523   1349
      2     20      2      1      7      3     11      3      1   1430    782
      2     20      2      1      8      3     12      3      1   1259   1067
      2     20      2      1      9      2      6      1      0   1932   1321
      2     20      2      1     10      7      4      6      0   1790    988
      2     20      2      1     11      7      8      7      1   1456    969
      2     20      2      1     12      5      2      5      1   1179    948
      2     20      2      1     13      6      8      1      0   2603    892
      2     20      2      1     14      5     11      5      1   1053   1335
      2     20      2      1     15      4     16      2      0   2710   1050
      2     20      2      1     16      8      6      8      1    888   1087
      2     20      2      2      1      2     16      4      0   2930     -1
      2     20      2      2      2      6     12      1      0   3160     -1
      2     20      2      2      3      4     13      2      0   3577     -1
      2     20      2      2      4      3     14      3      1   2262     -1
      2     20      2      2      5      7     10      7      1   2327     -1
      2     20      2      2      6      1      5      3      0   1262     -1
      2     20      2      2      7      8      4      8      1   1128     -1
      2     20      2      2      8      1      3      2      0   2278     -1
      2     20      2      2      9      4      5      1      0   3392     -1
      2     20      2      2     10      7     15      7      1   1811     -1
      2     20      2      2     11      8      5      8      1   1026     -1
      2     20      2      2     12      5      4      5      1   1211     -1
      2     20      2      2     13      5      9      5      1   1128     -1
      2     20      2      2     14      6     16      2      0   4111     -1
      2     20      2      2     15      3      7      3      1   1427     -1
      2     20      2      2     16      2      4      2      1   2510     -1
      2     20      3      1      1      1      9      4      0   2560   3472
      2     20      3      1      2      6     13      6      1   2557   1561
      2     20      3      1      3      6     10      1      0   2520   1071
      2     20      3      1      4      1      7      3      0   1215    995
      2     20      3      1      5      8      3      8      1   1170    777
      2     20      3      1      6      5      6      5      1    963    802
      2     20      3      1      7      7     13      7      1   1552   1006
      2     20      3      1      8      6      6      1      0   1913   1244
      2     20      3      1      9      8      9      8      1   1506   1970
      2     20      3      1     10      1      1      3      0   1901    994
      2     20      3      1     11      1     10      4      0   2736   1219
      2     20      3      1     12      3      2      3      1   1363   1097
      2     20      3      1     13      7     12      7      1   1555    986
      2     20      3      1     14      8     13      8      1   1359   1050
      2     20      3      1     15      8     16      8      1   2017   1502
      2     20      3      1     16      2      9      2      1   3560   1182
      2     20      3      2      1      1     11      1      1   5197     -1
      2     20      3      2      2      2     13      4      0   3210     -1
      2     20      3      2      3      3     13      3      1   3010     -1
      2     20      3      2      4      4      3      1      0   6060     -1
      2     20      3      2      5      7      5      7      1   1376     -1
      2     20      3      2      6      3      6      6      0   3861     -1
      2     20      3      2      7      5      5      5      1   1627     -1
      2     20      3      2      8      8      2      8      1   1160     -1
      2     20      3      2      9      1     16      3      0   1578     -1
      2     20      3      2     10      2     14      4      0   3544     -1
      2     20      3      2     11      8     14      8      1   1177     -1
      2     20      3      2     12      4     15      6      0   3227     -1
      2     20      3      2     13      6     11      3      0   4194     -1
      2     20      3      2     14      6     15      6      1   3027     -1
      2     20      3      2     15      7     14      3      0   2045     -1
      2     20      3      2     16      5     10      5      1   1211     -1
      2     20      4      1      1      6     13      6      1   2583   4762
      2     20      4      1      2      7      8      7      1   1147   4156
      2     20      4      1      3      1      7      3      0    803   1842
      2     20      4      1      4      1      6      1      1    721   1300
      2     20      4      1      5      3      8      3      1    821   1152
      2     20      4      1      6      3     11      1      0   3343   1244
      2     20      4      1      7      1      6      1      1   2988    889
      2     20      4      1      8      3     16      3      1   2142   2085
      2     20      4      1      9      6      6      6      1   1505   6071
      2     20      4      1     10      1      9      1      1   3917   1351
      2     20      4      1     11      3     15      1      0   4042   2050
      2     20      4      1     12      6      9      6      1   1020   4827
      2     20      4      1     13      1      1      3      0   1740   3640
      2     20      4      1     14      2      9      2      1   1802   3481
      2     20      4      1     15      1      4      1      1   2608   5380
      2     20      4      1     16      3     12      3      1   1178   2277
      2     20      4      2      1      1     11      6      0   4097     -1
      2     20      4      2      2      2     14      4      0   3544     -1
      2     20      4      2      3      8      5      8      1   1263     -1
      2     20      4      2      4      2      4      2      1   1310     -1
      2     20      4      2      5      4     13      1      0   3877     -1
      2     20      4      2      6      7      5      7      1   1828     -1
      2     20      4      2      7      3      9      3      1   2210     -1
      2     20      4      2      8      5      9      5      1   1277     -1
      2     20      4      2      9      1      5      1      1  14445     -1
      2     20      4      2     10      4     11      2      0   2527     -1
      2     20      4      2     11      7     14      1      0   6061     -1
      2     20      4      2     12      3     14      3      1   2127     -1
      2     20      4      2     13      6     16      6      1   1597     -1
      2     20      4      2     14      6     15      6      1   1227     -1
      2     20      4      2     15      5     10      5      1   1044     -1
      2     20      4      2     16      8     14      8      1   1098     -1
      2     20      5      1      1      4     12      2      0   3577   5519
      2     20      5      1      2      4      9      4      1   1528    866
      2     20      5      1      3      2     10      2      1   1211   1670
      2     20      5      1      4      3     12      3      1    879   7160
      2     20      5      1      5      1     10      1      1   1955   2399
      2     20      5      1      6      3     15      3      1   3902   1188
      2     20      5      1      7      1     10      1      1   3042   1805
      2     20      5      1      8      2      9      2      1   1076   2654
      2     20      5      1      9      1      6      1      1   2100   5389
      2     20      5      1     10      3     11      3      1   1151   2762
      2     20      5      1     11      3     15      3      1   1933   1273
      2     20      5      1     12      2      6      2      1   1232   1390
      2     20      5      1     13      4     14      1      0   1205   1840
      2     20      5      1     14      4     10      4      1   1656   1006
      2     20      5      1     15      1      4      1      1   3222    988
      2     20      5      1     16      3     15      3      1   1202   2712
      2     20      5      2      1      1     14      1      1   4080     -1
      2     20      5      2      2      6      5      6      1   1260     -1
      2     20      5      2      3      5      4      5      1   1211     -1
      2     20      5      2      4      1      3      1      1   2895     -1
      2     20      5      2      5      8      8      8      1   2795     -1
      2     20      5      2      6      3      7      3      1   5830     -1
      2     20      5      2      7      4      5      4      1   3711     -1
      2     20      5      2      8      7     15      7      1   1344     -1
      2     20      5      2      9      3      6      3      1   1361     -1
      2     20      5      2     10      6     11      6      1   1315     -1
      2     20      5      2     11      2      5      2      1   2028     -1
      2     20      5      2     12      7     16      7      1   2594     -1
      2     20      5      2     13      5     16      5      1   1978     -1
      2     20      5      2     14      4      8      4      1   3495     -1
      2     20      5      2     15      8     15      8      1   1245     -1
      2     20      5      2     16      2     13      4      0   1994     -1
      2     20      6      1      1      7      8      7      1   1067   6056
      2     20      6      1      2      4     16      4      1   1200   5401
      2     20      6      1      3      2      3      4      0   2491   1098
      2     20      6      1      4      2      6      2      1    780   2471
      2     20      6      1      5      7      4      6      0   1505   1529
      2     20      6      1      6      7      8      7      1    785    860
      2     20      6      1      7      6      3      6      1    769   1271
      2     20      6      1      8      1      7      3      0    997   1520
      2     20      6      1      9      3      8      3      1    823   1231
      2     20      6      1     10      3     16      1      0    866   1434
      2     20      6      1     11      1      6      1      1    949    977
      2     20      6      1     12      3     12      3      1   1580    897
      2     20      6      1     13      3     15      3      1    899   1779
      2     20      6      1     14      2     10      2      1   2148   1699
      2     20      6      1     15      6      6      6      1   1345   1654
      2     20      6      1     16      1     10      4      0   1533   1010
      2     20      6      2      1      6     12      6      1   2063     -1
      2     20      6      2      2      1      2      1      1   3245     -1
      2     20      6      2      3      3     10      3      1   1494     -1
      2     20      6      2      4      3     13      3      1   1677     -1
      2     20      6      2      5      8      2      8      1   1460     -1
      2     20      6      2      6      5     12      5      1   1144     -1
      2     20      6      2      7      1     16      1      1   1895     -1
      2     20      6      2      8      2     16      4      0   2110     -1
      2     20      6      2      9      5      5      5      1   1160     -1
      2     20      6      2     10      8      4      8      1    962     -1
      2     20      6      2     11      7     10      7      1   1361     -1
      2     20      6      2     12      4      3      2      0   1760     -1
      2     20      6      2     13      2      8      2      1   2259     -1
      2     20      6      2     14      7      6      7      1   1327     -1
      2     20      6      2     15      4     15      3      0   1143     -1
      2     20      6      2     16      6      7      6      1   1094     -1
      2     20      7      1      1      4     12      4      1   1577   3794
      2     20      7      1      2      4      9      4      1   1555   1743
      2     20      7      1      3      4      1      4      1   1624   1117
      2     20      7      1      4      4     10      4      1   1403   1547
      2     20      7      1      5      5     14      5      1   1458   1394
      2     20      7      1      6      6      9      6      1   1391   1068
      2     20      7      1      7      4     14      4      1   2717   1206
      2     20      7      1      8      8     10      8      1   2505   1005
      2     20      7      1      9      3     15      3      1   1022   1381
      2     20      7      1     10      2     10      2      1   1054   1121
      2     20      7      1     11      2      2      2      1    964    880
      2     20      7      1     12      7      2      7      1    812    849
      2     20      7      1     13      1      4      1      1    882   1010
      2     20      7      1     14      3     16      3      1   1705    972
      2     20      7      1     15      7      7      7      1   1362    965
      2     20      7      1     16      5      8      5      1   1427    885
      2     20      7      2      1      2     14      8      0   2197     -1
      2     20      7      2      2      5     12      5      1   1111     -1
      2     20      7      2      3      7      5      7      1   1527     -1
      2     20      7      2      4      6     16      6      1   1228     -1
      2     20      7      2      5      3      9      3      1   1078     -1
      2     20      7      2      6      2     13      4      0   3111     -1
      2     20      7      2      7      3     13      3      1   1161     -1
      2     20      7      2      8      8      4      8      1   1111     -1
      2     20      7      2      9      1      2      1      1   1477     -1
      2     20      7      2     10      8     14      8      1    977     -1
      2     20      7      2     11      6     12      6      1    995     -1
      2     20      7      2     12      1      5      1      1   1211     -1
      2     20      7      2     13      7     10      7      1    994     -1
      2     20      7      2     14      4     13      1      0   4644     -1
      2     20      7      2     15      4      3      2      0   1193     -1
      2     20      7      2     16      5      4      5      1   1093     -1
      2     20      8      1      1      5      7      5      1   1236   1762
      2     20      8      1      2      2      3      4      0   2853    925
      2     20      8      1      3      6      3      6      1    910    722
      2     20      8      1      4      2      1      2      1    845    604
      2     20      8      1      5      1      6      1      1    836    680
      2     20      8      1      6      3      8      3      1    787    776
      2     20      8      1      7      3     11      3      1    916   1125
      2     20      8      1      8      3     12      3      1    856    888
      2     20      8      1      9      2      6      2      1   1111   1094
      2     20      8      1     10      7      4      7      1    926   1083
      2     20      8      1     11      7      8      7      1    774    855
      2     20      8      1     12      5      2      5      1    860    786
      2     20      8      1     13      6      8      6      1    874    788
      2     20      8      1     14      5     11      5      1    842    934
      2     20      8      1     15      4     16      4      1   2289   1020
      2     20      8      1     16      8      6      8      1    956   1053
      2     20      8      2      1      7      6      7      1   3230     -1
      2     20      8      2      2      6      7      6      1   1494     -1
      2     20      8      2      3      5      5      5      1   1044     -1
      2     20      8      2      4      8      2      8      1   1062     -1
      2     20      8      2      5      2      5      2      1   1011     -1
      2     20      8      2      6      6      5      6      1   1377     -1
      2     20      8      2      7      3     10      3      1   2192     -1
      2     20      8      2      8      4      5      4      1   3230     -1
      2     20      8      2      9      1     11      1      1   1460     -1
      2     20      8      2     10      5     10      5      1   1361     -1
      2     20      8      2     11      4      8      4      1   2878     -1
      2     20      8      2     12      3     14      3      1   1161     -1
      2     20      8      2     13      2      4      2      1   1376     -1
      2     20      8      2     14      1     16      1      1   1394     -1
      2     20      8      2     15      7     16      1      0   1793     -1
      2     20      8      2     16      8      8      8      1   1010     -1
      2     20      9      1      1      1      9      1      1   1508   2084
      2     20      9      1      2      6     13      6      1    857    887
      2     20      9      1      3      6     10      6      1   2293    837
      2     20      9      1      4      1      7      3      0    970    860
      2     20      9      1      5      8      3      8      1    963    751
      2     20      9      1      6      5      6      5      1    977    983
      2     20      9      1      7      7     13      7      1   2577    884
      2     20      9      1      8      6      6      6      1    901    975
      2     20      9      1      9      8      9      8      1   1112   1097
      2     20      9      1     10      1      1      1      1   1256   1037
      2     20      9      1     11      1     10      4      0   2037    973
      2     20      9      1     12      3      2      3      1    990    953
      2     20      9      1     13      7     12      7      1   1116    896
      2     20      9      1     14      8     13      8      1   1230    996
      2     20      9      1     15      8     16      8      1   1094   1015
      2     20      9      1     16      2      9      2      1    984    975
      2     20      9      2      1      4     15      3      0   2428     -1
      2     20      9      2      2      6     11      6      1   1243     -1
      2     20      9      2      3      7     14      7      1   7394     -1
      2     20      9      2      4      8      5      8      1   1044     -1
      2     20      9      2      5      5     16      5      1   1059     -1
      2     20      9      2      6      1     14      1      1   2126     -1
      2     20      9      2      7      2     16      4      0   3511     -1
      2     20      9      2      8      8     15      8      1    977     -1
      2     20      9      2      9      2      8      2      1   1160     -1
      2     20      9      2     10      7     15      7      1   1261     -1
      2     20      9      2     11      3      6      1      0   3044     -1
      2     20      9      2     12      5      9      5      1    961     -1
      2     20      9      2     13      4     11      2      0    945     -1
      2     20      9      2     14      6     15      6      1   1143     -1
      2     20      9      2     15      3      7      3      1   3077     -1
      2     20      9      2     16      1      3      2      0   1160     -1
