      2    165      1      1      1      4      9      3      0   5916   2565
      2    165      1      1      2      4      9      4      1   1370   3532
      2    165      1      1      3      6     10      2      0   1310   1769
      2    165      1      1      4      6     10      6      1   1283   1225
      2    165      1      1      5      6     12      2      0   1863   2272
      2    165      1      1      6      6     12      6      1   1691   2102
      2    165      1      1      7      5     12      8      0   4404   1186
      2    165      1      1      8      5     12      5      1    995    934
      2    165      1      1      9      5      5      8      0   3226   2428
      2    165      1      1     10      5      5      5      1   1533    751
      2    165      1      1     11      1      9      2      0   1004   1415
      2    165      1      1     12      1      9      1      1   1769    730
      2    165      1      1     13      8      9      4      0   2366    947
      2    165      1      1     14      8      9      8      1   1921    828
      2    165      1      1     15      5      4      3      0   1110    986
      2    165      1      1     16      5      4      5      1   2188    794
      2    165      1      2      1      7     14      5      0   2635
      2    165      1      2      2      3     15      6      0   3942
      2    165      1      2      3      8     16      7      0   2010
      2    165      1      2      4      7     13      2      0   1276
      2    165      1      2      5      4     13      3      0    724
      2    165      1      2      6      3     11      2      0   1076
      2    165      1      2      7      6      9      6      1   2744
      2    165      1      2      8      2      9      4      0   1095
      2    165      1      2      9      6     16      7      0   1194
      2    165      1      2     10      4     10      6      0   1327
      2    165      1      2     11      1      2      3      0   1361
      2    165      1      2     12      1      4      6      0   1160
      2    165      1      2     13      2     14      2      1    761
      2    165      1      2     14      5     10      5      1   3460
      2    165      1      2     15      8      6      2      0   1560
      2    165      1      2     16      5      2      3      0    945
      2    165      2      1      1      8      9      3      0   1247   1963
      2    165      2      1      2      8      9      8      1   1221    942
      2    165      2      1      3      8     14      1      0    843   1132
      2    165      2      1      4      8     15      3      0   1164    834
      2    165      2      1      5      7      5      4      0   1014   1030
      2    165      2      1      6      1     14      2      0   1089   1841
      2    165      2      1      7      5      9      4      0   1738   1038
      2    165      2      1      8      4      1      3      0   1544   1133
      2    165      2      1      9      8     15      6      0   1852   1189
      2    165      2      1     10      3     12      3      1   1831   4457
      2    165      2      1     11      1     14      6      0    861    967
      2    165      2      1     12      7      4      6      0    973    906
      2    165      2      1     13      4      3      4      1    927    756
      2    165      2      1     14      4     15      4      1    778   1181
      2    165      2      1     15      5     16      7      0   1689    891
      2    165      2      1     16      5     12      5      1   2845    721
      2    165      2      2      1      7     15      4      0   2797
      2    165      2      2      2      2      2      4      0   1178
      2    165      2      2      3      5     11      5      1   1276
      2    165      2      2      4      8      8      4      0   1476
      2    165      2      2      5      2      4      2      1   1294
      2    165      2      2      6      8      2      7      0   1912
      2    165      2      2      7      1      5      1      1   3261
      2    165      2      2      8      7      6      4      0   1310
      2    165      2      2      9      1      6      4      0   1010
      2    165      2      2     10      3      9      7      0   2645
      2    165      2      2     11      4      5      3      0   1378
      2    165      2      2     12      6      3      5      0   1793
      2    165      2      2     13      4      8      2      0   1495
      2    165      2      2     14      5      6      5      1   1594
      2    165      2      2     15      3      6      8      0   1393
      2    165      2      2     16      6     11      5      0   1477
      2    165      3      1      1      4      3      4      1    809   1444
      2    165      3      1      2      4     14      3      0   1210    870
      2    165      3      1      3      4      1      4      1    989   1040
      2    165      3      1      4      5      7      5      1   1405   1467
      2    165      3      1      5      2      1      2      1   1231    965
      2    165      3      1      6      2      6      2      1   1152   1697
      2    165      3      1      7      8     15      3      0    979   3164
      2    165      3      1      8      8     14      8      1   1289    777
      2    165      3      1      9      8      4      8      1   1308   1643
      2    165      3      1     10      4     15      3      0   2305   1728
      2    165      3      1     11      2      8      2      1   1051   1403
      2    165      3      1     12      2     10      8      0   1472   1252
      2    165      3      1     13      8     14      8      1    847   1604
      2    165      3      1     14      5      5      5      1    959   3102
      2    165      3      1     15      7     16      6      0   1248   1062
      2    165      3      1     16      8     15      2      0    699   4966
      2    165      3      2      1      5      8      5      1   1229
      2    165      3      2      2      3     14      7      0   3043
      2    165      3      2      3      6      6      3      0   4096
      2    165      3      2      4      7     12      4      0   3028
      2    165      3      2      5      4     12      4      1   1160
      2    165      3      2      6      6     13      1      0   4259
      2    165      3      2      7      5     14      5      1   1026
      2    165      3      2      8      8     10      8      1   1044
      2    165      3      2      9      8     13      8      1   1161
      2    165      3      2     10      1      1      2      0   1127
      2    165      3      2     11      4     11      2      0   2411
      2    165      3      2     12      2      3      4      0   1060
      2    165      3      2     13      7     10      3      0   4810
      2    165      3      2     14      2      5      2      1   2576
      2    165      3      2     15      3      8      4      0   2960
      2    165      3      2     16      1      7      2      0   2245
      2    165      4      1      1      4     16      2      0   1332  11653
      2    165      4      1      2      5      7      5      1   1959    643
      2    165      4      1      3      8     15      8      1   1049    800
      2    165      4      1      4      5     12      5      1    734    684
      2    165      4      1      5      2     16      2      1   1552    894
      2    165      4      1      6      3     12      2      0   1677   1314
      2    165      4      1      7      2      1      2      1    725    757
      2    165      4      1      8      8      3      8      1   2950   1175
      2    165      4      1      9      4      9      6      0   2948   2095
      2    165      4      1     10      5     12      5      1    831    752
      2    165      4      1     11      8     15      8      1    760   1134
      2    165      4      1     12      7      2      7      1   1279   1278
      2    165      4      1     13      8     15      8      1   1803   1172
      2    165      4      1     14      3      2      2      0   1052    976
      2    165      4      1     15      6      8      5      0    703    532
      2    165      4      1     16      6      8      6      1    710    886
      2    165      4      2      1      2     14      8      0   2530
      2    165      4      2      2      7      6      6      0   3660
      2    165      4      2      3      5     11      5      1   1743
      2    165      4      2      4      8     16      8      1   2760
      2    165      4      2      5      6     11      5      0   3694
      2    165      4      2      6      4     10      2      0   1027
      2    165      4      2      7      2      9      2      1    810
      2    165      4      2      8      1      1      2      0   1677
      2    165      4      2      9      3      9      3      1   2193
      2    165      4      2     10      4     12      2      0   1977
      2    165      4      2     11      6      3      4      0   1210
      2    165      4      2     12      8      2      8      1   1577
      2    165      4      2     13      7     13      4      0    911
      2    165      4      2     14      3     11      4      0    930
      2    165      4      2     15      1      5      2      0   1194
      2    165      4      2     16      5      2      5      1   1360
      2    165      5      1      1      4      3      3      0    516   1093
      2    165      5      1      2      1      3      4      0   1493    625
      2    165      5      1      3      7      7      4      0   1301    879
      2    165      5      1      4      8      3      8      1   1554   1596
      2    165      5      1      5      8      9      8      1   1217   1026
      2    165      5      1      6      8     15      8      1   1858   4478
      2    165      5      1      7      5      4      5      1   1396   1834
      2    165      5      1      8      5     12      5      1    879   1622
      2    165      5      1      9      6     10      2      0    616   1029
      2    165      5      1     10      8      9      8      1    807   1136
      2    165      5      1     11      5      9      5      1   1160   1214
      2    165      5      1     12      3      7      8      0   2854   1204
      2    165      5      1     13      4      3      2      0    839   1630
      2    165      5      1     14      2      1      2      1    801   1583
      2    165      5      1     15      4      3      6      0   1912    964
      2    165      5      1     16      4      3      4      1   1164    653
      2    165      5      2      1      6     13      1      0   4327
      2    165      5      2      2      6      6      1      0   1578
      2    165      5      2      3      5      8      5      1   1010
      2    165      5      2      4      2      3      4      0   1344
      2    165      5      2      5      2      5      2      1   2109
      2    165      5      2      6      4     11      4      1   1394
      2    165      5      2      7      1      7      3      0   1495
      2    165      5      2      8      4      5      4      1   2929
      2    165      5      2      9      8     13      8      1   1226
      2    165      5      2     10      3      8      2      0   1743
      2    165      5      2     11      7     10      7      1   3146
      2    165      5      2     12      7     15      6      0   1578
      2    165      5      2     13      3     14      3      1   1277
      2    165      5      2     14      8      8      8      1   1379
      2    165      5      2     15      1      6      2      0   1727
      2    165      5      2     16      5      6      5      1   1227
      2    165      6      1      1      7      5      3      0    898   2780
      2    165      6      1      2      3     10      6      0   1282    884
      2    165      6      1      3      4      3      2      0   1728    673
      2    165      6      1      4      8      9      8      1   1235    813
      2    165      6      1      5      4      9      4      1   1727    952
      2    165      6      1      6      8      3      8      1   1628   1722
      2    165      6      1      7      7      7      1      0   2417   1240
      2    165      6      1      8      7      7      7      1    963    787
      2    165      6      1      9      2      1      2      1   1133   1176
      2    165      6      1     10      3     10      3      1   1265    832
      2    165      6      1     11      2      8      2      1   1016    584
      2    165      6      1     12      3     13      3      1   1609    789
      2    165      6      1     13      3     12      3      1   1242    938
      2    165      6      1     14      1     10      2      0   1343   1559
      2    165      6      1     15      2      6      2      1   1636    895
      2    165      6      1     16      7      4      6      0   1804   2070
      2    165      6      2      1      8      6      8      1   1880
      2    165      6      2      2      5     10      5      1    994
      2    165      6      2      3      3      6      4      0   4527
      2    165      6      2      4      4     13      4      1   1277
      2    165      6      2      5      6      9      5      0   1411
      2    165      6      2      6      3     15      4      0   1476
      2    165      6      2      7      4      8      4      1   1478
      2    165      6      2      8      6     16      5      0   1945
      2    165      6      2      9      7     14      7      1   1943
      2    165      6      2     10      1      4      2      0   1077
      2    165      6      2     11      2      4      2      1    792
      2    165      6      2     12      2      2      2      1    761
      2    165      6      2     13      8     10      8      1   1092
      2    165      6      2     14      1      2      2      0   1226
      2    165      6      2     15      5     14      5      1   1143
      2    165      6      2     16      7     12      7      1   1844
      2    165      7      1      1      7      4      7      1   2049   2617
      2    165      7      1      2      1      3      2      0    716    897
      2    165      7      1      3      1      3      1      1   1948    669
      2    165      7      1      4      1     14      8      0   2288   1481
      2    165      7      1      5      8      5      8      1   1433   1127
      2    165      7      1      6      5      7      5      1   1190    645
      2    165      7      1      7      6      7      5      0   1065   1078
      2    165      7      1      8      6      7      6      1    882   1078
      2    165      7      1      9      5      9      5      1   1006    923
      2    165      7      1     10      3      7      7      0   1045   1049
      2    165      7      1     11      3      7      3      1   1640   1234
      2    165      7      1     12      4     14      2      0    700   1012
      2    165      7      1     13      4     14      4      1   1050    668
      2    165      7      1     14      6     10      5      0    961   1116
      2    165      7      1     15      6     10      6      1    714    622
      2    165      7      1     16      4      3      2      0    891    675
      2    165      7      2      1      4     12      4      1   1730
      2    165      7      2      2      8      8      8      1   1510
      2    165      7      2      3      1      6      4      0   3227
      2    165      7      2      4      7     14      7      1   2678
      2    165      7      2      5      4     13      1      0   2244
      2    165      7      2      6      7     13      7      1   1961
      2    165      7      2      7      2      5      2      1   2926
      2    165      7      2      8      2      9      2      1   1028
      2    165      7      2      9      3     15      6      0   2094
      2    165      7      2     10      6     13      3      0   1344
      2    165      7      2     11      3      6      3      1   2078
      2    165      7      2     12      8      2      8      1   1160
      2    165      7      2     13      1      4      2      0   1510
      2    165      7      2     14      5     11      5      1   1178
      2    165      7      2     15      6      6      6      1   2144
      2    165      7      2     16      5     14      5      1   1529
      2    165      8      1      1      7      5      1      0   1289   1381
      2    165      8      1      2      8      9      8      1    752    879
      2    165      8      1      3      3     16      1      0   1045    624
      2    165      8      1      4      6      5      5      0   1427   1314
      2    165      8      1      5      6      5      6      1   1141   1201
      2    165      8      1      6      5      5      5      1    875   1215
      2    165      8      1      7      5     12      5      1    877   1608
      2    165      8      1      8      6      8      5      0    800    538
      2    165      8      1      9      6      8      6      1    667    896
      2    165      8      1     10      1     16      3      0   1120    566
      2    165      8      1     11      6     12      1      0   1188    696
      2    165      8      1     12      2     10      2      1    954    730
      2    165      8      1     13      1      9      2      0   1757    841
      2    165      8      1     14      4     16      2      0    957   1070
      2    165      8      1     15      3      2      7      0   1347    770
      2    165      8      1     16      8     14      8      1   1612    771
      2    165      8      2      1      8      6      8      1   1013
      2    165      8      2      2      4     11      4      1   4976
      2    165      8      2      3      3      8      3      1   2727
      2    165      8      2      4      1      1      4      0   4295
      2    165      8      2      5      6     11      5      0    926
      2    165      8      2      6      6      9      6      1   3511
      2    165      8      2      7      8     13      8      1   1277
      2    165      8      2      8      1      2      7      0   3276
      2    165      8      2      9      7     15      6      0   1409
      2    165      8      2     10      5     10      5      1   1060
      2    165      8      2     11      5      6      5      1    960
      2    165      8      2     12      3     11      7      0   2193
      2    165      8      2     13      2      2      2      1    911
      2    165      8      2     14      4      5      6      0   1410
      2    165      8      2     15      2     14      8      0   1877
      2    165      8      2     16      7      6      6      0   1544
      2    165      9      1      1      7     16      6      0   1220   2089
      2    165      9      1      2      4     15      4      1   1012    754
      2    165      9      1      3      2     13      2      1   1232   1030
      2    165      9      1      4      6     15      2      0  12293    984
      2    165      9      1      5      8      4      8      1   1016   1306
      2    165      9      1      6      2     16      4      0   1090   1872
      2    165      9      1      7      4      9      4      1   2518    877
      2    165      9      1      8      8      3      8      1   1147   1455
      2    165      9      1      9      7      7      1      0   1683   1765
      2    165      9      1     10      2      1      2      1   1083   1472
      2    165      9      1     11      3     10      6      0   1018   1173
      2    165      9      1     12      2      8      2      1    888    794
      2    165      9      1     13      2      8      2      1    912   1443
      2    165      9      1     14      3     13      7      0   1033    897
      2    165      9      1     15      6      7      1      0    970   1977
      2    165      9      1     16      6      5      6      1    861   1901
      2    165      9      2      1      6     16      6      1   3630
      2    165      9      2      2      4      8      4      1   1860
      2    165      9      2      3      3      9      3      1   2162
      2    165      9      2      4      8     10      8      1   1293
      2    165      9      2      5      1      7      7      0   2210
      2    165      9      2      6      3     14      3      1   1593
      2    165      9      2      7      2      4      2      1    828
      2    165      9      2      8      7     12      6      0   1377
      2    165      9      2      9      2      3      2      1   1243
      2    165      9      2     10      6      3      6      1   4528
      2    165      9      2     11      5      2      5      1    926
      2    165      9      2     12      5      8      5      1    760
      2    165      9      2     13      7     10      3      0   2794
      2    165      9      2     14      4     10      4      1   2477
      2    165      9      2     15      8     16      8      1   1060
      2    165      9      2     16      1      5      1      1   2611
