      1     58      1      1      1      2      5      3      0  10807
      1     58      1      1      2      3     10      4      0   7271
      1     58      1      1      3      4     12      1      0   5588
      1     58      1      1      4      8      9      6      0   3699
      1     58      1      1      5      8     15      7      0   2268
      1     58      1      1      6      6     12      1      0  10410
      1     58      1      1      7      2      8      2      1   3417
      1     58      1      1      8      7      7      1      0   5101
      1     58      1      1      9      5     16      5      1   1584
      1     58      1      1     10      7     16      1      0   6056
      1     58      1      1     11      1      4      3      0   3469
      1     58      1      1     12      5      4      5      1   1164
      1     58      1      1     13      4     11      4      1   8552
      1     58      1      1     14      1     14      8      0   7557
      1     58      1      1     15      6     11      5      0   7289
      1     58      1      1     16      3      2      7      0   6873
      1     58      1      2      1      5     10      5      1   1439
      1     58      1      2      2      7      4      7      1   5374
      1     58      1      2      3      4     15      3      0   5326
      1     58      1      2      4      4     13      3      0   3344
      1     58      1      2      5      6      7      1      0   2592
      1     58      1      2      6      1     16      6      0  12908
      1     58      1      2      7      2     14      8      0   2610
      1     58      1      2      8      7      5      3      0   3627
      1     58      1      2      9      8     13      8      1   5610
      1     58      1      2     10      3      6      4      0   4277
      1     58      1      2     11      3     14      1      0   8944
      1     58      1      2     12      8      4      8      1   3277
      1     58      1      2     13      6     13      1      0   2529
      1     58      1      2     14      5      9      5      1   1144
      1     58      1      2     15      1      5      4      0   5811
      1     58      1      2     16      2      2      2      1   2978
      1     58      2      1      1      5     12      5      1   1177
      1     58      2      1      2      1      1      4      0   2673
      1     58      2      1      3      8      5      8      1   2371
      1     58      2      1      4      1     11      6      0   7168
      1     58      2      1      5      2      1      2      1   1020
      1     58      2      1      6      2     16      7      0   3031
      1     58      2      1      7      6      6      6      1   4639
      1     58      2      1      8      6      3      7      0   6011
      1     58      2      1      9      8      2      8      1   3261
      1     58      2      1     10      7     14      4      0   9114
      1     58      2      1     11      3     12      1      0   5247
      1     58      2      1     12      3      7      7      0   6124
      1     58      2      1     13      7      8      6      0   4344
      1     58      2      1     14      5      6      5      1   1436
      1     58      2      1     15      4     14      2      0   1794
      1     58      2      1     16      4     16      4      1   1639
      1     58      2      2      1      5      8      5      1   1028
      1     58      2      2      2      8     10      8      1   1811
      1     58      2      2      3      7     15      7      1   4477
      1     58      2      2      4      5      7      5      1   1628
      1     58      2      2      5      4      1      4      1   8662
      1     58      2      2      6      4     10      2      0   3044
      1     58      2      2      7      1      3      3      0   4459
      1     58      2      2      8      3     13      6      0   2927
      1     58      2      2      9      2     10      2      1   1244
      1     58      2      2     10      1     10      1      1   3778
      1     58      2      2     11      8      6      8      1   1195
      1     58      2      2     12      2      4      2      1   1161
      1     58      2      2     13      7      2      6      0   4327
      1     58      2      2     14      6     16      3      0   6994
      1     58      2      2     15      6     10      6      1   1711
      1     58      2      2     16      3      8      7      0   4777
      1     58      3      1      1      6      5      7      0   4681
      1     58      3      1      2      8      3      8      1   2294
      1     58      3      1      3      6      9      6      1   2820
      1     58      3      1      4      7     10      3      0   4804
      1     58      3      1      5      2      6      2      1   1920
      1     58      3      1      6      5     11      5      1   1205
      1     58      3      1      7      1      2      1      1   1967
      1     58      3      1      8      2      3      4      0   2665
      1     58      3      1      9      4      5      3      0   4779
      1     58      3      1     10      4      3      7      0   7620
      1     58      3      1     11      3     11      1      0   4604
      1     58      3      1     12      3     16      3      1   1789
      1     58      3      1     13      5      2      5      1   1155
      1     58      3      1     14      7     13      6      0   2680
      1     58      3      1     15      1      7      3      0   2991
      1     58      3      1     16      8     14      8      1   1221
      1     58      3      2      1      5     14      5      1   1030
      1     58      3      2      2      4      8      4      1   4694
      1     58      3      2      3      3      9      1      0   2410
      1     58      3      2      4      4      9      1      0   8077
      1     58      3      2      5      6      8      3      0   4343
      1     58      3      2      6      3     15      4      0   3010
      1     58      3      2      7      1      6      4      0   7577
      1     58      3      2      8      8      8      8      1   1377
      1     58      3      2      9      8     16      8      1   1210
      1     58      3      2     10      7     12      7      1   6927
      1     58      3      2     11      2      9      2      1   1044
      1     58      3      2     12      5      5      5      1   1128
      1     58      3      2     13      2     13      4      0   5345
      1     58      3      2     14      7      6      3      0   2627
      1     58      3      2     15      1      9      4      0   2293
      1     58      3      2     16      6     15      1      0   4927
      1     58      4      1      1      1     14      3      0   4481
      1     58      4      1      2      7     13      7      1   3409
      1     58      4      1      3      4     16      2      0   6415
      1     58      4      1      4      8      2      8      1   1189
      1     58      4      1      5      8     15      8      1   1487
      1     58      4      1      6      5     16      5      1   1079
      1     58      4      1      7      3      7      3      1   3603
      1     58      4      1      8      2      5      2      1   1136
      1     58      4      1      9      1      1      1      1   7919
      1     58      4      1     10      6      6      6      1   1197
      1     58      4      1     11      5      4      5      1   1004
      1     58      4      1     12      2      6      2      1   1245
      1     58      4      1     13      6     11      6      1   7030
      1     58      4      1     14      4     12      4      1   1958
      1     58      4      1     15      7     16      1      0   3800
      1     58      4      1     16      3     10      3      1   1789
      1     58      4      2      1      4     15      1      0   2046
      1     58      4      2      2      6      8      6      1   1444
      1     58      4      2      3      2     13      4      0   2959
      1     58      4      2      4      3     15      3      1   1560
      1     58      4      2      5      1      5      1      1   3678
      1     58      4      2      6      2     10      2      1   1310
      1     58      4      2      7      7     15      7      1   1910
      1     58      4      2      8      8     13      8      1    976
      1     58      4      2      9      8      6      8      1   1144
      1     58      4      2     10      5      9      5      1   1010
      1     58      4      2     11      1      6      1      1   4011
      1     58      4      2     12      7     12      7      1   3078
      1     58      4      2     13      6     10      6      1   2328
      1     58      4      2     14      4     13      1      0   9011
      1     58      4      2     15      5      8      5      1   1194
      1     58      4      2     16      3      6      3      1   1294
      1     58      5      1      1      3      2      3      1   2476
      1     58      5      1      2      7      8      7      1   2128
      1     58      5      1      3      4      3      1      0   1997
      1     58      5      1      4      2     16      4      0   3624
      1     58      5      1      5      6      5      6      1   4504
      1     58      5      1      6      5     12      5      1   1130
      1     58      5      1      7      3     11      3      1   1990
      1     58      5      1      8      7     10      7      1   3186
      1     58      5      1      9      5      6      5      1   1040
      1     58      5      1     10      1      2      1      1   5948
      1     58      5      1     11      6      9      6      1   1482
      1     58      5      1     12      8      9      8      1    915
      1     58      5      1     13      1      7      1      1   2818
      1     58      5      1     14      4     14      2      0   2469
      1     58      5      1     15      2      3      1      0   1838
      1     58      5      1     16      8      5      8      1   1240
      1     58      5      2      1      2      4      2      1   1263
      1     58      5      2      2      2      2      4      0   8345
      1     58      5      2      3      5      7      5      1   1212
      1     58      5      2      4      5     10      5      1    911
      1     58      5      2      5      7      5      7      1   3478
      1     58      5      2      6      6     13      6      1   2012
      1     58      5      2      7      7      2      7      1   1228
      1     58      5      2      8      8      8      8      1   1061
      1     58      5      2      9      3     13      3      1   3445
      1     58      5      2     10      8     16      8      1   2378
      1     58      5      2     11      4      9      1      0  12045
      1     58      5      2     12      1     16      1      1   5344
      1     58      5      2     13      1      9      4      0   2077
      1     58      5      2     14      4      8      1      0   4944
      1     58      5      2     15      6     15      6      1   1244
      1     58      5      2     16      3      8      3      1   1227
      1     58      6      1      1      4     11      4      1   2302
      1     58      6      1      2      3     12      3      1   1611
      1     58      6      1      3      4      5      1      0   5101
      1     58      6      1      4      2      1      2      1   1172
      1     58      6      1      5      6      3      6      1   1031
      1     58      6      1      6      1      4      4      0   3726
      1     58      6      1      7      3     16      3      1   2141
      1     58      6      1      8      2      8      2      1   1422
      1     58      6      1      9      8      3      8      1   1819
      1     58      6      1     10      1     11      1      1   2655
      1     58      6      1     11      7      7      7      1   1506
      1     58      6      1     12      5     11      5      1    900
      1     58      6      1     13      7     14      4      0   3125
      1     58      6      1     14      6     12      6      1   1475
      1     58      6      1     15      8     14      8      1    926
      1     58      6      1     16      5      2      5      1   1221
      1     58      6      2      1      8     10      8      1   1197
      1     58      6      2      2      8      4      8      1    827
      1     58      6      2      3      1      3      1      1   5244
      1     58      6      2      4      3     14      3      1   1093
      1     58      6      2      5      2      9      2      1    895
      1     58      6      2      6      6      7      6      1   1377
      1     58      6      2      7      7      6      7      1   1377
      1     58      6      2      8      6     16      6      1   1077
      1     58      6      2      9      3      9      3      1   1177
      1     58      6      2     10      1     10      1      1   3196
      1     58      6      2     11      5      5      5      1   1593
      1     58      6      2     12      5     14      5      1   1027
      1     58      6      2     13      2     14      8      0   1127
      1     58      6      2     14      4      1      1      0   4361
      1     58      6      2     15      7      4      6      0   2977
      1     58      6      2     16      4     10      4      1   1610
      1     58      7      1      1      7      7      7      1   4624
      1     58      7      1      2      6     12      6      1   1154
      1     58      7      1      3      4     11      4      1   1765
      1     58      7      1      4      3      7      3      1   1627
      1     58      7      1      5      2     16      2      1   1292
      1     58      7      1      6      4     14      4      1   3574
      1     58      7      1      7      7     14      7      1   1934
      1     58      7      1      8      2      6      2      1   2359
      1     58      7      1      9      8      2      8      1    921
      1     58      7      1     10      1      4      1      1   2642
      1     58      7      1     11      6      3      6      1   1119
      1     58      7      1     12      1      7      1      1   2324
      1     58      7      1     13      3     16      3      1   1007
      1     58      7      1     14      5      4      5      1   1401
      1     58      7      1     15      8      9      8      1    897
      1     58      7      1     16      5     12      5      1   1008
      1     58      7      2      1      2      2      2      1   2514
      1     58      7      2      2      7     12      7      1   3477
      1     58      7      2      3      5     14      5      1    928
      1     58      7      2      4      3     13      3      1   1345
      1     58      7      2      5      6     10      6      1    944
      1     58      7      2      6      1      3      1      1   7311
      1     58      7      2      7      2     14      8      0   1127
      1     58      7      2      8      3     14      3      1    878
      1     58      7      2      9      1     10      1      1   6061
      1     58      7      2     10      6      8      6      1   1294
      1     58      7      2     11      4      1      4      1   2245
      1     58      7      2     12      7      6      7      1   1978
      1     58      7      2     13      8     16      8      1    894
      1     58      7      2     14      8      8      8      1   1028
      1     58      7      2     15      4     15      4      1   7678
      1     58      7      2     16      5      7      5      1    915
      1     58      8      1      1      3     10      3      1   3060
      1     58      8      1      2      4      3      4      1   2875
      1     58      8      1      3      8      3      8      1    989
      1     58      8      1      4      6      6      6      1   1125
      1     58      8      1      5      5     11      5      1    997
      1     58      8      1      6      7     10      7      1   2410
      1     58      8      1      7      2      8      2      1   1036
      1     58      8      1      8      1     14      1      1   4584
      1     58      8      1      9      1      1      4      0   3492
      1     58      8      1     10      4      5      4      1   5355
      1     58      8      1     11      6      5      6      1   1035
      1     58      8      1     12      8      5      8      1    848
      1     58      8      1     13      2      3      4      0   2465
      1     58      8      1     14      3      2      3      1   1820
      1     58      8      1     15      5      6      5      1    908
      1     58      8      1     16      7     13      7      1   1366
      1     58      8      2      1      2      9      2      1   1098
      1     58      8      2      2      2     10      2      1   1678
      1     58      8      2      3      3      8      3      1    910
      1     58      8      2      4      4      9      4      1   1343
      1     58      8      2      5      5      9      5      1    911
      1     58      8      2      6      1     16      1      1   1977
      1     58      8      2      7      6     13      6      1   1594
      1     58      8      2      8      5      8      5      1    978
      1     58      8      2      9      4     13      2      0   1210
      1     58      8      2     10      7      2      7      1    960
      1     58      8      2     11      3     15      3      1   2932
      1     58      8      2     12      6     15      6      1    927
      1     58      8      2     13      8      4      8      1    994
      1     58      8      2     14      1      5      1      1   1660
      1     58      8      2     15      8     13      8      1    944
      1     58      8      2     16      7     15      7      1   1060
      1     58      9      1      1      7      8      7      1   1492
      1     58      9      1      2      8     15      8      1    892
      1     58      9      1      3      2      5      2      1    913
      1     58      9      1      4      6      9      6      1    980
      1     58      9      1      5      4     16      2      0   1029
      1     58      9      1      6      6     11      6      1   1463
      1     58      9      1      7      4     12      4      1   1893
      1     58      9      1      8      3     12      3      1   1264
      1     58      9      1      9      1      2      1      1   5507
      1     58      9      1     10      8     14      8      1    968
      1     58      9      1     11      1     11      1      1   1463
      1     58      9      1     12      5     16      5      1    929
      1     58      9      1     13      3     11      3      1   1038
      1     58      9      1     14      5      2      5      1   1153
      1     58      9      1     15      2      1      2      1   1274
      1     58      9      1     16      7     16      7      1   2050
      1     58      9      2      1      6      7      6      1   1247
      1     58      9      2      2      5     10      5      1    911
      1     58      9      2      3      3      9      3      1    844
      1     58      9      2      4      8     10      8      1   1077
      1     58      9      2      5      1      9      1      1   2111
      1     58      9      2      6      4     10      4      1   1427
      1     58      9      2      7      7      4      6      0   2677
      1     58      9      2      8      5      5      5      1   1295
      1     58      9      2      9      1      6      1      1   1444
      1     58      9      2     10      3      6      3      1   1527
      1     58      9      2     11      2     13      4      0   2578
      1     58      9      2     12      6     16      6      1   1677
      1     58      9      2     13      7      5      7      1   1144
      1     58      9      2     14      4      8      4      1   2161
      1     58      9      2     15      8      6      8      1   1144
      1     58      9      2     16      2      4      2      1    777
