      2     47      1      1      1      5      8      8      0   7148   4013
      2     47      1      1      2      5      2      5      1   2558   8014
      2     47      1      1      3      3     12      3      1   3417   1612
      2     47      1      1      4      1      7      8      0   6336   4591
      2     47      1      1      5      4     11      8      0   3264   5794
      2     47      1      1      6      1      1      8      0   1568   1155
      2     47      1      1      7      4     10      8      0   2529  10025
      2     47      1      1      8      3      7      3      1   7471   6577
      2     47      1      1      9      3      8      3      1   1790   2527
      2     47      1      1     10      8     13      6      0   3388   2149
      2     47      1      1     11      2      1      4      0   3841   6636
      2     47      1      1     12      2      4      2      1   1326   1457
      2     47      1      1     13      4     12      4      1   1552   1318
      2     47      1      1     14      5      9      5      1   1569   2006
      2     47      1      1     15      3      9      1      0   7312   2228
      2     47      1      1     16      3      7      3      1   1017   2367
      2     47      1      2      1      7     14      7      1   7093     -1
      2     47      1      2      2      3     16      3      1   4825     -1
      2     47      1      2      3      6     16      6      1   5264     -1
      2     47      1      2      4      2     16      2      1   7892     -1
      2     47      1      2      5      4     16      8      0   3308     -1
      2     47      1      2      6      1      9      3      0   3859     -1
      2     47      1      2      7      5      5      5      1   4760     -1
      2     47      1      2      8      8      8      1      0   3416     -1
      2     47      1      2      9      4     13      4      1  12894     -1
      2     47      1      2     10      2      5      2      1   2177     -1
      2     47      1      2     11      6     15      7      0   6562     -1
      2     47      1      2     12      8     10      4      0   3894     -1
      2     47      1      2     13      3     11      3      1   2477     -1
      2     47      1      2     14      5      7      5      1   1459     -1
      2     47      1      2     15      7      6      1      0   7460     -1
      2     47      1      2     16      1      2      6      0   3810     -1
      2     47      2      1      1      3      7      3      1   3156   8723
      2     47      2      1      2      3     12      4      0   2622   1087
      2     47      2      1      3      8      2      4      0   1488   1071
      2     47      2      1      4      8      6      8      1    873   1771
      2     47      2      1      5      6      8      6      1   1601   1927
      2     47      2      1      6      6      9      6      1   1233   1846
      2     47      2      1      7      6      5      6      1   1173   1151
      2     47      2      1      8      8     16      8      1   9682   2437
      2     47      2      1      9      5     14      5      1   1583   2562
      2     47      2      1     10      4      5      7      0   3079   1209
      2     47      2      1     11      8      5      8      1   1594   3081
      2     47      2      1     12      1      4      7      0   5783   1304
      2     47      2      1     13      1      1      1      1   1172   1560
      2     47      2      1     14      1      7      3      0   1499   3895
      2     47      2      1     15      3      7      3      1   1439   1641
      2     47      2      1     16      6     13      3      0   2304   2889
      2     47      2      2      1      4      3      1      0   5546     -1
      2     47      2      2      2      6     11      6      1   5494     -1
      2     47      2      2      3      8     14      8      1   1477     -1
      2     47      2      2      4      2      8      2      1   3891     -1
      2     47      2      2      5      7      4      3      0   9926     -1
      2     47      2      2      6      8      9      8      1   1309     -1
      2     47      2      2      7      1     16      3      0   1411     -1
      2     47      2      2      8      3      2      3      1   1727     -1
      2     47      2      2      9      5      6      5      1   1110     -1
      2     47      2      2     10      5     10      5      1   1742     -1
      2     47      2      2     11      2     14      8      0   3161     -1
      2     47      2      2     12      4     15      1      0   2694     -1
      2     47      2      2     13      6      3      7      0   2710     -1
      2     47      2      2     14      3     10      3      1   3260     -1
      2     47      2      2     15      1      3      1      1   2894     -1
      2     47      2      2     16      7     16      4      0   2477     -1
      2     47      3      1      1      2     10      7      0   1273   2085
      2     47      3      1      2      8     13      7      0   2650   2648
      2     47      3      1      3      6      7      6      1   1096   1489
      2     47      3      1      4      3     13      3      1   1507   3805
      2     47      3      1      5      6     13      3      0   4595   5683
      2     47      3      1      6      2      4      2      1   2154   1759
      2     47      3      1      7      2      1      2      1   1025   2262
      2     47      3      1      8      4     10      7      0   2419   2383
      2     47      3      1      9      2     13      4      0   1408   2018
      2     47      3      1     10      7      2      7      1   2240   1396
      2     47      3      1     11      7     15      7      1   1426   2047
      2     47      3      1     12      6      9      6      1   1619   2711
      2     47      3      1     13      2      4      2      1   1420   2037
      2     47      3      1     14      1      5      1      1   5074    856
      2     47      3      1     15      6     12      6      1   2189   3744
      2     47      3      1     16      2      2      2      1   1155   2955
      2     47      3      2      1      8      4      8      1   1230     -1
      2     47      3      2      2      4      9      4      1  22160     -1
      2     47      3      2      3      1      6      1      1   3993     -1
      2     47      3      2      4      2      6      2      1   1327     -1
      2     47      3      2      5      5     12      5      1    994     -1
      2     47      3      2      6      8     15      8      1   1426     -1
      2     47      3      2      7      3      6      3      1   1580     -1
      2     47      3      2      8      3     14      3      1   1493     -1
      2     47      3      2      9      1     11      4      0   5844     -1
      2     47      3      2     10      2      9      2      1    962     -1
      2     47      3      2     11      6     10      7      0   1610     -1
      2     47      3      2     12      7      5      7      1   4294     -1
      2     47      3      2     13      7     13      7      1   1326     -1
      2     47      3      2     14      5     16      5      1   1358     -1
      2     47      3      2     15      4      1      4      1   5045     -1
      2     47      3      2     16      6      6      3      0   5248     -1
      2     47      4      1      1      3      8      3      1   2235   4022
      2     47      4      1      2      8      2      8      1   1562   1245
      2     47      4      1      3      3      9      3      1    980   1865
      2     47      4      1      4      4      5      4      1   3505   1300
      2     47      4      1      5      4     10      4      1   1202   1958
      2     47      4      1      6      1      5      2      0    606   3068
      2     47      4      1      7      4     12      1      0   2217   1748
      2     47      4      1      8      4      8      4      1   1164   2913
      2     47      4      1      9      3     12      1      0   5913    833
      2     47      4      1     10      1      1      1      1    683   2239
      2     47      4      1     11      1      7      3      0   1794   2012
      2     47      4      1     12      3      7      3      1    656   3232
      2     47      4      1     13      3     15      1      0   1813    766
      2     47      4      1     14      3      8      3      1   1133   2236
      2     47      4      1     15      7     12      3      0   4321   2528
      2     47      4      1     16      7     12      7      1   2415   5892
      2     47      4      2      1      4      3      4      1   5030     -1
      2     47      4      2      2      2      6      2      1   1443     -1
      2     47      4      2      3      6     11      6      1   1460     -1
      2     47      4      2      4      3     11      3      1   7410     -1
      2     47      4      2      5      1      9      1      1   8946     -1
      2     47      4      2      6      5     10      5      1   1594     -1
      2     47      4      2      7      3      6      3      1   2412     -1
      2     47      4      2      8      5      7      5      1   1328     -1
      2     47      4      2      9      8     15      8      1   1377     -1
      2     47      4      2     10      6     15      6      1   1361     -1
      2     47      4      2     11      8      4      8      1   1143     -1
      2     47      4      2     12      7     16      7      1   1910     -1
      2     47      4      2     13      7      4      7      1   4211     -1
      2     47      4      2     14      2      5      2      1   1027     -1
      2     47      4      2     15      1      6      1      1   3710     -1
      2     47      4      2     16      4     15      3      0   3329     -1
      2     47      5      1      1      7      8      7      1   2026   9979
      2     47      5      1      2      4      5      4      1   1669   1040
      2     47      5      1      3      3     13      3      1   1934   3647
      2     47      5      1      4      5     14      5      1   2204   2643
      2     47      5      1      5      2     13      4      0   1009    853
      2     47      5      1      6      4     11      4      1   3954   2727
      2     47      5      1      7      1      4      3      0   1578   1079
      2     47      5      1      8      7     10      7      1   1678   1081
      2     47      5      1      9      2      2      2      1    691    887
      2     47      5      1     10      1     14      6      0   2583    764
      2     47      5      1     11      6     13      6      1   1599   1666
      2     47      5      1     12      6     12      6      1   1808   1084
      2     47      5      1     13      3     12      3      1   1840   3789
      2     47      5      1     14      1      1      1      1    980   3143
      2     47      5      1     15      4     10      4      1   1344   1228
      2     47      5      1     16      8     16      8      1    819   1089
      2     47      5      2      1      8     14      8      1   1130     -1
      2     47      5      2      2      3     14      3      1   5544     -1
      2     47      5      2      3      5      5      5      1   2044     -1
      2     47      5      2      4      1      2      1      1   7277     -1
      2     47      5      2      5      5     16      5      1    910     -1
      2     47      5      2      6      4      9      4      1   1661     -1
      2     47      5      2      7      6      3      7      0   1243     -1
      2     47      5      2      8      8      9      8      1   1227     -1
      2     47      5      2      9      7     13      7      1   1195     -1
      2     47      5      2     10      3     16      3      1   4943     -1
      2     47      5      2     11      2     16      4      0   4976     -1
      2     47      5      2     12      2     14      8      0   1660     -1
      2     47      5      2     13      1      3      1      1   2444     -1
      2     47      5      2     14      6      6      3      0   2910     -1
      2     47      5      2     15      4      1      3      0   5577     -1
      2     47      5      2     16      7      6      7      1   1526     -1
      2     47      6      1      1      4     12      4      1   1667    923
      2     47      6      1      2      6      5      6      1    893   1000
      2     47      6      1      3      3     15      1      0   6760    672
      2     47      6      1      4      3      7      3      1    731    965
      2     47      6      1      5      4     10      4      1    816    731
      2     47      6      1      6      3     12      3      1   3216    699
      2     47      6      1      7      3      8      3      1    896   1242
      2     47      6      1      8      7     15      7      1    893    721
      2     47      6      1      9      6      8      6      1    748    749
      2     47      6      1     10      1      5      1      1   1202   1942
      2     47      6      1     11      1      1      1      1   8158   1459
      2     47      6      1     12      8      6      8      1    733    897
      2     47      6      1     13      5      8      5      1    583   1138
      2     47      6      1     14      4     11      4      1    861   1145
      2     47      6      1     15      3     12      1      0   1228   1326
      2     47      6      1     16      1      7      1      1    871    891
      2     47      6      2      1      2      9      2      1   1247     -1
      2     47      6      2      2      5     12      5      1    944     -1
      2     47      6      2      3      8      8      8      1   1577     -1
      2     47      6      2      4      7      5      7      1   2393     -1
      2     47      6      2      5      3      2      3      1   4293     -1
      2     47      6      2      6      4     13      1      0   5727     -1
      2     47      6      2      7      1     16      3      0   6977     -1
      2     47      6      2      8      5      6      5      1   1112     -1
      2     47      6      2      9      1     11      1      1   9893     -1
      2     47      6      2     10      6     10      7      0   1063     -1
      2     47      6      2     11      3     10      3      1  10961     -1
      2     47      6      2     12      6     16      6      1  22160     -1
      2     47      6      2     13      2      8      2      1   1077     -1
      2     47      6      2     14      7     14      7      1   3677     -1
      2     47      6      2     15      8     10      8      1    977     -1
      2     47      6      2     16      4     16      4      1   2127     -1
      2     47      7      1      1      8     16      8      1    632   1076
      2     47      7      1      2      7      2      7      1    547    668
      2     47      7      1      3      6     12      6      1   2075    624
      2     47      7      1      4      6      5      6      1   1176   2032
      2     47      7      1      5      3      7      3      1  12317   1844
      2     47      7      1      6      7      7      7      1   1625   1017
      2     47      7      1      7      1      4      1      1   2911    915
      2     47      7      1      8      3     13      3      1   1923   2182
      2     47      7      1      9      1      7      3      0   1839   2069
      2     47      7      1     10      6      7      6      1    895   1636
      2     47      7      1     11      3      9      3      1   2696    932
      2     47      7      1     12      6     12      6      1   1186   2398
      2     47      7      1     13      1      4      1      1   1346    555
      2     47      7      1     14      8      6      8      1    682   1404
      2     47      7      1     15      6     13      6      1    967    796
      2     47      7      1     16      7      7      7      1   1272   1250
      2     47      7      2      1      8     10      8      1   1247     -1
      2     47      7      2      2      2     14      8      0   1677     -1
      2     47      7      2      3      7     13      7      1   1045     -1
      2     47      7      2      4      6      6      3      0   5745     -1
      2     47      7      2      5      3     10      3      1   5911     -1
      2     47      7      2      6      7     14      7      1   1244     -1
      2     47      7      2      7      5      7      5      1    980     -1
      2     47      7      2      8      3     14      3      1   3777     -1
      2     47      7      2      9      8      9      8      1    846     -1
      2     47      7      2     10      1      9      2      0   2311     -1
      2     47      7      2     11      5      5      5      1   1061     -1
      2     47      7      2     12      4     15      1      0   1677     -1
      2     47      7      2     13      4     13      1      0    993     -1
      2     47      7      2     14      1      3      2      0   1527     -1
      2     47      7      2     15      6     11      6      1   1311     -1
      2     47      7      2     16      2      8      2      1   1193     -1
      2     47      8      1      1      4     12      2      0   1673   2887
      2     47      8      1      2      4     11      2      0    692   2507
      2     47      8      1      3      4     12      4      1    972   2414
      2     47      8      1      4      7     10      7      1   1066    977
      2     47      8      1      5      2      2      2      1    783   1156
      2     47      8      1      6      1     14      6      0    918    843
      2     47      8      1      7      3     13      3      1   1816   2353
      2     47      8      1      8      4      8      4      1   2051   1614
      2     47      8      1      9      2     10      2      1   1207   1297
      2     47      8      1     10      2      3      4      0   3227   1000
      2     47      8      1     11      3     12      3      1   3872   1938
      2     47      8      1     12      8      6      8      1    765   1028
      2     47      8      1     13      7     10      7      1   1061   1162
      2     47      8      1     14      3     15      1      0   2024    806
      2     47      8      1     15      6      5      6      1   1024    888
      2     47      8      1     16      1      7      3      0   2522   3921
      2     47      8      2      1      6     10      7      0   2481     -1
      2     47      8      2      2      8      8      8      1   1611     -1
      2     47      8      2      3      5     12      5      1   1094     -1
      2     47      8      2      4      1      6      3      0   5427     -1
      2     47      8      2      5      8     14      8      1   3677     -1
      2     47      8      2      6      5     10      5      1    894     -1
      2     47      8      2      7      2     16      2      1   2760     -1
      2     47      8      2      8      3     11      3      1   2027     -1
      2     47      8      2      9      7      6      7      1   4428     -1
      2     47      8      2     10      1      2      1      1   5976     -1
      2     47      8      2     11      4      3      4      1   2595     -1
      2     47      8      2     12      7      5      7      1   3444     -1
      2     47      8      2     13      2      9      2      1    977     -1
      2     47      8      2     14      3      6      3      1   6227     -1
      2     47      8      2     15      4      1      1      0   4794     -1
      2     47      8      2     16      6      3      7      0   9944     -1
      2     47      9      1      1      6      8      6      1   1361   1753
      2     47      9      1      2      8     16      8      1    793   1001
      2     47      9      1      3      6     12      6      1   1322    693
      2     47      9      1      4      5      2      5      1    778    802
      2     47      9      1      5      5      8      5      1    672    806
      2     47      9      1      6      1      1      1      1   4468    599
      2     47      9      1      7      1      7      1      1   1148   1897
      2     47      9      1      8      8      2      8      1   1199    946
      2     47      9      1      9      3     12      3      1   2726    688
      2     47      9      1     10      4     14      4      1   2629    655
      2     47      9      1     11      6     12      6      1   1016   1159
      2     47      9      1     12      7     15      7      1   1197   1388
      2     47      9      1     13      1      4      1      1   1394   1585
      2     47      9      1     14      5      8      5      1   1056   1071
      2     47      9      1     15      6      5      6      1    890   1412
      2     47      9      1     16      8      2      8      1    668    893
      2     47      9      2      1      8     15      8      1   1397     -1
      2     47      9      2      2      4     16      4      1   3111     -1
      2     47      9      2      3      2      6      2      1   1010     -1
      2     47      9      2      4      1     11      1      1  11711     -1
      2     47      9      2      5      3     16      1      0   5044     -1
      2     47      9      2      6      4      9      4      1   1678     -1
      2     47      9      2      7      2      5      2      1    926     -1
      2     47      9      2      8      5     16      5      1   1026     -1
      2     47      9      2      9      3      2      3      1   4360     -1
      2     47      9      2     10      6     15      6      1   1112     -1
      2     47      9      2     11      8      4      8      1   1093     -1
      2     47      9      2     12      1     16      1      1   4827     -1
      2     47      9      2     13      5      6      5      1   1577     -1
      2     47      9      2     14      7      4      7      1   2760     -1
      2     47      9      2     15      7     16      7      1   1093     -1
      2     47      9      2     16      6     16      6      1   5528     -1
