      1      5      1      1      1      5      6      5      1   1599
      1      5      1      1      2      4     13      2      0   2035
      1      5      1      1      3      3     14      7      0   3331
      1      5      1      1      4      1      9      3      0   3481
      1      5      1      1      5      3     11      6      0  17313
      1      5      1      1      6      7      6      7      1   4431
      1      5      1      1      7      1     16      6      0   2097
      1      5      1      1      8      6     16      6      1   2714
      1      5      1      1      9      4      5      2      0   3963
      1      5      1      1     10      7     10      7      1   2397
      1      5      1      1     11      6     11      6      1   8097
      1      5      1      1     12      2      1      4      0   2372
      1      5      1      1     13      8      3      8      1   1095
      1      5      1      1     14      2      4      2      1   2264
      1      5      1      1     15      8      4      8      1   1229
      1      5      1      1     16      5      2      5      1   1531
      1      5      1      2      1      7      8      7      1   5512
      1      5      1      2      2      1      7      1      1   4444
      1      5      1      2      3      2     16      2      1   1976
      1      5      1      2      4      4     11      4      1   2560
      1      5      1      2      5      8     13      8      1   1291
      1      5      1      2      6      3     10      1      0   2525
      1      5      1      2      7      1      2      6      0   3927
      1      5      1      2      8      5     10      5      1   1860
      1      5      1      2      9      8     16      8      1   1110
      1      5      1      2     10      6     13      6      1   2878
      1      5      1      2     11      4      8      1      0   2793
      1      5      1      2     12      3      8      1      0   3310
      1      5      1      2     13      2     13      2      1   1627
      1      5      1      2     14      6     12      3      0   1309
      1      5      1      2     15      7      2      7      1   1846
      1      5      1      2     16      5      9      5      1   1227
      1      5      2      1      1      5     12      5      1   1010
      1      5      2      1      2      6      9      6      1   1781
      1      5      2      1      3      1     14      3      0   2882
      1      5      2      1      4      4      9      2      0   1497
      1      5      2      1      5      4     14      2      0   1597
      1      5      2      1      6      3     16      3      1   1197
      1      5      2      1      7      8      2      8      1   1047
      1      5      2      1      8      7     13      7      1   2130
      1      5      2      1      9      1      5      1      1  10938
      1      5      2      1     10      3     12      4      0   3247
      1      5      2      1     11      8     10      8      1   1213
      1      5      2      1     12      6      5      6      1   1624
      1      5      2      1     13      5     16      5      1   1063
      1      5      2      1     14      2      8      2      1   1725
      1      5      2      1     15      7      5      7      1   2414
      1      5      2      1     16      2      9      4      0   1381
      1      5      2      2      1      8      9      8      1   1163
      1      5      2      2      2      4      1      1      0   5144
      1      5      2      2      3      7     14      7      1   3426
      1      5      2      2      4      3      2      3      1   1460
      1      5      2      2      5      6      3      6      1   1894
      1      5      2      2      6      3      9      3      1   1479
      1      5      2      2      7      8     15      8      1    944
      1      5      2      2      8      7     12      7      1   3544
      1      5      2      2      9      5      5      5      1   1311
      1      5      2      2     10      5      8      5      1   1310
      1      5      2      2     11      1      3      1      1   4610
      1      5      2      2     12      2      6      2      1   2061
      1      5      2      2     13      1      4      1      1   2326
      1      5      2      2     14      4     16      4      1   1544
      1      5      2      2     15      6     10      6      1   1260
      1      5      2      2     16      2      2      2      1   2659
      1      5      3      1      1      1     11      1      1   2287
      1      5      3      1      2      7     16      6      0   2430
      1      5      3      1      3      4     12      2      0   5046
      1      5      3      1      4      7      4      6      0   1898
      1      5      3      1      5      6      6      6      1   1441
      1      5      3      1      6      1      6      1      1   1512
      1      5      3      1      7      5      7      5      1   1230
      1      5      3      1      8      8      5      8      1   1047
      1      5      3      1      9      3     13      3      1   3531
      1      5      3      1     10      8      6      8      1   1310
      1      5      3      1     11      4     15      3      0   3169
      1      5      3      1     12      5     11      5      1   1079
      1      5      3      1     13      6      7      6      1   1346
      1      5      3      1     14      3     15      3      1   2299
      1      5      3      1     15      2      5      4      0   1064
      1      5      3      1     16      2     10      4      0    946
      1      5      3      2      1      3      7      3      1   3030
      1      5      3      2      2      2      3      7      0   6427
      1      5      3      2      3      7     15      7      1   1594
      1      5      3      2      4      4      3      4      1   1609
      1      5      3      2      5      6      8      6      1    994
      1      5      3      2      6      6     15      6      1   1128
      1      5      3      2      7      7      7      7      1   1111
      1      5      3      2      8      5      4      5      1   1127
      1      5      3      2      9      3      6      3      1   2126
      1      5      3      2     10      4     10      2      0   2410
      1      5      3      2     11      2     14      4      0   2076
      1      5      3      2     12      8      8      8      1   1127
      1      5      3      2     13      5     14      5      1   1343
      1      5      3      2     14      8     14      8      1   1078
      1      5      3      2     15      1     10      1      1   1645
      1      5      3      2     16      1      1      4      0   2811
      1      5      4      1      1      7      6      6      0   1379
      1      5      4      1      2      6      6      6      1   1164
      1      5      4      1      3      5      7      5      1   1150
      1      5      4      1      4      3     14      3      1   1578
      1      5      4      1      5      1      5      1      1   1241
      1      5      4      1      6      7      4      7      1   1121
      1      5      4      1      7      8      2      8      1   1130
      1      5      4      1      8      1     16      1      1   1140
      1      5      4      1      9      5     12      5      1   1081
      1      5      4      1     10      8     10      8      1   1218
      1      5      4      1     11      2      1      2      1   1848
      1      5      4      1     12      4     13      6      0   3635
      1      5      4      1     13      4     15      4      1   1313
      1      5      4      1     14      3     13      3      1   1416
      1      5      4      1     15      6      7      6      1   1579
      1      5      4      1     16      2      8      4      0   1231
      1      5      4      2      1      1      1      4      0   3113
      1      5      4      2      2      2      2      2      1   1177
      1      5      4      2      3      4      3      3      0   4027
      1      5      4      2      4      6      3      6      1   2029
      1      5      4      2      5      1      3      1      1   1144
      1      5      4      2      6      2      3      1      0   5265
      1      5      4      2      7      5      9      5      1   1046
      1      5      4      2      8      4     10      4      1   3345
      1      5      4      2      9      3      9      3      1    827
      1      5      4      2     10      6     15      6      1   1477
      1      5      4      2     11      8     16      8      1   2527
      1      5      4      2     12      8     14      8      1   1444
      1      5      4      2     13      7      7      7      1   1444
      1      5      4      2     14      5     10      5      1   1111
      1      5      4      2     15      3      7      3      1    894
      1      5      4      2     16      7     14      7      1   3212
      1      5      5      1      1      6      5      6      1   1682
      1      5      5      1      2      8      5      8      1   1047
      1      5      5      1      3      1      9      1      1   1346
      1      5      5      1      4      2      4      2      1   1080
      1      5      5      1      5      3     16      3      1    963
      1      5      5      1      6      4     14      4      1   1867
      1      5      5      1      7      6     16      6      1   1077
      1      5      5      1      8      3     11      3      1   1025
      1      5      5      1      9      5      2      5      1   1430
      1      5      5      1     10      8      6      8      1    998
      1      5      5      1     11      7     10      7      1   1330
      1      5      5      1     12      5     16      5      1   1130
      1      5      5      1     13      1     11      1      1   1613
      1      5      5      1     14      7      5      7      1    926
      1      5      5      1     15      2     10      4      0   1942
      1      5      5      1     16      4      9      4      1   2013
      1      5      5      2      1      5      4      5      1   2396
      1      5      5      2      2      3      6      3      1   1243
      1      5      5      2      3      7     15      7      1   1094
      1      5      5      2      4      8     13      8      1   1182
      1      5      5      2      5      3      2      3      1   1265
      1      5      5      2      6      4      1      1      0   5278
      1      5      5      2      7      2     16      4      0   4896
      1      5      5      2      8      7     12      7      1   1027
      1      5      5      2      9      6     10      6      1   1378
      1      5      5      2     10      6     12      6      1   1794
      1      5      5      2     11      5      5      5      1   1460
      1      5      5      2     12      4     11      2      0   4311
      1      5      5      2     13      2     13      2      1   2776
      1      5      5      2     14      8     15      8      1    911
      1      5      5      2     15      1     10      1      1   1378
      1      5      5      2     16      1      2      1      1   2226
      1      5      6      1      1      3     12      3      1   1030
      1      5      6      1      2      8      3      8      1    881
      1      5      6      1      3      8      4      8      1   1097
      1      5      6      1      4      5      6      5      1   1360
      1      5      6      1      5      2      5      2      1   1214
      1      5      6      1      6      7     16      7      1   1364
      1      5      6      1      7      1      6      1      1   1114
      1      5      6      1      8      4      5      7      0   2247
      1      5      6      1      9      5     11      5      1    930
      1      5      6      1     10      6      9      6      1    946
      1      5      6      1     11      3     15      3      1   1330
      1      5      6      1     12      2      9      2      1   1580
      1      5      6      1     13      7     13      7      1   1629
      1      5      6      1     14      4     12      4      1   1180
      1      5      6      1     15      1     14      1      1   1580
      1      5      6      1     16      6     11      6      1   1197
      1      5      6      2      1      8      9      8      1    914
      1      5      6      2      2      3     10      3      1   1026
      1      5      6      2      3      1      4      1      1   2160
      1      5      6      2      4      5      8      5      1   1076
      1      5      6      2      5      6     13      6      1   1793
      1      5      6      2      6      5     14      5      1   1293
      1      5      6      2      7      2     14      4      0   2310
      1      5      6      2      8      4      8      7      0   5643
      1      5      6      2      9      6      8      6      1   1910
      1      5      6      2     10      8      8      8      1   1326
      1      5      6      2     11      4     16      4      1   1777
      1      5      6      2     12      7      2      7      1   1360
      1      5      6      2     13      2      6      2      1   1226
      1      5      6      2     14      3      8      3      1   1327
      1      5      6      2     15      7      8      7      1   1510
      1      5      6      2     16      1      7      3      0   9627
      1      5      7      1      1      5      6      5      1   1360
      1      5      7      1      2      6     16      6      1    996
      1      5      7      1      3      7      6      7      1   1176
      1      5      7      1      4      2     10      4      0   2014
      1      5      7      1      5      6      9      6      1   1513
      1      5      7      1      6      1      5      3      0   1273
      1      5      7      1      7      7     10      7      1   1064
      1      5      7      1      8      5      7      5      1   1480
      1      5      7      1      9      3     13      3      1   1086
      1      5      7      1     10      1     16      1      1   2830
      1      5      7      1     11      3     16      3      1    980
      1      5      7      1     12      2      1      2      1   1053
      1      5      7      1     13      4      9      4      1   1498
      1      5      7      1     14      4      5      7      0   1580
      1      5      7      1     15      8     10      8      1   1013
      1      5      7      1     16      8      6      8      1   1030
      1      5      7      2      1      6     15      6      1   1130
      1      5      7      2      2      7      2      7      1   1428
      1      5      7      2      3      1      4      1      1   1644
      1      5      7      2      4      1      3      1      1   1544
      1      5      7      2      5      4      1      4      1   3243
      1      5      7      2      6      2     14      4      0   1179
      1      5      7      2      7      7      8      7      1   1310
      1      5      7      2      8      4     16      2      0   2146
      1      5      7      2      9      3      2      3      1    894
      1      5      7      2     10      3      6      3      1   1459
      1      5      7      2     11      5      9      5      1    977
      1      5      7      2     12      6     12      6      1   1394
      1      5      7      2     13      8      8      8      1   2028
      1      5      7      2     14      2      3      1      0   7244
      1      5      7      2     15      5      8      5      1   1009
      1      5      7      2     16      8     16      8      1   1577
      1      5      8      1      1      8      4      8      1   1147
      1      5      8      1      2      6      7      6      1   1048
      1      5      8      1      3      8      3      8      1   1047
      1      5      8      1      4      4     15      3      0   1079
      1      5      8      1      5      6      6      6      1   1463
      1      5      8      1      6      2      8      2      1   1647
      1      5      8      1      7      4     13      4      1   1863
      1      5      8      1      8      3     11      3      1   1234
      1      5      8      1      9      7     16      7      1   1484
      1      5      8      1     10      2      4      2      1   1280
      1      5      8      1     11      5     12      5      1   1113
      1      5      8      1     12      7      4      7      1   1081
      1      5      8      1     13      1      9      1      1   1436
      1      5      8      1     14      1     14      1      1   2809
      1      5      8      1     15      3     14      3      1    929
      1      5      8      1     16      5     11      5      1   2013
      1      5      8      2      1      3      9      3      1   1397
      1      5      8      2      2      7     15      7      1   1294
      1      5      8      2      3      1     10      1      1   1461
      1      5      8      2      4      4     11      2      0   4728
      1      5      8      2      5      3      8      3      1    879
      1      5      8      2      6      8     15      8      1   1111
      1      5      8      2      7      5      5      5      1   1360
      1      5      8      2      8      6     10      6      1   1310
      1      5      8      2      9      5      4      5      1   1143
      1      5      8      2     10      6      3      6      1   3030
      1      5      8      2     11      1      1      4      0   1893
      1      5      8      2     12      7     12      7      1    828
      1      5      8      2     13      2      2      2      1   1194
      1      5      8      2     14      4      8      4      1   5128
      1      5      8      2     15      2     13      2      1   2846
      1      5      8      2     16      8     13      8      1   1127
      1      5      9      1      1      4     12      2      0   1389
      1      5      9      1      2      4     14      4      1   1116
      1      5      9      1      3      2      5      2      1   1034
      1      5      9      1      4      1     11      1      1    947
      1      5      9      1      5      7     13      7      1   1064
      1      5      9      1      6      7      5      7      1   1197
      1      5      9      1      7      8      5      8      1    968
      1      5      9      1      8      5     16      5      1   1397
      1      5      9      1      9      5      2      5      1   1462
      1      5      9      1     10      2      9      2      1    980
      1      5      9      1     11      6     11      6      1   1329
      1      5      9      1     12      6      5      6      1   2064
      1      5      9      1     13      3     15      3      1    976
      1      5      9      1     14      8      2      8      1   1130
      1      5      9      1     15      3     12      3      1   1046
      1      5      9      1     16      1      6      1      1   1147
      1      5      9      2      1      5     14      5      1   1932
      1      5      9      2      2      6     13      6      1   1378
      1      5      9      2      3      6      8      6      1   1526
      1      5      9      2      4      5     10      5      1   1109
      1      5      9      2      5      3      7      3      1   1244
      1      5      9      2      6      1      7      1      1   1912
      1      5      9      2      7      2     16      4      0   1443
      1      5      9      2      8      2      6      2      1   1160
      1      5      9      2      9      4      3      4      1   1310
      1      5      9      2     10      4     10      4      1   2427
      1      5      9      2     11      8     14      8      1   1110
      1      5      9      2     12      8      9      8      1   1144
      1      5      9      2     13      1      2      1      1   3510
      1      5      9      2     14      7      7      7      1   1129
      1      5      9      2     15      3     10      3      1   1211
      1      5      9      2     16      7     14      7      1   1393
