      1    181      1      1      1      4     10      2      0   9198
      1    181      1      1      2      2      8      3      0   4356
      1    181      1      1      3      3     11      1      0   8619
      1    181      1      1      4      7     10      8      0   5385
      1    181      1      1      5      2      6      5      0   7255
      1    181      1      1      6      5      9      6      0   3221
      1    181      1      1      7      3      2      8      0   4860
      1    181      1      1      8      6      7      1      0   9209
      1    181      1      1      9      5      7      7      0   5173
      1    181      1      1     10      8      3      1      0   5815
      1    181      1      1     11      6      6      8      0   6484
      1    181      1      1     12      7     13      6      0  10925
      1    181      1      1     13      1      2      8      0   7934
      1    181      1      1     14      1      7      6      0   5009
      1    181      1      1     15      4     13      3      0  10781
      1    181      1      1     16      8     10      8      1   2053
      1    181      1      2      1      1     16      4      0   4684
      1    181      1      2      2      6     15      6      1   4625
      1    181      1      2      3      6     11      6      1  29557
      1    181      1      2      4      4      5      2      0   5658
      1    181      1      2      5      7      2      7      1  14943
      1    181      1      2      6      4     16      2      0   6708
      1    181      1      2      7      7     15      6      0   6742
      1    181      1      2      8      8      2      1      0   2125
      1    181      1      2      9      3     13      7      0   9841
      1    181      1      2     10      1      3      3      0  11758
      1    181      1      2     11      8     13      8      1   2158
      1    181      1      2     12      5      8      5      1   1375
      1    181      1      2     13      2      4      4      0   1496
      1    181      1      2     14      5     12      5      1   1247
      1    181      1      2     15      3     15      3      1   5293
      1    181      1      2     16      2     14      2      1   7061
      1    181      2      1      1      6     12      6      1  11552
      1    181      2      1      2      5     11      5      1   1302
      1    181      2      1      3      2     13      2      1   4728
      1    181      2      1      4      1     14      7      0   3678
      1    181      2      1      5      4      8      4      1   5114
      1    181      2      1      6      7      6      6      0   4149
      1    181      2      1      7      5      2      5      1   1152
      1    181      2      1      8      2     16      2      1   2808
      1    181      2      1      9      7      7      7      1   3431
      1    181      2      1     10      3      7      7      0   4098
      1    181      2      1     11      8     15      8      1   1956
      1    181      2      1     12      4      1      7      0   6049
      1    181      2      1     13      6      5      6      1   2572
      1    181      2      1     14      3     14      7      0   3564
      1    181      2      1     15      1     10      4      0  12061
      1    181      2      1     16      8      9      8      1   1534
      1    181      2      2      1      6     13      6      1   5677
      1    181      2      2      2      5     16      5      1   1195
      1    181      2      2      3      1     11      1      1   3960
      1    181      2      2      4      3     12      4      0   5743
      1    181      2      2      5      7     12      6      0   4398
      1    181      2      2      6      4     14      3      0   6442
      1    181      2      2      7      8      6      8      1   1215
      1    181      2      2      8      1      9      3      0   5609
      1    181      2      2      9      8     14      8      1   1277
      1    181      2      2     10      5     10      5      1    994
      1    181      2      2     11      2      2      2      1   1531
      1    181      2      2     12      3      9      1      0   3680
      1    181      2      2     13      7      8      7      1  10525
      1    181      2      2     14      6     16      4      0   5909
      1    181      2      2     15      4     11      2      0   2060
      1    181      2      2     16      2      5      2      1   3909
      1    181      3      1      1      3      6      3      1   5777
      1    181      3      1      2      2      9      2      1   1119
      1    181      3      1      3      8      5      8      1   5626
      1    181      3      1      4      7      4      7      1   5835
      1    181      3      1      5      6     10      6      1   1454
      1    181      3      1      6      1      6      3      0   2870
      1    181      3      1      7      1      5      1      1  23497
      1    181      3      1      8      6      3      6      1   1353
      1    181      3      1      9      4      3      3      0   4274
      1    181      3      1     10      2     10      2      1   1880
      1    181      3      1     11      7     16      7      1   8030
      1    181      3      1     12      4     12      4      1   6547
      1    181      3      1     13      8      4      8      1   1212
      1    181      3      1     14      5      6      6      0   1689
      1    181      3      1     15      3      8      7      0   4129
      1    181      3      1     16      5      4      5      1   1147
      1    181      3      2      1      1      1      3      0  14775
      1    181      3      2      2      2      3      7      0  10829
      1    181      3      2      3      1      4      1      1   2244
      1    181      3      2      4      8      8      8      1   1061
      1    181      3      2      5      7      5      7      1   4447
      1    181      3      2      6      4      9      4      1   5264
      1    181      3      2      7      7     14      6      0   1810
      1    181      3      2      8      3     16      1      0   2946
      1    181      3      2      9      5     14      5      1   1130
      1    181      3      2     10      5      5      6      0   1760
      1    181      3      2     11      3     10      3      1   3343
      1    181      3      2     12      6      8      6      1   1343
      1    181      3      2     13      8     16      8      1   1209
      1    181      3      2     14      4     15      3      0   4259
      1    181      3      2     15      6      9      6      1   1644
      1    181      3      2     16      2      1      2      1   1226
      1    181      4      1      1      6     10      6      1   1204
      1    181      4      1      2      3     11      3      1   6871
      1    181      4      1      3      4      8      4      1   2161
      1    181      4      1      4      1      6      1      1   3194
      1    181      4      1      5      4     10      4      1   3501
      1    181      4      1      6      6      7      7      0   3714
      1    181      4      1      7      5      6      5      1   1110
      1    181      4      1      8      5      9      5      1   1219
      1    181      4      1      9      2     10      2      1   1347
      1    181      4      1     10      8      9      8      1   1134
      1    181      4      1     11      7      6      7      1   7452
      1    181      4      1     12      3      7      3      1   4128
      1    181      4      1     13      8      5      8      1   1098
      1    181      4      1     14      7      7      7      1   5641
      1    181      4      1     15      1      7      1      1   2867
      1    181      4      1     16      2     13      2      1   1365
      1    181      4      2      1      2      4      2      1   1459
      1    181      4      2      2      1      3      3      0   3413
      1    181      4      2      3      5      5      6      0   1543
      1    181      4      2      4      6     13      7      0   4897
      1    181      4      2      5      7      5      7      1   6260
      1    181      4      2      6      6     15      7      0   3944
      1    181      4      2      7      8     13      8      1   1048
      1    181      4      2      8      3      9      3      1   3446
      1    181      4      2      9      3     13      7      0   2993
      1    181      4      2     10      8      8      8      1   1031
      1    181      4      2     11      4     14      2      0   2109
      1    181      4      2     12      4     15      1      0   2531
      1    181      4      2     13      1      9      3      0   4598
      1    181      4      2     14      5     10      5      1   1210
      1    181      4      2     15      2     14      2      1   1660
      1    181      4      2     16      7      8      7      1   3230
      1    181      5      1      1      3      2      7      0   4552
      1    181      5      1      2      5      7      5      1   1223
      1    181      5      1      3      5      4      5      1   1122
      1    181      5      1      4      8      4      8      1   1061
      1    181      5      1      5      1      2      1      1   4098
      1    181      5      1      6      6      5      6      1   1358
      1    181      5      1      7      7     13      7      1   2979
      1    181      5      1      8      1      5      3      0   1673
      1    181      5      1      9      3     14      3      1   2585
      1    181      5      1     10      4     12      4      1   1694
      1    181      5      1     11      8     15      8      1   1160
      1    181      5      1     12      7     10      7      1   3300
      1    181      5      1     13      6      6      6      1   2504
      1    181      5      1     14      2     16      2      1   1092
      1    181      5      1     15      2      8      2      1   1230
      1    181      5      1     16      4      3      4      1   2071
      1    181      5      2      1      8      2      8      1   2543
      1    181      5      2      2      4      5      4      1   2376
      1    181      5      2      3      5     16      5      1   1098
      1    181      5      2      4      2      2      2      1   2826
      1    181      5      2      5      7     14      6      0   3147
      1    181      5      2      6      1      1      3      0   5526
      1    181      5      2      7      3     15      7      0   1663
      1    181      5      2      8      1      4      1      1   1265
      1    181      5      2      9      6     16      6      1   1130
      1    181      5      2     10      3     10      3      1  10575
      1    181      5      2     11      4     11      4      1   2031
      1    181      5      2     12      2      3      1      0   5843
      1    181      5      2     13      6      9      6      1   1127
      1    181      5      2     14      7     15      7      1   1447
      1    181      5      2     15      5     14      5      1   1093
      1    181      5      2     16      8      6      8      1   1026
      1    181      6      1      1      6     12      7      0   3746
      1    181      6      1      2      5      2      5      1   1113
      1    181      6      1      3      8     10      8      1   1525
      1    181      6      1      4      2      9      2      1   1217
      1    181      6      1      5      4     13      3      0   4114
      1    181      6      1      6      7      4      7      1   3815
      1    181      6      1      7      6      3      6      1   1422
      1    181      6      1      8      8      3      8      1   1080
      1    181      6      1      9      5     11      5      1   1043
      1    181      6      1     10      4      1      3      0   4864
      1    181      6      1     11      3      8      7      0   2024
      1    181      6      1     12      1     14      3      0  12190
      1    181      6      1     13      7     16      7      1   4524
      1    181      6      1     14      3      6      3      1   3354
      1    181      6      1     15      2      6      2      1   1721
      1    181      6      1     16      1     10      1      1   1522
      1    181      6      2      1      4      9      4      1   1543
      1    181      6      2      2      8     16      8      1   1481
      1    181      6      2      3      5      8      5      1   1143
      1    181      6      2      4      1     16      1      1   6542
      1    181      6      2      5      3     16      3      1  10058
      1    181      6      2      6      7     12      7      1   4296
      1    181      6      2      7      8     14      8      1   1329
      1    181      6      2      8      7      2      7      1   2664
      1    181      6      2      9      5     12      5      1   1262
      1    181      6      2     10      2      5      2      1   1428
      1    181      6      2     11      6      8      6      1   1259
      1    181      6      2     12      6     11      7      0   1692
      1    181      6      2     13      4     16      2      0   1494
      1    181      6      2     14      1     11      1      1   1194
      1    181      6      2     15      2      1      2      1   2059
      1    181      6      2     16      3     12      3      1   3696
      1    181      7      1      1      2      8      2      1   1314
      1    181      7      1      2      5      2      5      1   1141
      1    181      7      1      3      2      6      2      1    938
      1    181      7      1      4      6      5      6      1   2549
      1    181      7      1      5      3     14      3      1   2896
      1    181      7      1      6      1      2      1      1   1884
      1    181      7      1      7      4      1      4      1  10688
      1    181      7      1      8      4      8      4      1   2435
      1    181      7      1      9      3      6      7      0   4703
      1    181      7      1     10      8     15      8      1   1061
      1    181      7      1     11      7     10      7      1   1482
      1    181      7      1     12      5      7      5      1    971
      1    181      7      1     13      6      7      6      1   2359
      1    181      7      1     14      8     10      8      1    971
      1    181      7      1     15      7      4      7      1   3645
      1    181      7      1     16      1      7      1      1   2605
      1    181      7      2      1      8     16      8      1   2476
      1    181      7      2      2      6     11      6      1   1046
      1    181      7      2      3      8     14      8      1   1026
      1    181      7      2      4      1      1      3      0   4309
      1    181      7      2      5      4     14      2      0   1542
      1    181      7      2      6      5      8      5      1   1294
      1    181      7      2      7      4      5      4      1   1696
      1    181      7      2      8      2     14      2      1   1143
      1    181      7      2      9      3     13      3      1   1343
      1    181      7      2     10      1      9      1      1   1431
      1    181      7      2     11      5     12      5      1   1427
      1    181      7      2     12      7      5      7      1   1343
      1    181      7      2     13      6      8      6      1   1229
      1    181      7      2     14      2      5      2      1    897
      1    181      7      2     15      3     10      3      1   3926
      1    181      7      2     16      7      8      7      1   1160
      1    181      8      1      1      6     12      6      1   1260
      1    181      8      1      2      5      4      5      1   1088
      1    181      8      1      3      8      4      8      1    889
      1    181      8      1      4      3      7      7      0   3925
      1    181      8      1      5      2     10      2      1    817
      1    181      8      1      6      6      3      6      1   1095
      1    181      8      1      7      1     10      1      1   1331
      1    181      8      1      8      7     13      7      1   2148
      1    181      8      1      9      5      6      5      1   1035
      1    181      8      1     10      3     11      3      1   3990
      1    181      8      1     11      8      9      8      1    941
      1    181      8      1     12      4      3      4      1   2718
      1    181      8      1     13      2     16      2      1    962
      1    181      8      1     14      4     10      4      1   1280
      1    181      8      1     15      7      7      7      1   1354
      1    181      8      1     16      1     14      1      1   1320
      1    181      8      2      1      7      2      7      1   1544
      1    181      8      2      2      6     15      6      1   1160
      1    181      8      2      3      4     15      4      1   2711
      1    181      8      2      4      4     16      2      0   1046
      1    181      8      2      5      2      4      2      1   1144
      1    181      8      2      6      3     15      3      1   1695
      1    181      8      2      7      2      3      1      0   1109
      1    181      8      2      8      3      9      3      1   2560
      1    181      8      2      9      7     12      7      1   2962
      1    181      8      2     10      8      2      8      1   1826
      1    181      8      2     11      5     10      5      1   1176
      1    181      8      2     12      1      4      1      1   1210
      1    181      8      2     13      8      6      8      1   1044
      1    181      8      2     14      5     16      5      1   1159
      1    181      8      2     15      1      3      1      1   1460
      1    181      8      2     16      6     13      7      0   3079
      1    181      9      1      1      6     10      6      1   1176
      1    181      9      1      2      2     13      2      1   1043
      1    181      9      1      3      8      5      8      1    959
      1    181      9      1      4      1      5      1      1   1366
      1    181      9      1      5      5     11      5      1   1223
      1    181      9      1      6      3      2      3      1   1811
      1    181      9      1      7      1      6      1      1   1231
      1    181      9      1      8      3      8      3      1   1569
      1    181      9      1      9      2      9      2      1   1064
      1    181      9      1     10      8      3      8      1   1333
      1    181      9      1     11      4     12      4      1   1172
      1    181      9      1     12      4     13      4      1   3100
      1    181      9      1     13      7     16      7      1   1136
      1    181      9      1     14      5      9      5      1   1458
      1    181      9      1     15      7      6      7      1   1036
      1    181      9      1     16      6      6      6      1   1036
      1    181      9      2      1      5      5      6      0   1397
      1    181      9      2      2      3     16      3      1   1411
      1    181      9      2      3      7     15      7      1    897
      1    181      9      2      4      2      1      2      1    846
      1    181      9      2      5      4     11      2      0   8445
      1    181      9      2      6      7     14      7      1   3243
      1    181      9      2      7      8      8      8      1   1181
      1    181      9      2      8      4      9      4      1   1693
      1    181      9      2      9      2      2      2      1   1176
      1    181      9      2     10      6     16      6      1   1260
      1    181      9      2     11      1     16      1      1   1993
      1    181      9      2     12      8     13      8      1   1060
      1    181      9      2     13      1     11      1      1   1114
      1    181      9      2     14      3     12      3      1   1330
      1    181      9      2     15      6      9      6      1   1328
      1    181      9      2     16      5     14      5      1   1226
