      1      1      1      1      1      8      5      1      0   3406
      1      1      1      1      2      6     16      2      0   1512
      1      1      1      1      3      5      4      5      1   2553
      1      1      1      1      4      4     11      4      1   2699
      1      1      1      1      5      3     10      3      1   1163
      1      1      1      1      6      7     13      8      0   2735
      1      1      1      1      7      7      5      2      0   3440
      1      1      1      1      8      5     12      5      1   1787
      1      1      1      1      9      2      2      2      1   1870
      1      1      1      1     10      4      5      7      0   2191
      1      1      1      1     11      6      3      3      0   3242
      1      1      1      1     12      8      8      3      0   6075
      1      1      1      1     13      3     11      3      1   4486
      1      1      1      1     14      1     16      8      0   1388
      1      1      1      1     15      1     14      6      0   2594
      1      1      1      1     16      2      1      4      0   1738
      1      1      1      2      1      8      3      1      0   6995
      1      1      1      2      2      6     15      5      0   2072
      1      1      1      2      3      4     13      4      1   3090
      1      1      1      2      4      3     12      4      0   2241
      1      1      1      2      5      5     14      5      1   1257
      1      1      1      2      6      3     15      2      0   2307
      1      1      1      2      7      7     10      2      0   2609
      1      1      1      2      8      1      6      3      0   2126
      1      1      1      2      9      8     16      6      0   2128
      1      1      1      2     10      4     10      1      0   2709
      1      1      1      2     11      2      6      2      1   1875
      1      1      1      2     12      2      8      2      1   1375
      1      1      1      2     13      6      9      7      0   2091
      1      1      1      2     14      1      4      8      0   2309
      1      1      1      2     15      7      8      4      0   3809
      1      1      1      2     16      5      5      5      1   1476
      1      1      2      1      1      4     12      2      0   1290
      1      1      2      1      2      2     13      3      0   1490
      1      1      2      1      3      3      7      4      0   3653
      1      1      2      1      4      6     12      7      0   2934
      1      1      2      1      5      6     13      4      0   4390
      1      1      2      1      6      1      5      6      0   5046
      1      1      2      1      7      8     13      8      1   2722
      1      1      2      1      8      2     10      2      1   1807
      1      1      2      1      9      7     14      4      0   1291
      1      1      2      1     10      5     11      5      1   1260
      1      1      2      1     11      3      8      3      1   2219
      1      1      2      1     12      7      6      4      0   1381
      1      1      2      1     13      1     10      4      0   1072
      1      1      2      1     14      5      2      5      1   1093
      1      1      2      1     15      8     14      8      1   1158
      1      1      2      1     16      4      3      3      0   2125
      1      1      2      2      1      4     16      2      0  37613
      1      1      2      2      2      2      9      2      1   1391
      1      1      2      2      3      6      8      7      0   7111
      1      1      2      2      4      3     14      4      0   3243
      1      1      2      2      5      8      9      8      1   1559
      1      1      2      2      6      2     16      4      0   6979
      1      1      2      2      7      8      4      8      1    959
      1      1      2      2      8      6      5      6      1   2476
      1      1      2      2      9      7     16      7      1   1725
      1      1      2      2     10      5      7      5      1   3942
      1      1      2      2     11      5      9      5      1    913
      1      1      2      2     12      3      9      7      0   6659
      1      1      2      2     13      4      8      1      0   2291
      1      1      2      2     14      7      2      3      0   2060
      1      1      2      2     15      1      3      2      0   1307
      1      1      2      2     16      1      2      7      0   1442
      1      1      3      1      1      5      8      5      1   1341
      1      1      3      1      2      8     10      8      1   1335
      1      1      3      1      3      7     15      4      0   1804
      1      1      3      1      4      6      7      5      0   1841
      1      1      3      1      5      2      4      2      1    993
      1      1      3      1      6      1     11      3      0   2252
      1      1      3      1      7      3      6      7      0   1585
      1      1      3      1      8      7      7      4      0   1423
      1      1      3      1      9      3      2      4      0   1370
      1      1      3      1     10      2      5      2      1   1057
      1      1      3      1     11      4     15      3      0   1386
      1      1      3      1     12      6     10      7      0   1913
      1      1      3      1     13      1      1      6      0  16613
      1      1      3      1     14      8      2      8      1   1384
      1      1      3      1     15      5      6      1      0   1103
      1      1      3      1     16      4     14      1      0   1375
      1      1      3      2      1      5     16      5      1   1197
      1      1      3      2      2      5     10      5      1   3358
      1      1      3      2      3      1      7      1      1   9592
      1      1      3      2      4      1      9      1      1   1126
      1      1      3      2      5      8     15      8      1   1458
      1      1      3      2      6      3     16      3      1   2775
      1      1      3      2      7      2     14      8      0   1792
      1      1      3      2      8      4      1      1      0   2159
      1      1      3      2      9      6      6      6      1   2042
      1      1      3      2     10      7      4      4      0   2275
      1      1      3      2     11      3     13      6      0   2825
      1      1      3      2     12      4      9      3      0   3376
      1      1      3      2     13      6     11      6      1   1490
      1      1      3      2     14      8      6      8      1    957
      1      1      3      2     15      7     12      3      0   3593
      1      1      3      2     16      2      3      2      1   1526
      1      1      4      1      1      8      5      8      1   1339
      1      1      4      1      2      2      1      2      1   1011
      1      1      4      1      3      1      5      7      0   3518
      1      1      4      1      4      5      2      5      1    970
      1      1      4      1      5      4     12      2      0   1488
      1      1      4      1      6      3     10      6      0   3753
      1      1      4      1      7      6     10      6      1   1842
      1      1      4      1      8      5     12      5      1   1100
      1      1      4      1      9      2      5      4      0   2490
      1      1      4      1     10      4      5      3      0   1641
      1      1      4      1     11      7      7      7      1   3559
      1      1      4      1     12      6      3      6      1   1179
      1      1      4      1     13      3      7      6      0   1323
      1      1      4      1     14      1     16      7      0   1252
      1      1      4      1     15      7     14      2      0   1507
      1      1      4      1     16      8     13      8      1   1023
      1      1      4      2      1      5     10      5      1    996
      1      1      4      2      2      3      9      3      1   5776
      1      1      4      2      3      6      8      7      0   1879
      1      1      4      2      4      8     15      8      1   1259
      1      1      4      2      5      8      3      8      1   1609
      1      1      4      2      6      7      8      7      1   1477
      1      1      4      2      7      6      5      6      1   1909
      1      1      4      2      8      4     10      3      0   2492
      1      1      4      2      9      1      7      3      0   3493
      1      1      4      2     10      4     16      4      1   1342
      1      1      4      2     11      3     14      3      1   1109
      1      1      4      2     12      5      7      5      1   1042
      1      1      4      2     13      1      2      4      0   2826
      1      1      4      2     14      2      9      2      1    860
      1      1      4      2     15      7     10      7      1   1192
      1      1      4      2     16      2      3      1      0   1658
      1      1      5      1      1      8      2      8      1   1178
      1      1      5      1      2      6     12      4      0   1702
      1      1      5      1      3      4      3      4      1   2654
      1      1      5      1      4      2      4      2      1    899
      1      1      5      1      5      5     11      5      1   1002
      1      1      5      1      6      3      2      3      1   1976
      1      1      5      1      7      1     10      1      1   6621
      1      1      5      1      8      3      6      6      0   3383
      1      1      5      1      9      5      6      5      1   1010
      1      1      5      1     10      6     13      6      1   2555
      1      1      5      1     11      8     10      8      1   1825
      1      1      5      1     12      4     14      4      1   2189
      1      1      5      1     13      1      1      3      0   1253
      1      1      5      1     14      7     15      7      1   1356
      1      1      5      1     15      2     13      4      0   1772
      1      1      5      1     16      7     13      7      1   1135
      1      1      5      2      1      5     16      5      1   1579
      1      1      5      2      2      2      8      2      1   2342
      1      1      5      2      3      3     16      3      1  11608
      1      1      5      2      4      7     12      7      1   1025
      1      1      5      2      5      4      9      4      1   1874
      1      1      5      2      6      6      6      6      1   1475
      1      1      5      2      7      3     15      3      1   2692
      1      1      5      2      8      5      5      5      1   1509
      1      1      5      2      9      2      6      2      1   1292
      1      1      5      2     10      7      2      7      1   1525
      1      1      5      2     11      6     15      6      1   1543
      1      1      5      2     12      1      4      4      0   2526
      1      1      5      2     13      4      1      3      0   1891
      1      1      5      2     14      8      6      8      1   1124
      1      1      5      2     15      1      9      1      1   1358
      1      1      5      2     16      8     16      8      1   1426
      1      1      6      1      1      8     14      8      1   1050
      1      1      6      1      2      6     16      6      1   1489
      1      1      6      1      3      4     15      3      0   1451
      1      1      6      1      4      2     10      4      0   2528
      1      1      6      1      5      7      6      7      1   1261
      1      1      6      1      6      7      5      7      1   1194
      1      1      6      1      7      2      2      2      1    975
      1      1      6      1      8      5      4      5      1    986
      1      1      6      1      9      5      8      5      1   1658
      1      1      6      1     10      1     11      4      0   1576
      1      1      6      1     11      3      8      4      0   1249
      1      1      6      1     12      4     11      2      0   1646
      1      1      6      1     13      8      8      8      1   1179
      1      1      6      1     14      3     11      3      1   1258
      1      1      6      1     15      1     14      1      1   2548
      1      1      6      1     16      6      7      6      1   1037
      1      1      6      2      1      3     12      3      1   1363
      1      1      6      2      2      1      6      1      1   1208
      1      1      6      2      3      8      9      8      1   1309
      1      1      6      2      4      7      4      6      0   7141
      1      1      6      2      5      4      8      1      0   2593
      1      1      6      2      6      6      9      6      1   1263
      1      1      6      2      7      5     14      5      1   1225
      1      1      6      2      8      2     16      4      0   1375
      1      1      6      2      9      8      4      8      1   1309
      1      1      6      2     10      7     16      7      1   1742
      1      1      6      2     11      6     11      6      1   1158
      1      1      6      2     12      2     14      8      0   1392
      1      1      6      2     13      1      3      1      1   1109
      1      1      6      2     14      3     13      3      1    959
      1      1      6      2     15      5      9      5      1    993
      1      1      6      2     16      4     13      4      1   1557
      1      1      7      1      1      8      8      8      1    954
      1      1      7      1      2      4     11      4      1   1586
      1      1      7      1      3      3      7      3      1   3312
      1      1      7      1      4      5      4      5      1   1100
      1      1      7      1      5      4      5      7      0   2524
      1      1      7      1      6      2     10      4      0   2402
      1      1      7      1      7      5      8      5      1   1031
      1      1      7      1      8      1      5      3      0   1651
      1      1      7      1      9      8      5      8      1   1083
      1      1      7      1     10      7      6      7      1   1267
      1      1      7      1     11      1      1      3      0   1109
      1      1      7      1     12      6     13      6      1   1147
      1      1      7      1     13      2     13      2      1   1322
      1      1      7      1     14      7      7      7      1    967
      1      1      7      1     15      3      2      3      1   1060
      1      1      7      1     16      6      3      6      1    890
      1      1      7      2      1      5     14      5      1   1245
      1      1      7      2      2      6      5      6      1   1541
      1      1      7      2      3      4      9      4      1   3309
      1      1      7      2      4      2      3      2      1   1725
      1      1      7      2      5      8     15      8      1   1109
      1      1      7      2      6      1      4      3      0   4042
      1      1      7      2      7      3     12      3      1   3210
      1      1      7      2      8      4     10      4      1   2093
      1      1      7      2      9      7      2      7      1   1143
      1      1      7      2     10      3     15      3      1   1659
      1      1      7      2     11      6     11      6      1    959
      1      1      7      2     12      1      9      1      1   1008
      1      1      7      2     13      8      4      8      1    909
      1      1      7      2     14      7     10      7      1   1092
      1      1      7      2     15      5     10      5      1    942
      1      1      7      2     16      2      8      2      1   1492
      1      1      8      1      1      4     15      4      1   5880
      1      1      8      1      2      8     14      8      1    833
      1      1      8      1      3      3     11      3      1   1329
      1      1      8      1      4      5     12      5      1   1055
      1      1      8      1      5      2      4      2      1   1037
      1      1      8      1      6      7     15      7      1   1095
      1      1      8      1      7      6     12      6      1   2855
      1      1      8      1      8      1     11      1      1    920
      1      1      8      1      9      8     10      8      1   1065
      1      1      8      1     10      5     11      5      1   1209
      1      1      8      1     11      4      3      4      1   2291
      1      1      8      1     12      3      8      7      0   1664
      1      1      8      1     13      7     13      7      1   1253
      1      1      8      1     14      6      7      6      1    960
      1      1      8      1     15      1     14      1      1   1095
      1      1      8      1     16      2      5      2      1    887
      1      1      8      2      1      4      1      4      1   8629
      1      1      8      2      2      1      6      1      1   1160
      1      1      8      2      3      5      7      5      1   1225
      1      1      8      2      4      2      6      2      1    941
      1      1      8      2      5      6     15      6      1   1142
      1      1      8      2      6      8      3      8      1   1491
      1      1      8      2      7      2      9      2      1   1408
      1      1      8      2      8      7     12      7      1   4844
      1      1      8      2      9      5      5      5      1   1226
      1      1      8      2     10      3     13      3      1   2342
      1      1      8      2     11      3     14      3      1   2042
      1      1      8      2     12      1      3      1      1   1027
      1      1      8      2     13      7     16      4      0   1675
      1      1      8      2     14      4     16      4      1   1275
      1      1      8      2     15      6      8      6      1    892
      1      1      8      2     16      8      9      8      1   1409
      1      1      9      1      1      1     16      1      1   1942
      1      1      9      1      2      1     10      8      0   1984
      1      1      9      1      3      5      6      5      1    984
      1      1      9      1      4      6     10      6      1    885
      1      1      9      1      5      4     14      4      1   1834
      1      1      9      1      6      6     16      6      1   1257
      1      1      9      1      7      8     13      8      1   1655
      1      1      9      1      8      7     14      3      0   3196
      1      1      9      1      9      3     10      3      1   1131
      1      1      9      1     10      3      6      1      0   1554
      1      1      9      1     11      2      2      2      1   1024
      1      1      9      1     12      8      2      8      1   1083
      1      1      9      1     13      4     12      4      1   1295
      1      1      9      1     14      2      1      2      1    832
      1      1      9      1     15      5      2      5      1    880
      1      1      9      1     16      7      5      3      0    846
      1      1      9      2      1      2     16      4      0   1161
      1      1      9      2      2      3      9      3      1   1209
      1      1      9      2      3      5     16      5      1   1192
      1      1      9      2      4      2     14      4      0   1974
      1      1      9      2      5      1      2      3      0   2159
      1      1      9      2      6      8      6      8      1   1276
      1      1      9      2      7      6      6      6      1   1559
      1      1      9      2      8      6      9      6      1   1113
      1      1      9      2      9      5      9      5      1    859
      1      1      9      2     10      8     16      8      1   1841
      1      1      9      2     11      4     13      4      1   1226
      1      1      9      2     12      7      4      6      0   2691
      1      1      9      2     13      3     16      3      1   2124
      1      1      9      2     14      7      8      7      1   1141
      1      1      9      2     15      1      7      3      0   1126
      1      1      9      2     16      4      8      1      0   2059
