      2    154      1      1      1      5     12      5      1   6647   3584
      2    154      1      1      2      5      8      1      0   4254   4373
      2    154      1      1      3      5     12      1      0   1917   1137
      2    154      1      1      4      5      2      5      1   1046   1771
      2    154      1      1      5      5     11      5      1   1049   1023
      2    154      1      1      6      8      5      4      0   3673   4424
      2    154      1      1      7      8     15      8      1   1209   1128
      2    154      1      1      8      8     15      8      1   1789   2687
      2    154      1      1      9      3     13      1      0   4574   3961
      2    154      1      1     10      6     13      4      0   1469  10814
      2    154      1      1     11      3      8      3      1   1292   6292
      2    154      1      1     12      3     10      7      0   2236   5056
      2    154      1      1     13      7     15      4      0   2191   2255
      2    154      1      1     14      7     15      7      1   1129   1241
      2    154      1      1     15      2      8      2      1   1199   3455
      2    154      1      1     16      2      6      2      1   1035   1120
      2    154      1      2      1      8      3      3      0   2851
      2    154      1      2      2      6      5      2      0   1345
      2    154      1      2      3      4      1      3      0   3013
      2    154      1      2      4      6      6      7      0   2063
      2    154      1      2      5      7     12      3      0   2013
      2    154      1      2      6      1      5      8      0   2147
      2    154      1      2      7      2     10      5      0   3798
      2    154      1      2      8      7      6      3      0   1079
      2    154      1      2      9      3     12      3      1   1314
      2    154      1      2     10      2      4      2      1   3564
      2    154      1      2     11      3     15      3      1   1063
      2    154      1      2     12      5     16      5      1   1431
      2    154      1      2     13      1      6      1      1   6396
      2    154      1      2     14      4      9      4      1   2012
      2    154      1      2     15      5     14      5      1   1362
      2    154      1      2     16      8      4      6      0   2664
      2    154      2      1      1      5     12      4      0    827   2004
      2    154      2      1      2      4     13      3      0    631    727
      2    154      2      1      3      4     13      3      0    559    485
      2    154      2      1      4      4      3      3      0    944   2864
      2    154      2      1      5      1     16      4      0   1519   3899
      2    154      2      1      6      8      5      8      1   4208   1510
      2    154      2      1      7      8     15      8      1    892   1046
      2    154      2      1      8      1     16      1      1   2022   3565
      2    154      2      1      9      4      3      1      0   1762   3129
      2    154      2      1     10      1     16      1      1   1487   1433
      2    154      2      1     11      3      6      4      0   1051   6200
      2    154      2      1     12      8      9      2      0   3740   4441
      2    154      2      1     13      1      2      2      0   5453   3485
      2    154      2      1     14      6     13      3      0    802   1963
      2    154      2      1     15      3     13      1      0   1713    961
      2    154      2      1     16      1      7      6      0   3664   2266
      2    154      2      2      1      6      3      2      0   1046
      2    154      2      2      2      1      3      3      0    729
      2    154      2      2      3      7     16      6      0   1762
      2    154      2      2      4      2      1      4      0   7547
      2    154      2      2      5      8      8      8      1   1012
      2    154      2      2      6      5      6      6      0   3679
      2    154      2      2      7      3     11      1      0   1645
      2    154      2      2      8      5     10      5      1   1679
      2    154      2      2      9      6     15      6      1   3646
      2    154      2      2     10      2      5      2      1   3262
      2    154      2      2     11      1      1      1      1   1129
      2    154      2      2     12      8     10      8      1   1681
      2    154      2      2     13      4     10      6      0   2997
      2    154      2      2     14      7      2      6      0   1679
      2    154      2      2     15      3      2      1      0   1513
      2    154      2      2     16      4     16      6      0   3231
      2    154      3      1      1      4     13      2      0   1014    594
      2    154      3      1      2      8      9      8      1   1167   3950
      2    154      3      1      3      6     16      6      1   2648   5261
      2    154      3      1      4      6     16      6      1   1758   2604
      2    154      3      1      5      8     15      8      1   1346   1970
      2    154      3      1      6      1     14      1      1   1239   2010
      2    154      3      1      7      3     14      1      0    748   2348
      2    154      3      1      8      3     14      3      1   2749    676
      2    154      3      1      9      3     10      1      0    883   1568
      2    154      3      1     10      3     10      3      1   1027    714
      2    154      3      1     11      8     16      4      0   1552   2609
      2    154      3      1     12      7     14      7      1   1716   2414
      2    154      3      1     13      8      6      8      1   1075   2404
      2    154      3      1     14      5      5      7      0   2098   7461
      2    154      3      1     15      5      5      5      1    938   1002
      2    154      3      1     16      2     14      8      0    943   3793
      2    154      3      2      1      7      5      3      0   7679
      2    154      3      2      2      2      3      2      1   3130
      2    154      3      2      3      4     11      2      0  11912
      2    154      3      2      4      6     12      6      1   4096
      2    154      3      2      5      3      7      1      0   2546
      2    154      3      2      6      1      4      7      0   2163
      2    154      3      2      7      5      7      5      1   1464
      2    154      3      2      8      3     16      1      0   5079
      2    154      3      2      9      7     13      7      1   3995
      2    154      3      2     10      8      2      8      1   1245
      2    154      3      2     11      8     13      8      1   1229
      2    154      3      2     12      4     12      1      0   2845
      2    154      3      2     13      2      9      2      1   2612
      2    154      3      2     14      6     11      4      0  10029
      2    154      3      2     15      5      4      5      1   1262
      2    154      3      2     16      1     11      4      0   2513
      2    154      4      1      1      2      8      2      1    881   7063
      2    154      4      1      2      2     13      2      1    859   2668
      2    154      4      1      3      2      6      2      1    966    891
      2    154      4      1      4      1      7      1      1   1336   5901
      2    154      4      1      5      3     14      1      0    631    959
      2    154      4      1      6      3      8      1      0    790   1380
      2    154      4      1      7      3     13      1      0   1240   2770
      2    154      4      1      8      4     15      3      0   1004   2061
      2    154      4      1      9      3     13      3      1    870    870
      2    154      4      1     10      3     14      3      1    954   1101
      2    154      4      1     11      3      8      3      1   1645    895
      2    154      4      1     12      7      8      3      0   1095   3277
      2    154      4      1     13      3      9      3      1    970   2426
      2    154      4      1     14      1      7      1      1   1661   1590
      2    154      4      1     15      7     10      1      0   1083   4744
      2    154      4      1     16      4     15      4      1   2295   1490
      2    154      4      2      1      4     10      2      0   1946
      2    154      4      2      2      3     16      1      0   4962
      2    154      4      2      3      6     12      6      1   6463
      2    154      4      2      4      5      7      5      1   1079
      2    154      4      2      5      1      4      7      0   2031
      2    154      4      2      6      8      2      8      1   1312
      2    154      4      2      7      4     11      7      0   6913
      2    154      4      2      8      2      5      2      1    945
      2    154      4      2      9      8     10      8      1   1180
      2    154      4      2     10      1      5      1      1   2963
      2    154      4      2     11      7      6      3      0   2979
      2    154      4      2     12      7     12      3      0   1998
      2    154      4      2     13      3     15      3      1   1429
      2    154      4      2     14      5     16      5      1   1278
      2    154      4      2     15      2      4      2      1    995
      2    154      4      2     16      6      3      4      0   4763
      2    154      5      1      1      1      7      1      1    987   4726
      2    154      5      1      2      3     13      3      1   4567   1237
      2    154      5      1      3      2      2      2      1    857   1577
      2    154      5      1      4      1     10      7      0   2213    860
      2    154      5      1      5      1     10      1      1    996    862
      2    154      5      1      6      3     13      3      1   1943   1095
      2    154      5      1      7      7      8      4      0   2744   2386
      2    154      5      1      8      2     16      8      0   1691   1809
      2    154      5      1      9      7      4      6      0   1937   1465
      2    154      5      1     10      4      5      6      0   3520   3286
      2    154      5      1     11      4      5      4      1   2474   2553
      2    154      5      1     12      6     16      4      0   1132   2099
      2    154      5      1     13      6     16      6      1    847   2167
      2    154      5      1     14      6      7      6      1   1521   2522
      2    154      5      1     15      3     14      3      1   1241   6028
      2    154      5      1     16      3     13      3      1   1159    765
      2    154      5      2      1      5     14      5      1   1262
      2    154      5      2      2      7      5      6      0   8612
      2    154      5      2      3      8      3      8      1   1262
      2    154      5      2      4      3      2      3      1   3679
      2    154      5      2      5      5      6      5      1   1031
      2    154      5      2      6      2      9      2      1   1196
      2    154      5      2      7      2      3      4      0   4731
      2    154      5      2      8      8     13      8      1    979
      2    154      5      2      9      3     12      1      0   2063
      2    154      5      2     10      4     12      2      0   2279
      2    154      5      2     11      7     16      4      0   1462
      2    154      5      2     12      1      3      1      1   5247
      2    154      5      2     13      6      6      6      1   5979
      2    154      5      2     14      1      1      1      1   2597
      2    154      5      2     15      4     16      2      0   1329
      2    154      5      2     16      6      5      6      1   5464
      2    154      6      1      1      7     15      4      0   1095   3841
      2    154      6      1      2      6     10      6      1   2074   1727
      2    154      6      1      3      3     14      1      0   1701   6300
      2    154      6      1      4      3      8      3      1    766   1502
      2    154      6      1      5      1      7      1      1    980   3624
      2    154      6      1      6      1     14      4      0   1470   1267
      2    154      6      1      7      1     14      1      1   1028   1226
      2    154      6      1      8      4     14      2      0    937   2292
      2    154      6      1      9      4     14      4      1    737   1151
      2    154      6      1     10      7     15      4      0   1096   2136
      2    154      6      1     11      4     15      4      1   1050   2595
      2    154      6      1     12      2     13      4      0   1900   1485
      2    154      6      1     13      4     14      4      1   1002   3866
      2    154      6      1     14      2     16      4      0   2333    923
      2    154      6      1     15      7     15      7      1   1523   2373
      2    154      6      1     16      2     16      2      1    892   7004
      2    154      6      2      1      3     11      1      0   3879
      2    154      6      2      2      6     15      6      1   3462
      2    154      6      2      3      1      6      1      1   1762
      2    154      6      2      4      3      7      3      1   2230
      2    154      6      2      5      6     11      6      1   1545
      2    154      6      2      6      5      4      5      1   1181
      2    154      6      2      7      4      9      2      0   4195
      2    154      6      2      8      4      1      4      1   4013
      2    154      6      2      9      1     11      4      0   2096
      2    154      6      2     10      7     13      4      0   1929
      2    154      6      2     11      8      8      8      1   2329
      2    154      6      2     12      2      1      2      1   1012
      2    154      6      2     13      8      4      8      1    931
      2    154      6      2     14      5     10      5      1   1180
      2    154      6      2     15      7      2      4      0   1448
      2    154      6      2     16      2     10      2      1   4429
      2    154      7      1      1      3     10      1      0    975   2702
      2    154      7      1      2      3      8      3      1   1066   1007
      2    154      7      1      3      7     10      4      0   1456   1232
      2    154      7      1      4      7     10      7      1    833    873
      2    154      7      1      5      7     15      7      1   1122    786
      2    154      7      1      6      1     16      1      1   3558   3083
      2    154      7      1      7      1     14      1      1   1578   1309
      2    154      7      1      8      7     10      7      1   1624   1478
      2    154      7      1      9      7     14      3      0   1032   1486
      2    154      7      1     10      7     15      7      1   1577   1574
      2    154      7      1     11      7     14      7      1   1135   1020
      2    154      7      1     12      6      7      6      1   1631   3242
      2    154      7      1     13      4      3      1      0    821   1563
      2    154      7      1     14      4      3      4      1    955   1000
      2    154      7      1     15      2     13      2      1   1122  14270
      2    154      7      1     16      1      2      1      1   5644   1855
      2    154      7      2      1      3      2      1      0   5096
      2    154      7      2      2      3      7      3      1   6429
      2    154      7      2      3      1     11      1      1   1263
      2    154      7      2      4      2      5      2      1    929
      2    154      7      2      5      7      2      7      1   1729
      2    154      7      2      6      8     13      8      1   1062
      2    154      7      2      7      2      4      2      1    945
      2    154      7      2      8      4     11      6      0   8396
      2    154      7      2      9      6      5      6      1   1662
      2    154      7      2     10      5      6      5      1   1131
      2    154      7      2     11      5     10      5      1   1979
      2    154      7      2     12      8     10      8      1   1379
      2    154      7      2     13      4     12      4      1   2612
      2    154      7      2     14      1      4      4      0   4696
      2    154      7      2     15      7     12      7      1   1263
      2    154      7      2     16      6      3      6      1   1796
      2    154      8      1      1      4     13      2      0    996    795
      2    154      8      1      2      5      8      5      1   1230   1008
      2    154      8      1      3      4      5      4      1   2599    907
      2    154      8      1      4      2      2      2      1    915   2348
      2    154      8      1      5      1     16      1      1   1362   1821
      2    154      8      1      6      1      9      1      1    764   2250
      2    154      8      1      7      4      3      1      0   1431   1685
      2    154      8      1      8      1      9      4      0    813    877
      2    154      8      1      9      4      3      4      1    986    821
      2    154      8      1     10      1      9      1      1    856   4193
      2    154      8      1     11      2      2      2      1    939   2786
      2    154      8      1     12      1     10      4      0   2313   1009
      2    154      8      1     13      1      7      1      1   1029   2200
      2    154      8      1     14      6      9      6      1    904   4659
      2    154      8      1     15      6     10      7      0   1078   2848
      2    154      8      1     16      7     15      7      1   1091   1727
      2    154      8      2      1      4      1      4      1   9929
      2    154      8      2      2      6     12      6      1   1479
      2    154      8      2      3      7      5      7      1   5063
      2    154      8      2      4      8      4      8      1   1229
      2    154      8      2      5      1      6      1      1   1079
      2    154      8      2      6      3     16      3      1   2696
      2    154      8      2      7      7      6      7      1   1614
      2    154      8      2      8      3     12      1      0   2296
      2    154      8      2      9      6     11      6      1   1045
      2    154      8      2     10      2      9      2      1   1281
      2    154      8      2     11      1      3      1      1   1496
      2    154      8      2     12      2     10      2      1   2930
      2    154      8      2     13      4     10      2      0   3930
      2    154      8      2     14      5     16      5      1   1362
      2    154      8      2     15      8      8      8      1   1097
      2    154      8      2     16      5     14      5      1   1062
      2    154      9      1      1      4      8      2      0    880    959
      2    154      9      1      2      4     15      4      1   1296   4403
      2    154      9      1      3      4     13      4      1    691   1611
      2    154      9      1      4      4     13      4      1    773   1115
      2    154      9      1      5      2     13      4      0    675    732
      2    154      9      1      6      4     14      4      1    946   1224
      2    154      9      1      7      7     10      7      1    750   8502
      2    154      9      1      8      3      9      3      1   1125   1478
      2    154      9      1      9      2     16      2      1   1104   2225
      2    154      9      1     10      3      6      1      0   1162   3128
      2    154      9      1     11      4     15      4      1   1108   4920
      2    154      9      1     12      4      5      4      1   1175   5929
      2    154      9      1     13      7      8      7      1   1112   5328
      2    154      9      1     14      4      8      1      0   1738    986
      2    154      9      1     15      4      8      4      1    730   1241
      2    154      9      1     16      4      8      4      1   1014   3110
      2    154      9      2      1      3     15      3      1   2213
      2    154      9      2      2      7     13      7      1   1429
      2    154      9      2      3      5      7      5      1   1146
      2    154      9      2      4      4      9      4      1   2112
      2    154      9      2      5      7     16      7      1   2279
      2    154      9      2      6      2      1      2      1    995
      2    154      9      2      7      8      2      8      1   1095
      2    154      9      2      8      6      6      6      1   1779
      2    154      9      2      9      8      3      8      1    912
      2    154      9      2     10      4     16      4      1   3046
      2    154      9      2     11      5      4      5      1   1146
      2    154      9      2     12      1      5      1      1   2563
      2    154      9      2     13      1      1      4      0   4729
      2    154      9      2     14      6     15      6      1   1046
      2    154      9      2     15      2      3      4      0  10047
      2    154      9      2     16      3     11      1      0   1062
