      1     35      1      1      1      8     14      8      1   3771
      1     35      1      1      2      1      7      7      0   5674
      1     35      1      1      3      6     12      3      0   2262
      1     35      1      1      4      5     10      5      1   3643
      1     35      1      1      5      3     16      2      0   4152
      1     35      1      1      6      2      3      4      0   2447
      1     35      1      1      7      7      2      7      1   4853
      1     35      1      1      8      8      5      8      1   2612
      1     35      1      1      9      3      6      6      0   4755
      1     35      1      1     10      5      4      5      1   1352
      1     35      1      1     11      6      5      4      0   2743
      1     35      1      1     12      1      9      2      0   1876
      1     35      1      1     13      2      5      2      1   1921
      1     35      1      1     14      4      1      3      0   1929
      1     35      1      1     15      7      7      6      0   1658
      1     35      1      1     16      4     10      1      0   1411
      1     35      1      2      1      6     10      1      0   4353
      1     35      1      2      2      7     14      6      0   3976
      1     35      1      2      3      5      6      5      1   2195
      1     35      1      2      4      4     11      2      0   1060
      1     35      1      2      5      2      1      4      0   1744
      1     35      1      2      6      1      2      3      0   3409
      1     35      1      2      7      2      6      5      0   1313
      1     35      1      2      8      3     15      6      0   1997
      1     35      1      2      9      5     14      5      1   1094
      1     35      1      2     10      8     15      8      1   1127
      1     35      1      2     11      3     14      7      0   3228
      1     35      1      2     12      6      7      4      0   2094
      1     35      1      2     13      4     12      3      0   2343
      1     35      1      2     14      8      4      8      1   1026
      1     35      1      2     15      1     10      8      0   2395
      1     35      1      2     16      7      4      6      0   1927
      1     35      2      1      1      2      8      2      1   1860
      1     35      2      1      2      8      8      3      0    903
      1     35      2      1      3      4     13      6      0   1288
      1     35      2      1      4      6      9      4      0    684
      1     35      2      1      5      4      8      1      0   1347
      1     35      2      1      6      1      1      3      0   1565
      1     35      2      1      7      2     10      6      0   1342
      1     35      2      1      8      3     10      3      1    881
      1     35      2      1      9      6      3      7      0   2170
      1     35      2      1     10      5      8      5      1    977
      1     35      2      1     11      3      7      3      1   2105
      1     35      2      1     12      7     15      4      0   1341
      1     35      2      1     13      7      5      4      0    929
      1     35      2      1     14      5      2      5      1    839
      1     35      2      1     15      8     16      3      0    657
      1     35      2      1     16      1      6      2      0    910
      1     35      2      2      1      2     14      8      0   2130
      1     35      2      2      2      3     13      3      1   3628
      1     35      2      2      3      5      7      5      1   1395
      1     35      2      2      4      4      5      7      0   2447
      1     35      2      2      5      1     11      1      1   2476
      1     35      2      2      6      7      8      7      1   2679
      1     35      2      2      7      8     13      8      1   1244
      1     35      2      2      8      5     11      5      1    893
      1     35      2      2      9      8     10      8      1   1710
      1     35      2      2     10      2      2      6      0   5578
      1     35      2      2     11      6     13      4      0   1778
      1     35      2      2     12      3     11      6      0   2427
      1     35      2      2     13      6      8      1      0   1348
      1     35      2      2     14      7      6      7      1   1161
      1     35      2      2     15      1     14      4      0    996
      1     35      2      2     16      4      9      4      1   1177
      1     35      3      1      1      7     16      4      0   1158
      1     35      3      1      2      2     16      6      0   1107
      1     35      3      1      3      2     13      2      1   1061
      1     35      3      1      4      1      3      2      0    763
      1     35      3      1      5      8      6      8      1   2143
      1     35      3      1      6      4     14      3      0   1007
      1     35      3      1      7      8      9      8      1   1193
      1     35      3      1      8      3      8      1      0   3209
      1     35      3      1      9      1      4      1      1   2675
      1     35      3      1     10      4      3      7      0   2647
      1     35      3      1     11      7     10      7      1   1291
      1     35      3      1     12      6     15      6      1   2632
      1     35      3      1     13      6     16      3      0   1945
      1     35      3      1     14      3     12      7      0   8994
      1     35      3      1     15      5     16      5      1   1176
      1     35      3      1     16      5      5      5      1   1178
      1     35      3      2      1      8      2      8      1   1180
      1     35      3      2      2      2      9      1      0   7480
      1     35      3      2      3      1     16      3      0   6515
      1     35      3      2      4      3      9      3      1    811
      1     35      3      2      5      2      4      2      1   3428
      1     35      3      2      6      5      9      5      1    930
      1     35      3      2      7      7     13      7      1   2061
      1     35      3      2      8      8      3      8      1    963
      1     35      3      2      9      1      5      3      0   1179
      1     35      3      2     10      6     11      6      1   2427
      1     35      3      2     11      5     12      5      1   1011
      1     35      3      2     12      3      2      3      1    911
      1     35      3      2     13      6      6      7      0   1680
      1     35      3      2     14      7     12      7      1   2260
      1     35      3      2     15      4     15      4      1    713
      1     35      3      2     16      4     16      4      1    962
      1     35      4      1      1      8      5      8      1    927
      1     35      4      1      2      4     14      2      0    959
      1     35      4      1      3      2     10      3      0   1428
      1     35      4      1      4      5     16      5      1   1218
      1     35      4      1      5      1      9      1      1   1624
      1     35      4      1      6      3      6      3      1   1239
      1     35      4      1      7      3     16      3      1   2435
      1     35      4      1      8      1      7      3      0   1145
      1     35      4      1      9      6     16      6      1   1292
      1     35      4      1     10      7     10      4      0   1041
      1     35      4      1     11      5      4      5      1    984
      1     35      4      1     12      2     13      2      1    994
      1     35      4      1     13      4      8      4      1   1626
      1     35      4      1     14      7      5      7      1   1293
      1     35      4      1     15      8     16      8      1    901
      1     35      4      1     16      6     15      1      0   1321
      1     35      4      2      1      8     10      8      1   1280
      1     35      4      2      2      1     16      1      1   3160
      1     35      4      2      3      3      9      3      1   1028
      1     35      4      2      4      1      2      1      1   4694
      1     35      4      2      5      3      2      3      1    811
      1     35      4      2      6      8      3      8      1   1228
      1     35      4      2      7      4      9      4      1   1496
      1     35      4      2      8      5     11      5      1   1230
      1     35      4      2      9      5     12      5      1   1180
      1     35      4      2     10      2     14      4      0   1511
      1     35      4      2     11      6      6      6      1   1411
      1     35      4      2     12      2      2      2      1   1111
      1     35      4      2     13      7      8      4      0   1578
      1     35      4      2     14      4     15      7      0   2861
      1     35      4      2     15      7     12      7      1   3376
      1     35      4      2     16      6     11      6      1   1547
      1     35      5      1      1      4     13      1      0   1145
      1     35      5      1      2      3     12      3      1   2390
      1     35      5      1      3      2      5      2      1    834
      1     35      5      1      4      3      7      3      1   2485
      1     35      5      1      5      7      2      7      1   1886
      1     35      5      1      6      1      3      2      0    692
      1     35      5      1      7      7     16      2      0    911
      1     35      5      1      8      5      5      5      1    919
      1     35      5      1      9      4     10      4      1   1340
      1     35      5      1     10      6     12      6      1   1205
      1     35      5      1     11      6      3      6      1   1176
      1     35      5      1     12      1      6      1      1   1031
      1     35      5      1     13      8      6      8      1    644
      1     35      5      1     14      2      3      2      1   2845
      1     35      5      1     15      5      2      5      1   1127
      1     35      5      1     16      8     14      8      1    780
      1     35      5      2      1      2      6      2      1   1513
      1     35      5      2      2      5     14      5      1   1011
      1     35      5      2      3      4      5      7      0   1713
      1     35      5      2      4      8      4      8      1    928
      1     35      5      2      5      7     14      6      0   2511
      1     35      5      2      6      8      2      8      1    943
      1     35      5      2      7      4     16      4      1   1894
      1     35      5      2      8      5      6      5      1   1078
      1     35      5      2      9      2      9      2      1    813
      1     35      5      2     10      3     13      3      1   1145
      1     35      5      2     11      3     14      3      1    645
      1     35      5      2     12      6     13      6      1   1028
      1     35      5      2     13      7      4      7      1   1413
      1     35      5      2     14      1     10      1      1   2077
      1     35      5      2     15      1     11      1      1    812
      1     35      5      2     16      6      7      6      1    978
      1     35      6      1      1      1      1      3      0   1125
      1     35      6      1      2      1      4      3      0   2506
      1     35      6      1      3      2     16      2      1   1031
      1     35      6      1      4      3      8      3      1    942
      1     35      6      1      5      5      8      5      1   1042
      1     35      6      1      6      7     15      7      1   1020
      1     35      6      1      7      7      7      7      1   2006
      1     35      6      1      8      8      9      8      1    836
      1     35      6      1      9      4      1      7      0   1193
      1     35      6      1     10      8      8      8      1   1074
      1     35      6      1     11      6      9      6      1   1075
      1     35      6      1     12      2      8      2      1    859
      1     35      6      1     13      5     10      5      1   1320
      1     35      6      1     14      6      5      6      1   1162
      1     35      6      1     15      4      3      1      0   1176
      1     35      6      1     16      3     10      3      1    754
      1     35      6      2      1      8     13      8      1   1730
      1     35      6      2      2      2      4      2      1   1160
      1     35      6      2      3      7      6      7      1   1678
      1     35      6      2      4      6     10      6      1    978
      1     35      6      2      5      3     11      3      1   3045
      1     35      6      2      6      2      1      2      1   1511
      1     35      6      2      7      5      9      5      1    877
      1     35      6      2      8      8     15      8      1    980
      1     35      6      2      9      1     14      1      1   1196
      1     35      6      2     10      3     15      3      1   5494
      1     35      6      2     11      5      7      5      1    944
      1     35      6      2     12      1      5      1      1   2612
      1     35      6      2     13      7     13      7      1   1211
      1     35      6      2     14      6      8      6      1   1114
      1     35      6      2     15      4     12      4      1   2627
      1     35      6      2     16      4     11      4      1    994
      1     35      7      1      1      5      5      5      1   1128
      1     35      7      1      2      6     12      6      1   1049
      1     35      7      1      3      7      7      1      0   1184
      1     35      7      1      4      1      4      1      1    990
      1     35      7      1      5      6      3      6      1    943
      1     35      7      1      6      4      8      4      1   1395
      1     35      7      1      7      3      8      3      1    790
      1     35      7      1      8      8      5      8      1    843
      1     35      7      1      9      2     13      2      1    768
      1     35      7      1     10      4      3      4      1   2962
      1     35      7      1     11      3     16      3      1    932
      1     35      7      1     12      7      2      7      1    852
      1     35      7      1     13      2      8      2      1    720
      1     35      7      1     14      5     10      5      1   1046
      1     35      7      1     15      8      9      8      1   1283
      1     35      7      1     16      1      9      1      1   1969
      1     35      7      2      1      8      2      8      1   1030
      1     35      7      2      2      6      7      6      1   1911
      1     35      7      2      3      1     11      1      1   1161
      1     35      7      2      4      4     11      4      1   1811
      1     35      7      2      5      3     11      3      1    795
      1     35      7      2      6      1      5      1      1    895
      1     35      7      2      7      6      8      6      1   1095
      1     35      7      2      8      2     14      4      0   1578
      1     35      7      2      9      5     14      5      1   1095
      1     35      7      2     10      8      3      8      1   1163
      1     35      7      2     11      5      7      5      1    928
      1     35      7      2     12      3      9      3      1   1394
      1     35      7      2     13      4     16      2      0   3827
      1     35      7      2     14      7      4      7      1   2128
      1     35      7      2     15      2      6      2      1   1360
      1     35      7      2     16      7     12      3      0    728
      1     35      8      1      1      4     13      4      1   1651
      1     35      8      1      2      3      6      3      1   1012
      1     35      8      1      3      6     15      6      1   1791
      1     35      8      1      4      6     16      6      1   1063
      1     35      8      1      5      8      6      8      1   1032
      1     35      8      1      6      5     16      5      1   1111
      1     35      8      1      7      4      1      3      0   4289
      1     35      8      1      8      8     14      8      1   1042
      1     35      8      1      9      1      6      1      1   1407
      1     35      8      1     10      3     12      8      0   1282
      1     35      8      1     11      2      5      2      1    768
      1     35      8      1     12      2     10      2      1    971
      1     35      8      1     13      7     10      7      1   1358
      1     35      8      1     14      5      2      5      1   1196
      1     35      8      1     15      1      7      3      0    852
      1     35      8      1     16      7      5      7      1   2072
      1     35      8      2      1      2      9      2      1   1780
      1     35      8      2      2      3     14      3      1   1013
      1     35      8      2      3      3      2      3      1   1312
      1     35      8      2      4      5      9      5      1    945
      1     35      8      2      5      4      9      4      1   5014
      1     35      8      2      6      1     16      3      0   1944
      1     35      8      2      7      4     15      4      1   1645
      1     35      8      2      8      6      6      6      1   1111
      1     35      8      2      9      7     14      7      1   1579
      1     35      8      2     10      7     13      7      1    827
      1     35      8      2     11      8     13      8      1    911
      1     35      8      2     12      2      1      2      1    894
      1     35      8      2     13      8     15      8      1    928
      1     35      8      2     14      6     13      6      1   1311
      1     35      8      2     15      1      2      1      1   3411
      1     35      8      2     16      5      6      5      1    945
      1     35      9      1      1      3      7      3      1    980
      1     35      9      1      2      1      1      4      0   1760
      1     35      9      1      3      8      8      8      1   1331
      1     35      9      1      4      6      5      6      1   1063
      1     35      9      1      5      8     16      8      1   1070
      1     35      9      1      6      7     16      7      1    826
      1     35      9      1      7      7     15      7      1   1151
      1     35      9      1      8      4     10      4      1   2061
      1     35      9      1      9      1      3      1      1   1092
      1     35      9      1     10      2     16      2      1    923
      1     35      9      1     11      3     10      3      1   1154
      1     35      9      1     12      6      9      6      1   1081
      1     35      9      1     13      2      3      1      0    930
      1     35      9      1     14      4     14      2      0    929
      1     35      9      1     15      5      4      5      1   1002
      1     35      9      1     16      5      8      5      1   1040
      1     35      9      2      1      6     11      6      1   1597
      1     35      9      2      2      3     13      3      1   1127
      1     35      9      2      3      7      8      4      0   2928
      1     35      9      2      4      8     10      8      1    861
      1     35      9      2      5      5     11      5      1   1062
      1     35      9      2      6      4      5      4      1   2180
      1     35      9      2      7      5     12      5      1    931
      1     35      9      2      8      7      6      7      1   1161
      1     35      9      2      9      3     15      1      0   2844
      1     35      9      2     10      2      2      1      0   1978
      1     35      9      2     11      1     10      3      0   1462
      1     35      9      2     12      4     12      4      1   2411
      1     35      9      2     13      2      4      2      1   1044
      1     35      9      2     14      8      4      8      1    830
      1     35      9      2     15      6     10      6      1    945
      1     35      9      2     16      1     14      1      1   4097
