      1    190      1      1      1      8      8      8      1   3914
      1    190      1      1      2      3      8      5      0   4277
      1    190      1      1      3      5      6      5      1   4696
      1    190      1      1      4      5      8      2      0   2089
      1    190      1      1      5      7      4      3      0   2681
      1    190      1      1      6      2      8      2      1   3490
      1    190      1      1      7      4     10      7      0   3251
      1    190      1      1      8      1      2      8      0   2819
      1    190      1      1      9      8     14      4      0   2645
      1    190      1      1     10      4     14      6      0   2792
      1    190      1      1     11      6      7      5      0   2542
      1    190      1      1     12      6      8      5      0   1463
      1    190      1      1     13      2     13      8      0   3042
      1    190      1      1     14      3      2      8      0   5480
      1    190      1      1     15      7      7      6      0   2282
      1    190      1      1     16      1      4      4      0   3713
      1    190      1      2      1      1     11      7      0   5568
      1    190      1      2      2      7      5      1      0   5292
      1    190      1      2      3      5     10      5      1   1409
      1    190      1      2      4      2     16      4      0   3528
      1    190      1      2      5      3     16      3      1   1395
      1    190      1      2      6      6     16      2      0   1960
      1    190      1      2      7      7      2      7      1   2875
      1    190      1      2      8      4      3      3      0   1963
      1    190      1      2      9      2     10      2      1   1608
      1    190      1      2     10      6     10      5      0   1725
      1    190      1      2     11      8     15      8      1   2226
      1    190      1      2     12      8     13      8      1   1142
      1    190      1      2     13      1      6      3      0   1358
      1    190      1      2     14      4     12      6      0   3146
      1    190      1      2     15      3     11      3      1   1392
      1    190      1      2     16      5     11      5      1   1125
      1    190      2      1      1      5      7      5      1    985
      1    190      2      1      2      7      6      3      0   1311
      1    190      2      1      3      3     13      3      1   2503
      1    190      2      1      4      7      8      6      0   2893
      1    190      2      1      5      1     16      6      0   4526
      1    190      2      1      6      6      5      5      0   1547
      1    190      2      1      7      4     11      2      0   2281
      1    190      2      1      8      8      2      8      1   1093
      1    190      2      1      9      3      6      3      1   2062
      1    190      2      1     10      2      5      2      1   1846
      1    190      2      1     11      6     11      1      0   3032
      1    190      2      1     12      1     14      3      0   1991
      1    190      2      1     13      5      4      5      1   1147
      1    190      2      1     14      8      9      8      1   1015
      1    190      2      1     15      2      2      2      1   1760
      1    190      2      1     16      4      8      1      0   3220
      1    190      2      2      1      1      9      4      0   7247
      1    190      2      2      2      2      3      2      1   2208
      1    190      2      2      3      8      4      8      1    996
      1    190      2      2      4      7     15      3      0   1208
      1    190      2      2      5      5     16      5      1   1108
      1    190      2      2      6      3     12      3      1   1660
      1    190      2      2      7      1      1      2      0   2796
      1    190      2      2      8      4      1      4      1   1693
      1    190      2      2      9      6      3      6      1   4875
      1    190      2      2     10      4     16      2      0   2042
      1    190      2      2     11      8      3      8      1   1079
      1    190      2      2     12      3     10      3      1   1393
      1    190      2      2     13      2      6      2      1   3026
      1    190      2      2     14      6      6      7      0   4209
      1    190      2      2     15      5      9      5      1   1259
      1    190      2      2     16      7     13      3      0   1460
      1    190      3      1      1      7     12      3      0   7361
      1    190      3      1      2      4      9      1      0   2383
      1    190      3      1      3      1      7      7      0   1873
      1    190      3      1      4      6     12      6      1   3440
      1    190      3      1      5      2      1      2      1   1402
      1    190      3      1      6      5     12      5      1   1641
      1    190      3      1      7      2     14      8      0   1453
      1    190      3      1      8      8      6      8      1    823
      1    190      3      1      9      3      7      7      0   2975
      1    190      3      1     10      4     15      7      0   1804
      1    190      3      1     11      7     16      3      0   2334
      1    190      3      1     12      6     13      6      1   1527
      1    190      3      1     13      8     16      8      1    961
      1    190      3      1     14      1      5      3      0   1362
      1    190      3      1     15      3      9      4      0   2934
      1    190      3      1     16      5      5      5      1   1032
      1    190      3      2      1      3     14      1      0   5730
      1    190      3      2      2      5     14      5      1   1178
      1    190      3      2      3      5      2      5      1   1242
      1    190      3      2      4      8      5      8      1   1176
      1    190      3      2      5      7     10      3      0   1626
      1    190      3      2      6      1     10      2      0   2410
      1    190      3      2      7      2      4      2      1   1060
      1    190      3      2      8      7     14      1      0   3879
      1    190      3      2      9      3     15      3      1   2424
      1    190      3      2     10      2      9      2      1    779
      1    190      3      2     11      4      5      1      0   3262
      1    190      3      2     12      1      3      1      1   2709
      1    190      3      2     13      4     13      4      1   2042
      1    190      3      2     14      6     15      4      0   5809
      1    190      3      2     15      8     10      1      0   2680
      1    190      3      2     16      6      9      6      1   4363
      1    190      4      1      1      7     16      3      0   1766
      1    190      4      1      2      4     10      2      0   1451
      1    190      4      1      3      6     12      6      1   2899
      1    190      4      1      4      5     12      5      1    872
      1    190      4      1      5      2     13      2      1    944
      1    190      4      1      6      7      7      3      0   1342
      1    190      4      1      7      5      8      5      1   1291
      1    190      4      1      8      4     11      2      0   1468
      1    190      4      1      9      3      9      1      0   2610
      1    190      4      1     10      3      8      3      1   2014
      1    190      4      1     11      8      8      4      0   1984
      1    190      4      1     12      8     16      8      1   1104
      1    190      4      1     13      1     16      7      0   2534
      1    190      4      1     14      1     14      1      1   1053
      1    190      4      1     15      6      7      7      0   6081
      1    190      4      1     16      2      2      2      1    940
      1    190      4      2      1      7      5      6      0   3849
      1    190      4      2      2      3     16      3      1   2013
      1    190      4      2      3      2     16      4      0   3196
      1    190      4      2      4      2      6      2      1   2046
      1    190      4      2      5      8     10      8      1   1460
      1    190      4      2      6      4      5      7      0   2977
      1    190      4      2      7      3     10      3      1   1509
      1    190      4      2      8      1      6      1      1   2646
      1    190      4      2      9      7     15      3      0   5775
      1    190      4      2     10      4      1      6      0   1626
      1    190      4      2     11      5     14      5      1    876
      1    190      4      2     12      5      2      5      1   1176
      1    190      4      2     13      6     10      6      1   4860
      1    190      4      2     14      1      9      2      0   2411
      1    190      4      2     15      8      5      8      1   1043
      1    190      4      2     16      6      6      1      0   2176
      1    190      5      1      1      3      7      1      0   2063
      1    190      5      1      2      8     14      8      1    786
      1    190      5      1      3      3      6      3      1   2504
      1    190      5      1      4      6     13      4      0   1416
      1    190      5      1      5      5      7      5      1    866
      1    190      5      1      6      5      4      5      1   1213
      1    190      5      1      7      6      5      5      0   1573
      1    190      5      1      8      1      2      4      0   1589
      1    190      5      1      9      7      4      1      0   1268
      1    190      5      1     10      7     12      3      0   1539
      1    190      5      1     11      8      9      8      1    940
      1    190      5      1     12      1      4      6      0   3115
      1    190      5      1     13      4     15      3      0   3496
      1    190      5      1     14      2      8      2      1   1072
      1    190      5      1     15      4     14      1      0   3998
      1    190      5      1     16      2      1      2      1    877
      1    190      5      2      1      8      4      8      1    813
      1    190      5      2      2      2      4      2      1   1062
      1    190      5      2      3      6      3      6      1   4176
      1    190      5      2      4      1     11      4      0   2762
      1    190      5      2      5      1     10      4      0   2308
      1    190      5      2      6      4     16      6      0   8675
      1    190      5      2      7      3     11      3      1   1308
      1    190      5      2      8      6      9      7      0   4125
      1    190      5      2      9      4      3      7      0   3545
      1    190      5      2     10      7      2      6      0   1726
      1    190      5      2     11      5     16      5      1    979
      1    190      5      2     12      3     12      3      1   2862
      1    190      5      2     13      8     13      8      1   1346
      1    190      5      2     14      5      9      5      1   1092
      1    190      5      2     15      7     13      7      1   4592
      1    190      5      2     16      2     10      4      0   4058
      1    190      6      1      1      8      6      8      1    840
      1    190      6      1      2      2     14      8      0   1095
      1    190      6      1      3      2      5      2      1    870
      1    190      6      1      4      7      6      3      0   2112
      1    190      6      1      5      5      5      5      1   1025
      1    190      6      1      6      3     13      3      1   1064
      1    190      6      1      7      4      9      4      1   3625
      1    190      6      1      8      1      5      7      0   1603
      1    190      6      1      9      8      2      8      1    881
      1    190      6      1     10      4      8      2      0   2394
      1    190      6      1     11      6      8      1      0   3098
      1    190      6      1     12      1      7      7      0   1981
      1    190      6      1     13      7      8      3      0   1826
      1    190      6      1     14      6     11      6      1   4857
      1    190      6      1     15      3      2      3      1   1186
      1    190      6      1     16      5      6      5      1   1099
      1    190      6      2      1      3     15      3      1   1396
      1    190      6      2      2      5     10      5      1   1295
      1    190      6      2      3      7     14      2      0   1042
      1    190      6      2      4      3     14      4      0    679
      1    190      6      2      5      1      3      2      0    795
      1    190      6      2      6      6     15      6      1   2911
      1    190      6      2      7      8     15      8      1   1309
      1    190      6      2      8      2      3      2      1   1179
      1    190      6      2      9      4     13      4      1   1776
      1    190      6      2     10      2      9      2      1    896
      1    190      6      2     11      7     10      1      0   2329
      1    190      6      2     12      8      3      8      1    979
      1    190      6      2     13      1      1      4      0   1746
      1    190      6      2     14      5     11      5      1    977
      1    190      6      2     15      4     12      2      0    975
      1    190      6      2     16      6     16      6      1   1443
      1    190      7      1      1      1     16      4      0    623
      1    190      7      1      2      7      8      6      0   1243
      1    190      7      1      3      5      4      5      1    891
      1    190      7      1      4      7      7      1      0   2056
      1    190      7      1      5      8     16      8      1    973
      1    190      7      1      6      4      8      4      1   1990
      1    190      7      1      7      5      8      5      1    834
      1    190      7      1      8      6     11      1      0   2723
      1    190      7      1      9      2      1      2      1    811
      1    190      7      1     10      3      2      3      1    728
      1    190      7      1     11      3      9      3      1    976
      1    190      7      1     12      4     11      2      0   1087
      1    190      7      1     13      8     14      8      1    876
      1    190      7      1     14      6      8      6      1   1652
      1    190      7      1     15      1     14      1      1   1646
      1    190      7      1     16      2     13      2      1    986
      1    190      7      2      1      5     14      5      1   1195
      1    190      7      2      2      2      9      2      1    793
      1    190      7      2      3      3     16      3      1   1542
      1    190      7      2      4      4      5      7      0   1959
      1    190      7      2      5      6      6      6      1   2229
      1    190      7      2      6      5     11      5      1    793
      1    190      7      2      7      2      3      4      0   1811
      1    190      7      2      8      7      2      6      0   3024
      1    190      7      2      9      8     10      8      1    992
      1    190      7      2     10      3     10      3      1   1143
      1    190      7      2     11      6      9      1      0   4013
      1    190      7      2     12      8      3      8      1   1259
      1    190      7      2     13      7      5      4      0   2910
      1    190      7      2     14      1     10      4      0   2229
      1    190      7      2     15      1      1      3      0   1542
      1    190      7      2     16      4     16      1      0   4543
      1    190      8      1      1      1      4      3      0   1175
      1    190      8      1      2      7      6      6      0   2067
      1    190      8      1      3      3     13      3      1    949
      1    190      8      1      4      2      2      2      1    774
      1    190      8      1      5      1      7      3      0    897
      1    190      8      1      6      5     12      5      1   1070
      1    190      8      1      7      8      8      4      0   1139
      1    190      8      1      8      3      7      3      1   1690
      1    190      8      1      9      4     14      6      0   2020
      1    190      8      1     10      6     12      6      1   1587
      1    190      8      1     11      6     13      1      0   1423
      1    190      8      1     12      5      6      5      1    936
      1    190      8      1     13      2     14      4      0   1287
      1    190      8      1     14      7     16      6      0   4145
      1    190      8      1     15      8      6      8      1    878
      1    190      8      1     16      4      9      4      1   2709
      1    190      8      2      1      3     14      3      1   1747
      1    190      8      2      2      6     15      6      1   1192
      1    190      8      2      3      8     15      8      1   1075
      1    190      8      2      4      1      6      3      0   3539
      1    190      8      2      5      1      9      2      0    875
      1    190      8      2      6      5      2      5      1   1009
      1    190      8      2      7      7     15      7      1   3043
      1    190      8      2      8      5     10      5      1    926
      1    190      8      2      9      2     10      2      1    913
      1    190      8      2     10      8      5      8      1   1059
      1    190      8      2     11      7     13      6      0   2644
      1    190      8      2     12      2      6      2      1   3362
      1    190      8      2     13      6     10      1      0   2010
      1    190      8      2     14      4      1      4      1   1210
      1    190      8      2     15      3     15      3      1   2459
      1    190      8      2     16      4      3      2      0   2362
      1    190      9      1      1      6      5      5      0   1016
      1    190      9      1      2      8      2      8      1   1189
      1    190      9      1      3      1      2      4      0   2157
      1    190      9      1      4      5      7      5      1   1360
      1    190      9      1      5      3      8      3      1   1067
      1    190      9      1      6      5      5      5      1   1009
      1    190      9      1      7      6      7      6      1   1961
      1    190      9      1      8      1      5      7      0   2329
      1    190      9      1      9      2      5      2      1    933
      1    190      9      1     10      4     10      4      1   1282
      1    190      9      1     11      8      9      8      1   1590
      1    190      9      1     12      3      6      3      1   3399
      1    190      9      1     13      4     15      7      0   1685
      1    190      9      1     14      7      4      6      0   2335
      1    190      9      1     15      7     12      3      0    985
      1    190      9      1     16      2      8      2      1   1076
      1    190      9      2      1      4     12      4      1   3611
      1    190      9      2      2      3     12      3      1    909
      1    190      9      2      3      3     11      3      1    960
      1    190      9      2      4      7     14      7      1   1942
      1    190      9      2      5      8      4      8      1   1096
      1    190      9      2      6      5     16      5      1   1077
      1    190      9      2      7      6     16      6      1   3076
      1    190      9      2      8      1     11      4      0   1760
      1    190      9      2      9      7     10      7      1   2262
      1    190      9      2     10      2      4      2      1   1063
      1    190      9      2     11      8     13      8      1   1059
      1    190      9      2     12      6      3      1      0   1261
      1    190      9      2     13      2     16      4      0   2691
      1    190      9      2     14      5      9      5      1   1292
      1    190      9      2     15      4     13      6      0   4159
      1    190      9      2     16      1      3      4      0   1429
