      1     67      1      1      1      5      2      5      1   4111
      1     67      1      1      2      8      9      8      1   2313
      1     67      1      1      3      1     11      4      0   4931
      1     67      1      1      4      4      5      6      0   5585
      1     67      1      1      5      2      8      4      0   4786
      1     67      1      1      6      2     14      8      0   2477
      1     67      1      1      7      7      2      4      0   1730
      1     67      1      1      8      1      5      4      0   1628
      1     67      1      1      9      5      5      5      1   2267
      1     67      1      1     10      3      6      1      0   6334
      1     67      1      1     11      3     11      3      1   2195
      1     67      1      1     12      4     12      4      1   3086
      1     67      1      1     13      8     14      8      1   2137
      1     67      1      1     14      6     12      7      0   3818
      1     67      1      1     15      7     10      3      0   5028
      1     67      1      1     16      6     13      4      0   4820
      1     67      1      2      1      8     10      8      1   3474
      1     67      1      2      2      6      5      6      1   5617
      1     67      1      2      3      3      7      7      0   4517
      1     67      1      2      4      4      3      4      1   3450
      1     67      1      2      5      1      3      1      1   6267
      1     67      1      2      6      5      7      5      1   3147
      1     67      1      2      7      2     16      2      1   3100
      1     67      1      2      8      8      5      8      1   2415
      1     67      1      2      9      4     13      4      1   7092
      1     67      1      2     10      1      6      7      0   4068
      1     67      1      2     11      3     14      6      0   3033
      1     67      1      2     12      7     15      7      1   3514
      1     67      1      2     13      2      6      5      0   4618
      1     67      1      2     14      6     10      3      0   4151
      1     67      1      2     15      5     12      5      1   1544
      1     67      1      2     16      7      5      1      0   3079
      1     67      2      1      1      4     16      4      1   3917
      1     67      2      1      2      2     13      4      0   1836
      1     67      2      1      3      6      7      3      0   2324
      1     67      2      1      4      3     16      7      0   2536
      1     67      2      1      5      2      2      2      1   1370
      1     67      2      1      6      8     16      8      1   1813
      1     67      2      1      7      5     14      5      1   1191
      1     67      2      1      8      7     13      7      1   2987
      1     67      2      1      9      3     13      6      0   2647
      1     67      2      1     10      1     10      1      1   4349
      1     67      2      1     11      1      9      6      0   4170
      1     67      2      1     12      8      2      8      1   1666
      1     67      2      1     13      4      8      1      0   4347
      1     67      2      1     14      7     14      6      0   3337
      1     67      2      1     15      5      9      5      1   1056
      1     67      2      1     16      6     16      1      0   4478
      1     67      2      2      1      4     11      4      1   8942
      1     67      2      2      2      8     13      8      1   1432
      1     67      2      2      3      2      4      2      1   2731
      1     67      2      2      4      3      9      6      0   5119
      1     67      2      2      5      3     15      6      0   1214
      1     67      2      2      6      4     10      4      1   7951
      1     67      2      2      7      6      8      3      0   1916
      1     67      2      2      8      7      6      3      0   2116
      1     67      2      2      9      2      1      2      1   1615
      1     67      2      2     10      6      9      3      0   4535
      1     67      2      2     11      5     16      5      1   1279
      1     67      2      2     12      8      4      8      1   1027
      1     67      2      2     13      7      4      3      0   2098
      1     67      2      2     14      1     16      6      0   6536
      1     67      2      2     15      1      4      1      1   3201
      1     67      2      2     16      5      6      5      1   1781
      1     67      3      1      1      5      8      5      1   1087
      1     67      3      1      2      7      8      7      1   1801
      1     67      3      1      3      3     12      6      0   2208
      1     67      3      1      4      6      6      3      0   2015
      1     67      3      1      5      8      8      8      1   1405
      1     67      3      1      6      4     15      1      0   5549
      1     67      3      1      7      1     14      1      1   2524
      1     67      3      1      8      1      7      6      0   4026
      1     67      3      1      9      4     14      4      1  11554
      1     67      3      1     10      3      8      6      0   4330
      1     67      3      1     11      7     16      4      0   1759
      1     67      3      1     12      5      4      5      1   1223
      1     67      3      1     13      6      3      7      0   7519
      1     67      3      1     14      2     10      2      1   1807
      1     67      3      1     15      8      6      8      1   1133
      1     67      3      1     16      2      5      2      1   1773
      1     67      3      2      1      5     10      5      1   1817
      1     67      3      2      2      2      9      2      1   2933
      1     67      3      2      3      7      7      7      1   8822
      1     67      3      2      4      3      2      3      1   4000
      1     67      3      2      5      6     11      6      1   2949
      1     67      3      2      6      6     15      6      1   1298
      1     67      3      2      7      8     15      8      1    997
      1     67      3      2      8      1      1      1      1   7104
      1     67      3      2      9      3     10      3      1   3713
      1     67      3      2     10      4      9      2      0   6136
      1     67      3      2     11      4      1      6      0   2546
      1     67      3      2     12      7     12      7      1   2433
      1     67      3      2     13      5     11      5      1   1049
      1     67      3      2     14      1      2      1      1   5398
      1     67      3      2     15      2      3      1      0   7354
      1     67      3      2     16      8      3      8      1   1099
      1     67      4      1      1      1     14      1      1   6064
      1     67      4      1      2      5     14      5      1   1001
      1     67      4      1      3      6     13      6      1  10955
      1     67      4      1      4      7     16      7      1   4600
      1     67      4      1      5      6     12      3      0   5663
      1     67      4      1      6      8      2      8      1   1084
      1     67      4      1      7      4     14      4      1   4090
      1     67      4      1      8      1      9      1      1   3495
      1     67      4      1      9      2     10      2      1   2130
      1     67      4      1     10      4      5      7      0   5666
      1     67      4      1     11      3     13      3      1   1711
      1     67      4      1     12      7     10      7      1   1849
      1     67      4      1     13      3     12      3      1   1977
      1     67      4      1     14      8      8      8      1    969
      1     67      4      1     15      2      8      2      1   1696
      1     67      4      1     16      5      5      5      1   1846
      1     67      4      2      1      1      6      1      1   2549
      1     67      4      2      2      5     12      5      1   1348
      1     67      4      2      3      7      4      6      0  22798
      1     67      4      2      4      2      6      2      1   1398
      1     67      4      2      5      8     15      8      1   1192
      1     67      4      2      6      6     15      6      1  24972
      1     67      4      2      7      6     11      6      1   1131
      1     67      4      2      8      2      3      1      0   5385
      1     67      4      2      9      3     14      3      1   1231
      1     67      4      2     10      5      6      5      1   1415
      1     67      4      2     11      4     11      4      1   2094
      1     67      4      2     12      3     15      3      1   1715
      1     67      4      2     13      7     15      7      1   1661
      1     67      4      2     14      4     13      4      1   4634
      1     67      4      2     15      1     16      1      1   4669
      1     67      4      2     16      8      5      8      1   1149
      1     67      5      1      1      7     13      7      1    996
      1     67      5      1      2      6      6      6      1   1120
      1     67      5      1      3      1      7      1      1   6523
      1     67      5      1      4      4     12      4      1   1839
      1     67      5      1      5      3     16      1      0   4453
      1     67      5      1      6      2     14      8      0   4177
      1     67      5      1      7      2      5      2      1   1361
      1     67      5      1      8      1      5      1      1   1919
      1     67      5      1      9      5      2      5      1  10119
      1     67      5      1     10      8      9      8      1   1221
      1     67      5      1     11      3      6      1      0   4714
      1     67      5      1     12      6      3      6      1   1666
      1     67      5      1     13      5      9      5      1   1167
      1     67      5      1     14      4     15      4      1   6354
      1     67      5      1     15      7     14      7      1   3119
      1     67      5      1     16      8     16      2      0   2169
      1     67      5      2      1      6      9      6      1   4319
      1     67      5      2      2      6      5      6      1   1649
      1     67      5      2      3      5     16      5      1   1164
      1     67      5      2      4      7      5      7      1   1493
      1     67      5      2      5      3      9      3      1   1361
      1     67      5      2      6      2      1      2      1   5233
      1     67      5      2      7      8     10      8      1   1177
      1     67      5      2      8      2      4      2      1   1032
      1     67      5      2      9      4      9      4      1   9452
      1     67      5      2     10      8      3      8      1   1766
      1     67      5      2     11      5     11      5      1   1312
      1     67      5      2     12      7     12      7      1   1466
      1     67      5      2     13      3      7      3      1   1014
      1     67      5      2     14      1      4      1      1   1065
      1     67      5      2     15      4     10      4      1   3734
      1     67      5      2     16      1      1      1      1   2883
      1     67      6      1      1      7      2      7      1   1428
      1     67      6      1      2      3     11      3      1   1257
      1     67      6      1      3      2     13      2      1   1745
      1     67      6      1      4      8      6      8      1   1015
      1     67      6      1      5      5      4      5      1   3505
      1     67      6      1      6      6      7      6      1   2241
      1     67      6      1      7      6     16      6      1   1311
      1     67      6      1      8      1     10      1      1   1601
      1     67      6      1      9      1     11      1      1   1192
      1     67      6      1     10      4     16      4      1   1883
      1     67      6      1     11      7      8      7      1   1397
      1     67      6      1     12      4      8      4      1   7021
      1     67      6      1     13      5      8      5      1   1073
      1     67      6      1     14      2      2      2      1   1545
      1     67      6      1     15      8     14      8      1   1586
      1     67      6      1     16      3      8      3      1   3051
      1     67      6      2      1      3      2      3      1   1519
      1     67      6      2      2      7      6      7      1   4684
      1     67      6      2      3      8     13      8      1   1516
      1     67      6      2      4      7      7      7      1   1299
      1     67      6      2      5      4      1      4      1  19199
      1     67      6      2      6      8      4      8      1   1049
      1     67      6      2      7      5      7      5      1   1182
      1     67      6      2      8      1      2      1      1   1681
      1     67      6      2      9      2      9      2      1   1160
      1     67      6      2     10      2     16      4      0   2116
      1     67      6      2     11      3     10      3      1   2000
      1     67      6      2     12      6     10      6      1   3918
      1     67      6      2     13      5     10      5      1   1349
      1     67      6      2     14      1      3      1      1   1895
      1     67      6      2     15      4      3      3      0   2116
      1     67      6      2     16      6      8      6      1   3701
      1     67      7      1      1      5      4      5      1   1050
      1     67      7      1      2      6      3      6      1   3009
      1     67      7      1      3      2      2      2      1   1266
      1     67      7      1      4      7      2      7      1   1452
      1     67      7      1      5      1     11      1      1   1669
      1     67      7      1      6      4      8      4      1   4334
      1     67      7      1      7      3      8      3      1    962
      1     67      7      1      8      3     16      3      1    984
      1     67      7      1      9      6     12      6      1   1384
      1     67      7      1     10      2     13      2      1   4760
      1     67      7      1     11      5     14      5      1   1310
      1     67      7      1     12      8      2      8      1   1032
      1     67      7      1     13      1      9      1      1   3778
      1     67      7      1     14      4      5      4      1   3929
      1     67      7      1     15      8      6      8      1   1422
      1     67      7      1     16      7     14      7      1   2274
      1     67      7      2      1      8     15      8      1   1234
      1     67      7      2      2      4     10      4      1   2500
      1     67      7      2      3      3     10      3      1   1166
      1     67      7      2      4      5     12      5      1   1064
      1     67      7      2      5      7      4      6      0   3996
      1     67      7      2      6      6      5      6      1   2499
      1     67      7      2      7      4      9      4      1  13094
      1     67      7      2      8      1      6      1      1   1481
      1     67      7      2      9      3      9      3      1   1043
      1     67      7      2     10      8     13      8      1    881
      1     67      7      2     11      6      8      6      1   2249
      1     67      7      2     12      1      3      1      1   1015
      1     67      7      2     13      7      7      7      1   1199
      1     67      7      2     14      5     11      5      1   1110
      1     67      7      2     15      2      4      2      1    914
      1     67      7      2     16      2      1      2      1   4100
      1     67      8      1      1      3      6      3      1   1511
      1     67      8      1      2      7     13      7      1   1141
      1     67      8      1      3      5      5      5      1   1748
      1     67      8      1      4      4     16      4      1   2001
      1     67      8      1      5      5      8      5      1   1113
      1     67      8      1      6      8     16      8      1   1245
      1     67      8      1      7      6     13      6      1   3263
      1     67      8      1      8      3     13      3      1    972
      1     67      8      1      9      7     10      7      1   1616
      1     67      8      1     10      8      9      8      1   1686
      1     67      8      1     11      1      7      1      1   8412
      1     67      8      1     12      2      5      2      1   1328
      1     67      8      1     13      4     12      4      1   1385
      1     67      8      1     14      2      8      2      1   1377
      1     67      8      1     15      1     10      1      1   2117
      1     67      8      1     16      6      6      6      1   2444
      1     67      8      2      1      2      9      2      1   9727
      1     67      8      2      2      7      6      7      1   5302
      1     67      8      2      3      4      3      3      0  10608
      1     67      8      2      4      1     16      1      1   5197
      1     67      8      2      5      8      5      8      1   1194
      1     67      8      2      6      3      7      3      1   1932
      1     67      8      2      7      7     15      7      1   1147
      1     67      8      2      8      6     11      6      1   1265
      1     67      8      2      9      2     16      4      0   2633
      1     67      8      2     10      5      6      5      1   1765
      1     67      8      2     11      8      3      8      1   1115
      1     67      8      2     12      1      4      1      1   1198
      1     67      8      2     13      4     11      4      1   3533
      1     67      8      2     14      5     10      5      1   1398
      1     67      8      2     15      6     10      6      1   5836
      1     67      8      2     16      3     15      3      1   1481
      1     67      9      1      1      5      9      5      1   1046
      1     67      9      1      2      7     16      7      1   2130
      1     67      9      1      3      3     11      3      1   2423
      1     67      9      1      4      6     16      6      1   3077
      1     67      9      1      5      3     12      3      1   3634
      1     67      9      1      6      6      7      6      1   2333
      1     67      9      1      7      5      2      5      1   1081
      1     67      9      1      8      1     14      1      1   1583
      1     67      9      1      9      8     14      8      1   1242
      1     67      9      1     10      1      5      1      1   1301
      1     67      9      1     11      4     15      3      0   5223
      1     67      9      1     12      2     14      4      0   1619
      1     67      9      1     13      2     10      2      1   1514
      1     67      9      1     14      7      8      7      1   1354
      1     67      9      1     15      4     14      2      0   2886
      1     67      9      1     16      8      8      8      1    979
      1     67      9      2      1      4     13      4      1   3420
      1     67      9      2      2      7      5      7      1   1882
      1     67      9      2      3      3      2      3      1   2646
      1     67      9      2      4      6     15      6      1   1481
      1     67      9      2      5      7     12      7      1   1565
      1     67      9      2      6      5      7      5      1   1098
      1     67      9      2      7      1      1      4      0  29009
      1     67      9      2      8      5     16      5      1   1586
      1     67      9      2      9      2      3      1      0   8456
      1     67      9      2     10      6      9      6      1   1248
      1     67      9      2     11      4      1      4      1  15174
      1     67      9      2     12      1      2      1      1   1432
      1     67      9      2     13      3     14      3      1    948
      1     67      9      2     14      8      4      8      1   1010
      1     67      9      2     15      8     10      8      1   1081
      1     67      9      2     16      2      6      2      1   1417
