      2     76      1      1      1      6     12      8      0   3250   3920
      2     76      1      1      2      5     16      3      0   3401   2351
      2     76      1      1      3      5      8      2      0   1392   3602
      2     76      1      1      4      4      3      2      0   1118   4451
      2     76      1      1      5      8     13      8      1   2396   1879
      2     76      1      1      6      8      3      8      1   1189   1234
      2     76      1      1      7      3      2      3      1    891   1121
      2     76      1      1      8      4      3      3      0   1042   1743
      2     76      1      1      9      7     12      3      0   1670   1809
      2     76      1      1     10      3      7      5      0   1180   1591
      2     76      1      1     11      3     13      8      0   1054   1500
      2     76      1      1     12      8      9      8      1    954   2812
      2     76      1      1     13      6     15      2      0   1613   1083
      2     76      1      1     14      6      8      6      1    822   1189
      2     76      1      1     15      8      3      8      1   1032   3813
      2     76      1      1     16      5      7      5      1   2144   2986
      2     76      1      2      1      8     16      8      1   1412     -1
      2     76      1      2      2      4     10      6      0   8940     -1
      2     76      1      2      3      2      5      4      0   3308     -1
      2     76      1      2      4      3     10      3      1   6959     -1
      2     76      1      2      5      2      9      4      0   7375     -1
      2     76      1      2      6      5     12      5      1   1275     -1
      2     76      1      2      7      1     11      2      0   4542     -1
      2     76      1      2      8      7     14      1      0   2909     -1
      2     76      1      2      9      4      1      7      0   5176     -1
      2     76      1      2     10      6     11      5      0   1508     -1
      2     76      1      2     11      8     14      8      1    928     -1
      2     76      1      2     12      6      9      5      0   2325     -1
      2     76      1      2     13      5     11      5      1   1092     -1
      2     76      1      2     14      1      9      7      0   1944     -1
      2     76      1      2     15      7     15      3      0   4410     -1
      2     76      1      2     16      3      9      6      0   3710     -1
      2     76      2      1      1      2     16      8      0   1045   3501
      2     76      2      1      2      4     14      2      0   2590   3414
      2     76      2      1      3      3     15      2      0   2702   2765
      2     76      2      1      4      1      5      3      0   3111   2495
      2     76      2      1      5      6     10      5      0   1156   2171
      2     76      2      1      6      7      6      4      0   1608   2299
      2     76      2      1      7      2     14      8      0    917   2012
      2     76      2      1      8      7      5      3      0   1152   3749
      2     76      2      1      9      7      8      7      1    850   1292
      2     76      2      1     10      3     12      2      0   1281   1557
      2     76      2      1     11      3      6      3      1   1166   1800
      2     76      2      1     12      6     13      1      0   1049   2752
      2     76      2      1     13      7      6      1      0   2239   3173
      2     76      2      1     14      8      8      4      0   1339   3956
      2     76      2      1     15      4      9      1      0   1128  10688
      2     76      2      1     16      1      5      1      1   1008   3351
      2     76      2      2      1      4     11      4      1   5378     -1
      2     76      2      2      2      1     10      8      0   1361     -1
      2     76      2      2      3      1      4      3      0   3744     -1
      2     76      2      2      4      2     13      7      0   2492     -1
      2     76      2      2      5      8     15      8      1    976     -1
      2     76      2      2      6      6      3      1      0   5175     -1
      2     76      2      2      7      6     16      5      0   1645     -1
      2     76      2      2      8      4     15      7      0   4808     -1
      2     76      2      2      9      2      3      2      1   7409     -1
      2     76      2      2     10      7      2      7      1   2692     -1
      2     76      2      2     11      3      8      3      1   1576     -1
      2     76      2      2     12      8      6      8      1    994     -1
      2     76      2      2     13      5      5      5      1   1092     -1
      2     76      2      2     14      5      6      5      1   1158     -1
      2     76      2      2     15      7     13      1      0   1926     -1
      2     76      2      2     16      3     16      3      1   1943     -1
      2     76      3      1      1      1      5      1      1   1058   1364
      2     76      3      1      2      1      6      1      1    804   2355
      2     76      3      1      3      1     16      1      1    949   5455
      2     76      3      1      4      2      1      4      0   1426    955
      2     76      3      1      5      2      4      2      1    789   1746
      2     76      3      1      6      2      6      2      1    968    866
      2     76      3      1      7      3      7      3      1    937   2207
      2     76      3      1      8      3      6      3      1    640    989
      2     76      3      1      9      1     16      7      0   1035   1912
      2     76      3      1     10      3     15      2      0   1045   2362
      2     76      3      1     11      3     13      3      1    948   2031
      2     76      3      1     12      6      6      7      0   1273   2220
      2     76      3      1     13      6     13      6      1   1016  20798
      2     76      3      1     14      2     16      2      1   1120   6140
      2     76      3      1     15      2     16      2      1    931   4263
      2     76      3      1     16      8     10      8      1   1146   2129
      2     76      3      2      1      5     14      5      1   1344     -1
      2     76      3      2      2      4      5      3      0   9194     -1
      2     76      3      2      3      2      8      4      0   2492     -1
      2     76      3      2      4      6      5      5      0   1208     -1
      2     76      3      2      5      3     14      3      1   9259     -1
      2     76      3      2      6      1      3      4      0   2892     -1
      2     76      3      2      7      5      2      5      1   1126     -1
      2     76      3      2      8      6      7      5      0   1542     -1
      2     76      3      2      9      3     11      3      1   1080     -1
      2     76      3      2     10      8      2      8      1   1059     -1
      2     76      3      2     11      7      4      1      0   1527     -1
      2     76      3      2     12      4     16      2      0   2409     -1
      2     76      3      2     13      1      7      1      1   2009     -1
      2     76      3      2     14      7     10      1      0   1525     -1
      2     76      3      2     15      8      4      8      1   1042     -1
      2     76      3      2     16      2     10      5      0   1461     -1
      2     76      4      1      1      4      3      3      0    960   4880
      2     76      4      1      2      4     12      4      1    665    605
      2     76      4      1      3      2      1      3      0    822   2397
      2     76      4      1      4      2      2      4      0    825   4909
      2     76      4      1      5      4      3      4      1    808   1217
      2     76      4      1      6      3      6      3      1    813   3936
      2     76      4      1      7      3      7      3      1   1128   2902
      2     76      4      1      8      6      6      7      0   1219   1208
      2     76      4      1      9      6     13      6      1   1094   4133
      2     76      4      1     10      3     15      7      0    922   2677
      2     76      4      1     11      3     12      3      1    670   3452
      2     76      4      1     12      6     10      1      0    832   4868
      2     76      4      1     13      1     14      7      0   1738   2435
      2     76      4      1     14      7     16      7      1   1226   2279
      2     76      4      1     15      3     12      3      1    574   2219
      2     76      4      1     16      2     14      6      0   1088   2716
      2     76      4      2      1      5     12      5      1   1128     -1
      2     76      4      2      2      3      8      3      1   1259     -1
      2     76      4      2      3      2      5      2      1   2458     -1
      2     76      4      2      4      5      6      5      1   1092     -1
      2     76      4      2      5      2     10      2      1   3458     -1
      2     76      4      2      6      6      7      5      0   8627     -1
      2     76      4      2      7      8     14      8      1    926     -1
      2     76      4      2      8      7     13      1      0   1493     -1
      2     76      4      2      9      4     10      4      1   5595     -1
      2     76      4      2     10      8      4      8      1   1026     -1
      2     76      4      2     11      1      9      4      0   2943     -1
      2     76      4      2     12      6      5      5      0   1192     -1
      2     76      4      2     13      4     11      4      1   2108     -1
      2     76      4      2     14      3     10      3      1    961     -1
      2     76      4      2     15      7     10      1      0   1075     -1
      2     76      4      2     16      1     11      2      0   2808     -1
      2     76      5      1      1      7      8      1      0   1336   1246
      2     76      5      1      2      3      2      3      1    737   1191
      2     76      5      1      3      1      5      4      0   2499   2424
      2     76      5      1      4      1      6      1      1   1076   1151
      2     76      5      1      5      2     16      2      1    735   3701
      2     76      5      1      6      2      1      2      1    797   1671
      2     76      5      1      7      2      4      2      1    635   1928
      2     76      5      1      8      1      2      4      0   1347   1340
      2     76      5      1      9      4      9      4      1    868   5289
      2     76      5      1     10      4      8      4      1    742   2116
      2     76      5      1     11      1      1      3      0   1058   1135
      2     76      5      1     12      1     14      4      0   1111   2246
      2     76      5      1     13      6     15      5      0   1206   1975
      2     76      5      1     14      3     12      3      1    564   3788
      2     76      5      1     15      8      8      8      1   1074   4155
      2     76      5      1     16      7      6      7      1   1094   1741
      2     76      5      2      1      6     16      3      0   2811     -1
      2     76      5      2      2      8      2      8      1   1192     -1
      2     76      5      2      3      8      6      8      1    891     -1
      2     76      5      2      4      5     14      5      1   1059     -1
      2     76      5      2      5      4      5      6      0   2759     -1
      2     76      5      2      6      3     14      3      1   1609     -1
      2     76      5      2      7      3     16      3      1   1192     -1
      2     76      5      2      8      4      1      1      0   1958     -1
      2     76      5      2      9      7     15      1      0    892     -1
      2     76      5      2     10      5      5      5      1   1608     -1
      2     76      5      2     11      1      7      6      0   6843     -1
      2     76      5      2     12      6     11      5      0   1126     -1
      2     76      5      2     13      2      8      2      1   1392     -1
      2     76      5      2     14      7     14      1      0   1592     -1
      2     76      5      2     15      2     13      2      1   8112     -1
      2     76      5      2     16      1     10      4      0   4442     -1
      2     76      6      1      1      4     13      4      1   1399   1376
      2     76      6      1      2      4     14      4      1    825   1398
      2     76      6      1      3      3      2      3      1   1059   3939
      2     76      6      1      4      3     12      3      1    628   1181
      2     76      6      1      5      7      6      1      0    904   1125
      2     76      6      1      6      6      8      7      0    856   1710
      2     76      6      1      7      6     13      6      1   2054   3368
      2     76      6      1      8      6     15      6      1    954   1386
      2     76      6      1      9      7      7      7      1   1157   8548
      2     76      6      1     10      7     12      7      1    988   2413
      2     76      6      1     11      6     10      7      0   1280   4756
      2     76      6      1     12      7      6      7      1    726   4838
      2     76      6      1     13      1      1      4      0   2119   1289
      2     76      6      1     14      4      3      2      0    756   2449
      2     76      6      1     15      3      7      3      1    779   3740
      2     76      6      1     16      2     14      4      0   1011   1724
      2     76      6      2      1      5     11      5      1    945     -1
      2     76      6      2      2      6      9      6      1  12775     -1
      2     76      6      2      3      2      3      4      0   4931     -1
      2     76      6      2      4      5      2      5      1   1075     -1
      2     76      6      2      5      4     15      3      0   2376     -1
      2     76      6      2      6      8     16      8      1   1125     -1
      2     76      6      2      7      3     11      4      0   3725     -1
      2     76      6      2      8      4     16      4      1   1692     -1
      2     76      6      2      9      7      4      6      0   9925     -1
      2     76      6      2     10      6      3      5      0   1942     -1
      2     76      6      2     11      7      2      1      0   1643     -1
      2     76      6      2     12      1      4      4      0   2608     -1
      2     76      6      2     13      2      9      2      1   3659     -1
      2     76      6      2     14      3      9      3      1   2626     -1
      2     76      6      2     15      1      3      3      0   5392     -1
      2     76      6      2     16      8     15      8      1    974     -1
      2     76      7      1      1      6     10      6      1   1417   2330
      2     76      7      1      2      6     13      6      1    790   1188
      2     76      7      1      3      6     15      6      1    878   3001
      2     76      7      1      4      7      6      7      1    917   1260
      2     76      7      1      5      7     16      7      1   1334   3162
      2     76      7      1      6      4     14      7      0    880   4066
      2     76      7      1      7      3      6      4      0    765   1143
      2     76      7      1      8      4      3      4      1    922   1434
      2     76      7      1      9      2      4      2      1    742   4297
      2     76      7      1     10      1      2      3      0   1166   1851
      2     76      7      1     11      7      7      1      0   1043   1510
      2     76      7      1     12      7      8      7      1   1202   1896
      2     76      7      1     13      4      9      3      0    890   1793
      2     76      7      1     14      7      6      7      1    794   4249
      2     76      7      1     15      5     10      5      1   1065   3917
      2     76      7      1     16      7      7      7      1    790   1792
      2     76      7      2      1      1     10      4      0   5096     -1
      2     76      7      2      2      2     10      2      1   1941     -1
      2     76      7      2      3      4      1      7      0   1725     -1
      2     76      7      2      4      8      6      8      1    976     -1
      2     76      7      2      5      6     16      3      0   5025     -1
      2     76      7      2      6      6      3      6      1   5009     -1
      2     76      7      2      7      5     14      5      1   1111     -1
      2     76      7      2      8      3      9      3      1   1040     -1
      2     76      7      2      9      1     11      4      0   1160     -1
      2     76      7      2     10      8      4      8      1    976     -1
      2     76      7      2     11      7     10      7      1   1376     -1
      2     76      7      2     12      7     15      7      1    812     -1
      2     76      7      2     13      4     15      1      0   4858     -1
      2     76      7      2     14      3     10      3      1   1875     -1
      2     76      7      2     15      2      9      2      1   2192     -1
      2     76      7      2     16      5      2      5      1    993     -1
      2     76      8      1      1      8     10      8      1    808   3460
      2     76      8      1      2      8      8      8      1    972   2402
      2     76      8      1      3      2     16      4      0    873   2070
      2     76      8      1      4      2      4      2      1    605   3087
      2     76      8      1      5      2      1      2      1    787   1253
      2     76      8      1      6      4      3      4      1    714   2210
      2     76      8      1      7      4     12      4      1    544    676
      2     76      8      1      8      3     15      4      0    888   3367
      2     76      8      1      9      3      2      3      1    630   1116
      2     76      8      1     10      3     12      3      1    528   1036
      2     76      8      1     11      4      8      7      0   1054   2683
      2     76      8      1     12      4      9      4      1    689   1415
      2     76      8      1     13      1      1      3      0    699   1588
      2     76      8      1     14      3      2      3      1    760   1020
      2     76      8      1     15      7     16      7      1    914   1804
      2     76      8      1     16      6     12      6      1    975   2036
      2     76      8      2      1      4     16      4      1   6494     -1
      2     76      8      2      2      1      4      1      1  13009     -1
      2     76      8      2      3      6      5      5      0   1426     -1
      2     76      8      2      4      5     11      5      1    976     -1
      2     76      8      2      5      4      5      7      0   1275     -1
      2     76      8      2      6      6      7      6      1   1776     -1
      2     76      8      2      7      3     14      3      1    992     -1
      2     76      8      2      8      7      4      3      0   3259     -1
      2     76      8      2      9      7     14      7      1   1044     -1
      2     76      8      2     10      8     15      8      1    976     -1
      2     76      8      2     11      5      6      5      1   1043     -1
      2     76      8      2     12      3     11      4      0   2559     -1
      2     76      8      2     13      8      2      8      1   1009     -1
      2     76      8      2     14      2     13      2      1   1159     -1
      2     76      8      2     15      1      3      4      0   1140     -1
      2     76      8      2     16      2      3      1      0  13676     -1
      2     76      9      1      1      6      6      7      0   3089   3758
      2     76      9      1      2      6     13      6      1   1095   1030
      2     76      9      1      3      4     12      4      1    685   2077
      2     76      9      1      4      7     12      7      1    797    788
      2     76      9      1      5      6     10      6      1    773    743
      2     76      9      1      6      7      7      7      1   1069   1994
      2     76      9      1      7      3      7      3      1    799   2638
      2     76      9      1      8      1      1      1      1    769   1223
      2     76      9      1      9      1      6      1      1    844   1791
      2     76      9      1     10      1      5      1      1   1067    932
      2     76      9      1     11      4     13      6      0    913   1984
      2     76      9      1     12      4      9      4      1    992   3906
      2     76      9      1     13      1     14      7      0   1608   1136
      2     76      9      1     14      3     15      3      1   2348   5882
      2     76      9      1     15      4      8      3      0   1834   1569
      2     76      9      1     16      1      1      3      0    942   8970
      2     76      9      2      1      7      2      7      1    894     -1
      2     76      9      2      2      8     14      8      1    858     -1
      2     76      9      2      3      4     11      4      1   1359     -1
      2     76      9      2      4      3     16      3      1    808     -1
      2     76      9      2      5      1      7      3      0   1408     -1
      2     76      9      2      6      1      9      4      0   2342     -1
      2     76      9      2      7      3      8      3      1    791     -1
      2     76      9      2      8      6      9      7      0    860     -1
      2     76      9      2      9      2      5      2      1   1727     -1
      2     76      9      2     10      7     13      7      1   1009     -1
      2     76      9      2     11      2      8      2      1   2174     -1
      2     76      9      2     12      5     12      5      1    909     -1
      2     76      9      2     13      5      5      5      1   1158     -1
      2     76      9      2     14      6     11      6      1   1096     -1
      2     76      9      2     15      8     16      8      1    876     -1
      2     76      9      2     16      4     10      4      1   2892     -1
