      1     39      1      1      1      8      3      6      0   3369
      1     39      1      1      2      1     11      2      0   2114
      1     39      1      1      3      4     16      7      0   3430
      1     39      1      1      4      3      7      5      0   1637
      1     39      1      1      5      1      1      2      0   4746
      1     39      1      1      6      4     15      5      0   5515
      1     39      1      1      7      7     13      8      0   8547
      1     39      1      1      8      6      5      4      0   7997
      1     39      1      1      9      2     16      1      0   2234
      1     39      1      1     10      5     11      5      1   2064
      1     39      1      1     11      3     16      1      0   2320
      1     39      1      1     12      7      6      1      0   4780
      1     39      1      1     13      6     15      1      0   3665
      1     39      1      1     14      8      5      8      1   2517
      1     39      1      1     15      2     13      2      1   2697
      1     39      1      1     16      5      7      5      1   1723
      1     39      1      2      1      7      2      7      1   7362
      1     39      1      2      2      7     12      4      0   9825
      1     39      1      2      3      8      4      8      1   2476
      1     39      1      2      4      3     11      3      1   5242
      1     39      1      2      5      4      1      6      0   6641
      1     39      1      2      6      4     11      2      0   2390
      1     39      1      2      7      8     13      8      1   1276
      1     39      1      2      8      3     12      3      1   2462
      1     39      1      2      9      1     10      2      0   5443
      1     39      1      2     10      1      3      4      0   4027
      1     39      1      2     11      6      9      6      1   5312
      1     39      1      2     12      5     16      5      1   1910
      1     39      1      2     13      5      5      5      1   2676
      1     39      1      2     14      6      6      1      0   5327
      1     39      1      2     15      2      9      2      1   1710
      1     39      1      2     16      2      5      2      1   2943
      1     39      2      1      1      7      5      7      1   3847
      1     39      2      1      2      8      9      8      1   1632
      1     39      2      1      3      3      8      3      1   1792
      1     39      2      1      4      4     12      2      0    964
      1     39      2      1      5      6      8      6      1   6347
      1     39      2      1      6      6      3      1      0   2856
      1     39      2      1      7      3     14      3      1   1414
      1     39      2      1      8      1      9      2      0   1197
      1     39      2      1      9      2     14      2      1   1114
      1     39      2      1     10      2      2      1      0   1040
      1     39      2      1     11      1     16      7      0   2647
      1     39      2      1     12      8     16      8      1   1508
      1     39      2      1     13      5      8      5      1   2097
      1     39      2      1     14      4      8      1      0   2466
      1     39      2      1     15      7     16      4      0  17981
      1     39      2      1     16      5      2      5      1   1796
      1     39      2      2      1      3      2      4      0   6646
      1     39      2      2      2      8      6      8      1   1361
      1     39      2      2      3      6     10      6      1   7261
      1     39      2      2      4      5      9      5      1   1877
      1     39      2      2      5      8      2      8      1   1392
      1     39      2      2      6      4      5      1      0   5460
      1     39      2      2      7      2      1      2      1   1477
      1     39      2      2      8      1      4      1      1   1978
      1     39      2      2      9      7      7      7      1   4161
      1     39      2      2     10      1     14      4      0   2410
      1     39      2      2     11      4      3      4      1   8098
      1     39      2      2     12      2      3      4      0   1927
      1     39      2      2     13      5      4      5      1   1360
      1     39      2      2     14      6     13      6      1   3361
      1     39      2      2     15      7     10      7      1   2595
      1     39      2      2     16      3     10      3      1   1977
      1     39      3      1      1      8     14      8      1   1438
      1     39      3      1      2      6     11      6      1   1682
      1     39      3      1      3      8     15      8      1   1714
      1     39      3      1      4      3      9      6      0   2528
      1     39      3      1      5      2      6      2      1   1685
      1     39      3      1      6      4     10      1      0   2003
      1     39      3      1      7      5     10      5      1   1101
      1     39      3      1      8      1      7      6      0   1431
      1     39      3      1      9      1      6      4      0   1631
      1     39      3      1     10      4      9      2      0   2160
      1     39      3      1     11      7      8      7      1   2301
      1     39      3      1     12      7     15      6      0   1747
      1     39      3      1     13      2      8      2      1   1275
      1     39      3      1     14      5     14      5      1   1560
      1     39      3      1     15      6      7      7      0   3795
      1     39      3      1     16      3     15      3      1   1286
      1     39      3      2      1      4     14      2      0   5696
      1     39      3      2      2      7      4      1      0   6410
      1     39      3      2      3      2      4      2      1   1894
      1     39      3      2      4      7     14      7      1   8412
      1     39      3      2      5      8     10      8      1   2112
      1     39      3      2      6      2     10      2      1   1560
      1     39      3      2      7      6     12      6      1   1977
      1     39      3      2      8      6     16      7      0   3595
      1     39      3      2      9      5     12      5      1   2496
      1     39      3      2     10      3      6      1      0   2760
      1     39      3      2     11      1      5      1      1   1994
      1     39      3      2     12      5      6      5      1   2910
      1     39      3      2     13      1      2      3      0   2809
      1     39      3      2     14      8      8      8      1   1744
      1     39      3      2     15      4     13      4      1   3777
      1     39      3      2     16      3     13      3      1   1214
      1     39      4      1      1      5     11      5      1   1224
      1     39      4      1      2      4     12      4      1   1531
      1     39      4      1      3      1      6      1      1   2781
      1     39      4      1      4      5      8      5      1   1230
      1     39      4      1      5      1     11      3      0   1214
      1     39      4      1      6      2      8      2      1   1867
      1     39      4      1      7      7     13      7      1   4387
      1     39      4      1      8      8      9      8      1   1229
      1     39      4      1      9      6      7      6      1   3053
      1     39      4      1     10      7     15      3      0   1019
      1     39      4      1     11      3      8      3      1   1305
      1     39      4      1     12      8     14      8      1   2010
      1     39      4      1     13      6      3      6      1   2687
      1     39      4      1     14      3      9      3      1   2364
      1     39      4      1     15      2     16      2      1   3147
      1     39      4      1     16      4      8      4      1   4126
      1     39      4      2      1      2      9      2      1   3297
      1     39      4      2      2      4      3      1      0   7896
      1     39      4      2      3      6      6      6      1   2444
      1     39      4      2      4      3      6      1      0   2926
      1     39      4      2      5      5      9      5      1   1544
      1     39      4      2      6      1     14      6      0   3511
      1     39      4      2      7      8      8      8      1   1045
      1     39      4      2      8      2      5      2      1   1526
      1     39      4      2      9      7     10      7      1   3411
      1     39      4      2     10      5      5      5      1   1728
      1     39      4      2     11      4      5      1      0   8644
      1     39      4      2     12      7     12      7      1   4648
      1     39      4      2     13      3     13      3      1   3511
      1     39      4      2     14      6     10      6      1   3261
      1     39      4      2     15      8      6      8      1   1243
      1     39      4      2     16      1      2      1      1   5045
      1     39      5      1      1      6      5      6      1   4970
      1     39      5      1      2      3      7      3      1    910
      1     39      5      1      3      8      3      8      1   1181
      1     39      5      1      4      3     15      3      1   1498
      1     39      5      1      5      8      5      8      1   1367
      1     39      5      1      6      4     15      1      0   2177
      1     39      5      1      7      2      2      2      1   1233
      1     39      5      1      8      6     11      6      1   1381
      1     39      5      1      9      1     16      7      0   4447
      1     39      5      1     10      4      9      2      0   1491
      1     39      5      1     11      7      8      7      1   2414
      1     39      5      1     12      5      2      5      1   2500
      1     39      5      1     13      2     13      2      1   2792
      1     39      5      1     14      1      1      3      0   3747
      1     39      5      1     15      7      5      7      1   5313
      1     39      5      1     16      5      7      5      1   1595
      1     39      5      2      1      2      1      2      1   2095
      1     39      5      2      2      3     12      3      1   6460
      1     39      5      2      3      6     16      6      1   1713
      1     39      5      2      4      6      9      6      1   1628
      1     39      5      2      5      8     13      8      1   2044
      1     39      5      2      6      2      3      2      1   1610
      1     39      5      2      7      4     11      2      0   4444
      1     39      5      2      8      1      3      4      0   5210
      1     39      5      2      9      7     14      7      1   6577
      1     39      5      2     10      4     13      4      1   2296
      1     39      5      2     11      7      7      7      1   2062
      1     39      5      2     12      8     10      8      1   1777
      1     39      5      2     13      1      4      1      1   2060
      1     39      5      2     14      5     16      5      1   1610
      1     39      5      2     15      3     10      1      0   4279
      1     39      5      2     16      5      4      5      1   1228
      1     39      6      1      1      5     14      5      1   1080
      1     39      6      1      2      6      8      6      1   1985
      1     39      6      1      3      2     14      4      0   2815
      1     39      6      1      4      6     15      6      1   3330
      1     39      6      1      5      1      7      1      1   1947
      1     39      6      1      6      8     16      8      1   1195
      1     39      6      1      7      5     10      5      1   1347
      1     39      6      1      8      8     15      8      1   1147
      1     39      6      1      9      1      9      1      1   3980
      1     39      6      1     10      2      6      2      1   1548
      1     39      6      1     11      4     16      2      0   1665
      1     39      6      1     12      3     14      3      1   1314
      1     39      6      1     13      4     10      4      1   1497
      1     39      6      1     14      3     16      3      1   1193
      1     39      6      1     15      7     16      7      1   3414
      1     39      6      1     16      7      6      7      1   1598
      1     39      6      2      1      7      2      7      1   1180
      1     39      6      2      2      3      2      3      1   1444
      1     39      6      2      3      4      1      1      0   2911
      1     39      6      2      4      1     10      8      0   2194
      1     39      6      2      5      4     14      4      1   1777
      1     39      6      2      6      8      2      8      1   1025
      1     39      6      2      7      8      4      8      1   1377
      1     39      6      2      8      2      4      2      1   1812
      1     39      6      2      9      6     12      6      1   2463
      1     39      6      2     10      3     11      3      1   4311
      1     39      6      2     11      2     10      2      1   1760
      1     39      6      2     12      7      4      7      1   4461
      1     39      6      2     13      5     12      5      1   1594
      1     39      6      2     14      5      6      5      1   2178
      1     39      6      2     15      1      5      1      1   1777
      1     39      6      2     16      6     13      6      1   1560
      1     39      7      1      1      1     16      1      1   2208
      1     39      7      1      2      5      7      5      1   1329
      1     39      7      1      3      3      9      3      1   1114
      1     39      7      1      4      2      8      2      1   1676
      1     39      7      1      5      2     13      2      1   1097
      1     39      7      1      6      6      3      6      1   1480
      1     39      7      1      7      7      8      7      1   1230
      1     39      7      1      8      8     15      8      1   1213
      1     39      7      1      9      8     16      8      1   1614
      1     39      7      1     10      1     11      1      1   1594
      1     39      7      1     11      5     10      5      1   2761
      1     39      7      1     12      4      8      4      1   1880
      1     39      7      1     13      3     14      3      1   1347
      1     39      7      1     14      4     10      2      0   1379
      1     39      7      1     15      6     15      6      1   1713
      1     39      7      1     16      7      6      7      1   1064
      1     39      7      2      1      6      6      6      1   2394
      1     39      7      2      2      7      4      7      1   1826
      1     39      7      2      3      2      9      2      1    977
      1     39      7      2      4      7     12      7      1   5278
      1     39      7      2      5      4     13      4      1   1528
      1     39      7      2      6      1      3      1      1   8044
      1     39      7      2      7      4      1      4      1   3594
      1     39      7      2      8      3     10      1      0   4278
      1     39      7      2      9      2     10      2      1   1028
      1     39      7      2     10      1      4      1      1   2011
      1     39      7      2     11      5      4      5      1   1110
      1     39      7      2     12      8     10      8      1   2011
      1     39      7      2     13      6     10      6      1   1077
      1     39      7      2     14      5      9      5      1   1578
      1     39      7      2     15      8      4      8      1   1128
      1     39      7      2     16      3     11      3      1   3460
      1     39      8      1      1      4      9      2      0   2603
      1     39      8      1      2      8      5      8      1    964
      1     39      8      1      3      6      8      6      1   1757
      1     39      8      1      4      2     14      4      0   2230
      1     39      8      1      5      1      7      1      1   1500
      1     39      8      1      6      3      8      3      1   4763
      1     39      8      1      7      6      5      6      1   1264
      1     39      8      1      8      4     12      2      0   1437
      1     39      8      1      9      1      9      1      1   2713
      1     39      8      1     10      5      8      5      1   1247
      1     39      8      1     11      7     15      7      1   1597
      1     39      8      1     12      2     16      4      0   2940
      1     39      8      1     13      8      3      8      1   2297
      1     39      8      1     14      5     11      5      1   2610
      1     39      8      1     15      3     15      3      1   2546
      1     39      8      1     16      7     16      7      1   4478
      1     39      8      2      1      7     10      7      1   1447
      1     39      8      2      2      6     13      6      1   3311
      1     39      8      2      3      5     16      5      1   1193
      1     39      8      2      4      3      6      3      1   3228
      1     39      8      2      5      7      2      7      1   1045
      1     39      8      2      6      2      3      4      0   8378
      1     39      8      2      7      1     14      6      0   2177
      1     39      8      2      8      2      5      2      1   1128
      1     39      8      2      9      8      8      8      1   2245
      1     39      8      2     10      3     13      3      1   1277
      1     39      8      2     11      5      6      5      1   1711
      1     39      8      2     12      4     14      2      0   1493
      1     39      8      2     13      4      3      3      0   1975
      1     39      8      2     14      8      2      8      1   1261
      1     39      8      2     15      1     10      4      0   4645
      1     39      8      2     16      6      9      6      1   2145
      1     39      9      1      1      5      2      5      1   1583
      1     39      9      1      2      6      7      6      1    981
      1     39      9      1      3      5     14      5      1   1133
      1     39      9      1      4      4     15      3      0   1851
      1     39      9      1      5      8     14      8      1   1387
      1     39      9      1      6      7      5      7      1   2112
      1     39      9      1      7      6     11      6      1   1963
      1     39      9      1      8      3      7      3      1   1431
      1     39      9      1      9      1      1      4      0   6791
      1     39      9      1     10      2      6      2      1   1462
      1     39      9      1     11      8      9      8      1   1648
      1     39      9      1     12      3     16      3      1   1391
      1     39      9      1     13      1      6      1      1   4287
      1     39      9      1     14      2      2      4      0   2897
      1     39      9      1     15      7     13      7      1   1480
      1     39      9      1     16      4     16      2      0   1483
      1     39      9      2      1      4     11      4      1   6630
      1     39      9      2      2      1      5      1      1   1678
      1     39      9      2      3      8     13      8      1   1577
      1     39      9      2      4      1      2      1      1   1894
      1     39      9      2      5      3     12      3      1   1695
      1     39      9      2      6      5     12      5      1   1928
      1     39      9      2      7      4      5      4      1   3178
      1     39      9      2      8      6     12      6      1   1995
      1     39      9      2      9      6     16      6      1   1394
      1     39      9      2     10      2      1      2      1   1027
      1     39      9      2     11      5      5      5      1   1794
      1     39      9      2     12      7      7      7      1   3929
      1     39      9      2     13      3      2      3      1   1594
      1     39      9      2     14      7     14      7      1   9260
      1     39      9      2     15      8      6      8      1   1344
      1     39      9      2     16      2      4      2      1   1312
