      1     50      1      1      1      6     11      2      0   1618
      1     50      1      1      2      3      7      5      0   4766
      1     50      1      1      3      4     11      1      0   1270
      1     50      1      1      4      7      6      3      0   1419
      1     50      1      1      5      2      1      2      1   1304
      1     50      1      1      6      3      9      5      0   1372
      1     50      1      1      7      8      4      8      1   2028
      1     50      1      1      8      5     14      8      0   4058
      1     50      1      1      9      5     10      5      1   1649
      1     50      1      1     10      2      6      2      1   2798
      1     50      1      1     11      6     12      7      0   4306
      1     50      1      1     12      7     15      4      0   4654
      1     50      1      1     13      1      3      2      0   1181
      1     50      1      1     14      8      6      1      0   2109
      1     50      1      1     15      4     15      6      0   6225
      1     50      1      1     16      1     10      8      0   5515
      1     50      1      2      1      5      7      5      1   3927
      1     50      1      2      2      1      6      4      0   6606
      1     50      1      2      3      3      6      6      0   2093
      1     50      1      2      4      2      4      2      1   1441
      1     50      1      2      5      5     11      5      1   1390
      1     50      1      2      6      7     12      6      0   5510
      1     50      1      2      7      3      2      1      0   4625
      1     50      1      2      8      6      7      6      1   3509
      1     50      1      2      9      6     10      3      0   2359
      1     50      1      2     10      2     16      4      0   3992
      1     50      1      2     11      4      8      4      1   3159
      1     50      1      2     12      1      9      3      0   6094
      1     50      1      2     13      8      2      8      1   2408
      1     50      1      2     14      8     16      8      1   1726
      1     50      1      2     15      7      4      4      0   7359
      1     50      1      2     16      4      9      6      0   2909
      1     50      2      1      1      2      3      3      0   2089
      1     50      2      1      2      6      5      5      0   2669
      1     50      2      1      3      7     10      3      0   2482
      1     50      2      1      4      8      8      8      1   2099
      1     50      2      1      5      1      1      4      0   2026
      1     50      2      1      6      3     14      7      0   4439
      1     50      2      1      7      8      5      8      1   1688
      1     50      2      1      8      1     16      7      0   4838
      1     50      2      1      9      2      9      2      1   1197
      1     50      2      1     10      3     15      1      0   4978
      1     50      2      1     11      7     13      4      0   4327
      1     50      2      1     12      6      3      5      0   2902
      1     50      2      1     13      5      9      5      1   1334
      1     50      2      1     14      5      4      5      1   1115
      1     50      2      1     15      4     16      1      0   3860
      1     50      2      1     16      4     13      7      0   4638
      1     50      2      2      1      5      8      5      1   1377
      1     50      2      2      2      4      1      4      1   7025
      1     50      2      2      3      8     15      8      1   1492
      1     50      2      2      4      1     11      4      0   9875
      1     50      2      2      5      6      8      6      1   4409
      1     50      2      2      6      3     13      3      1   3708
      1     50      2      2      7      4     10      4      1   3726
      1     50      2      2      8      7      2      7      1   2958
      1     50      2      2      9      1      2      3      0   1959
      1     50      2      2     10      2     13      2      1   4041
      1     50      2      2     11      5      6      5      1   1524
      1     50      2      2     12      2      2      2      1   1326
      1     50      2      2     13      7      7      6      0   1692
      1     50      2      2     14      8      3      8      1   1294
      1     50      2      2     15      3     16      1      0   2644
      1     50      2      2     16      6      6      1      0   1876
      1     50      3      1      1      2      5      2      1   1582
      1     50      3      1      2      5      2      5      1   1250
      1     50      3      1      3      1      5      3      0   3083
      1     50      3      1      4      6     15      7      0   1736
      1     50      3      1      5      1      4      4      0   2780
      1     50      3      1      6      4     12      2      0   1553
      1     50      3      1      7      7     16      4      0   4980
      1     50      3      1      8      7      8      7      1   1533
      1     50      3      1      9      6      9      6      1   1284
      1     50      3      1     10      3     11      3      1   1984
      1     50      3      1     11      4     14      1      0  33906
      1     50      3      1     12      2     14      8      0   1575
      1     50      3      1     13      5     12      5      1   1180
      1     50      3      1     14      3     12      1      0   1788
      1     50      3      1     15      8     13      8      1   1041
      1     50      3      1     16      8      9      8      1   1720
      1     50      3      2      1      2      8      2      1   1410
      1     50      3      2      2      2     10      2      1   1909
      1     50      3      2      3      3      8      6      0   3075
      1     50      3      2      4      3     10      3      1   2214
      1     50      3      2      5      8     10      8      1   1409
      1     50      3      2      6      6     16      6      1   4991
      1     50      3      2      7      4      5      1      0   2961
      1     50      3      2      8      8     14      8      1   1173
      1     50      3      2      9      7      5      7      1   1543
      1     50      3      2     10      7     14      7      1   1577
      1     50      3      2     11      5     16      5      1   1325
      1     50      3      2     12      1     14      1      1   4142
      1     50      3      2     13      1      7      3      0   1091
      1     50      3      2     14      5      5      5      1   1559
      1     50      3      2     15      6     13      7      0   3108
      1     50      3      2     16      4      3      4      1   6192
      1     50      4      1      1      7     15      7      1   1565
      1     50      4      1      2      5     12      5      1    972
      1     50      4      1      3      3     12      1      0   1799
      1     50      4      1      4      1     10      4      0   5885
      1     50      4      1      5      7      6      7      1   1359
      1     50      4      1      6      8      6      8      1   1471
      1     50      4      1      7      8      9      8      1   1061
      1     50      4      1      8      5     14      5      1   1460
      1     50      4      1      9      6     11      6      1   2684
      1     50      4      1     10      3     14      1      0   2090
      1     50      4      1     11      2      5      2      1   1116
      1     50      4      1     12      4     14      1      0   2018
      1     50      4      1     13      1      1      4      0   5991
      1     50      4      1     14      2      6      2      1   1212
      1     50      4      1     15      6      9      6      1   2059
      1     50      4      1     16      4     11      2      0   1177
      1     50      4      2      1      8     15      8      1   1478
      1     50      4      2      2      3      8      6      0   2658
      1     50      4      2      3      3     13      3      1   4492
      1     50      4      2      4      6     13      6      1   2243
      1     50      4      2      5      2     10      2      1   1427
      1     50      4      2      6      5      5      5      1   1392
      1     50      4      2      7      5      7      5      1   1560
      1     50      4      2      8      1      2      3      0   3842
      1     50      4      2      9      7      2      7      1   1759
      1     50      4      2     10      2      2      2      1   1292
      1     50      4      2     11      8     16      8      1   1141
      1     50      4      2     12      4      5      1      0   5492
      1     50      4      2     13      7      5      7      1   1509
      1     50      4      2     14      4      8      4      1   1658
      1     50      4      2     15      6      8      6      1   3025
      1     50      4      2     16      1     14      3      0   6843
      1     50      5      1      1      4     15      3      0   1446
      1     50      5      1      2      2      3      4      0   9416
      1     50      5      1      3      7     13      6      0   5325
      1     50      5      1      4      3     11      3      1   2827
      1     50      5      1      5      7      8      7      1   1290
      1     50      5      1      6      1      3      2      0   2247
      1     50      5      1      7      8      8      8      1   1211
      1     50      5      1      8      1      4      4      0   4032
      1     50      5      1      9      6     12      3      0   1655
      1     50      5      1     10      8     13      8      1   1088
      1     50      5      1     11      4     16      2      0   1883
      1     50      5      1     12      5      4      5      1   1153
      1     50      5      1     13      6      3      6      1   2135
      1     50      5      1     14      2      9      2      1   1277
      1     50      5      1     15      5      9      5      1   1206
      1     50      5      1     16      3      7      3      1   1668
      1     50      5      2      1      7      4      7      1   3960
      1     50      5      2      2      8     14      8      1   1258
      1     50      5      2      3      4     10      6      0   2992
      1     50      5      2      4      2      4      2      1   1609
      1     50      5      2      5      4      3      4      1   6492
      1     50      5      2      6      6     16      6      1   3225
      1     50      5      2      7      7      7      7      1   1242
      1     50      5      2      8      3      2      1      0   7825
      1     50      5      2      9      1      7      3      0   4309
      1     50      5      2     10      5      8      5      1   1492
      1     50      5      2     11      1      9      2      0   3425
      1     50      5      2     12      5      6      5      1   1162
      1     50      5      2     13      3     10      4      0   2946
      1     50      5      2     14      2      8      2      1   1008
      1     50      5      2     15      8      2      8      1   1106
      1     50      5      2     16      6      7      6      1   1442
      1     50      6      1      1      2      1      2      1    940
      1     50      6      1      2      3      9      3      1   1580
      1     50      6      1      3      5     10      5      1    932
      1     50      6      1      4      1      5      3      0   3170
      1     50      6      1      5      4     13      3      0   2907
      1     50      6      1      6      6      5      6      1   3031
      1     50      6      1      7      8      5      8      1   1178
      1     50      6      1      8      7     16      7      1   3097
      1     50      6      1      9      6     15      7      0   1667
      1     50      6      1     10      5      2      5      1   1501
      1     50      6      1     11      4     12      2      0   2025
      1     50      6      1     12      7     10      7      1   1322
      1     50      6      1     13      3     15      4      0   3747
      1     50      6      1     14      8      4      8      1   1005
      1     50      6      1     15      1     16      3      0  42827
      1     50      6      1     16      2     14      8      0   1482
      1     50      6      2      1      4      1      1      0   3545
      1     50      6      2      2      5     11      5      1    992
      1     50      6      2      3      3     16      4      0   2609
      1     50      6      2      4      2     13      2      1   3809
      1     50      6      2      5      8      3      8      1    976
      1     50      6      2      6      8     10      8      1   1125
      1     50      6      2      7      7     12      6      0   5511
      1     50      6      2      8      6      6      6      1   3525
      1     50      6      2      9      5     16      5      1   1159
      1     50      6      2     10      4      9      1      0   4375
      1     50      6      2     11      3      6      1      0   1429
      1     50      6      2     12      2     16      2      1   1542
      1     50      6      2     13      1      6      4      0   1225
      1     50      6      2     14      6     10      6      1   2009
      1     50      6      2     15      7     14      7      1   1409
      1     50      6      2     16      1     11      1      1   2311
      1     50      7      1      1      3     15      3      1   2006
      1     50      7      1      2      4     14      2      0   2890
      1     50      7      1      3      2      3      4      0   1398
      1     50      7      1      4      1     10      7      0   1936
      1     50      7      1      5      6     11      6      1   1253
      1     50      7      1      6      7     13      6      0   1475
      1     50      7      1      7      6      3      6      1   1108
      1     50      7      1      8      8     13      8      1   1284
      1     50      7      1      9      4     15      3      0   2281
      1     50      7      1     10      5      4      5      1    950
      1     50      7      1     11      1      4      1      1   2859
      1     50      7      1     12      7     16      6      0   2290
      1     50      7      1     13      8      5      8      1   1075
      1     50      7      1     14      2      5      2      1    940
      1     50      7      1     15      5      9      5      1   1084
      1     50      7      1     16      3     11      1      0   3573
      1     50      7      2      1      3      8      6      0   3561
      1     50      7      2      2      6      7      6      1   1926
      1     50      7      2      3      8     15      8      1   1008
      1     50      7      2      4      5      7      5      1   1125
      1     50      7      2      5      2     13      2      1   1876
      1     50      7      2      6      1      9      2      0   1259
      1     50      7      2      7      2     16      2      1   1058
      1     50      7      2      8      7      4      7      1   2827
      1     50      7      2      9      4      1      1      0   4093
      1     50      7      2     10      5      8      5      1   1225
      1     50      7      2     11      3     13      7      0   2559
      1     50      7      2     12      1     11      2      0   3593
      1     50      7      2     13      8     10      8      1   1042
      1     50      7      2     14      6      8      6      1   3059
      1     50      7      2     15      7     14      6      0   3742
      1     50      7      2     16      4      8      1      0   1925
      1     50      8      1      1      7      8      7      1   1417
      1     50      8      1      2      4     16      2      0   1264
      1     50      8      1      3      6     15      6      1   3054
      1     50      8      1      4      7     15      7      1   1445
      1     50      8      1      5      1      1      3      0   3735
      1     50      8      1      6      8      9      8      1   1178
      1     50      8      1      7      3      7      7      0   1733
      1     50      8      1      8      2      6      2      1   1047
      1     50      8      1      9      8      6      8      1   1279
      1     50      8      1     10      3      9      3      1   1589
      1     50      8      1     11      5     14      5      1   1302
      1     50      8      1     12      5     10      5      1   1467
      1     50      8      1     13      4     13      1      0   7609
      1     50      8      1     14      1      3      2      0   2099
      1     50      8      1     15      6      5      6      1   1827
      1     50      8      1     16      2      1      2      1    923
      1     50      8      2      1      7     12      7      1   4614
      1     50      8      2      2      2      4      2      1   2091
      1     50      8      2      3      4      9      4      1   7775
      1     50      8      2      4      1     14      1      1   4542
      1     50      8      2      5      8      2      8      1   1324
      1     50      8      2      6      1      2      3      0   2190
      1     50      8      2      7      8     16      8      1   1308
      1     50      8      2      8      5     11      5      1   1325
      1     50      8      2      9      2      2      2      1   1391
      1     50      8      2     10      3      6      7      0   3625
      1     50      8      2     11      6     16      7      0   1576
      1     50      8      2     12      6      6      7      0   1692
      1     50      8      2     13      5      6      5      1   1442
      1     50      8      2     14      7      5      7      1   1576
      1     50      8      2     15      3     16      1      0   1380
      1     50      8      2     16      4      5      7      0   1725
      1     50      9      1      1      1      5      3      0   2085
      1     50      9      1      2      8      8      8      1   1082
      1     50      9      1      3      6      9      7      0   1247
      1     50      9      1      4      5      2      5      1   1340
      1     50      9      1      5      1     16      7      0   2278
      1     50      9      1      6      2     14      8      0   1199
      1     50      9      1      7      3     12      3      1   1871
      1     50      9      1      8      2      9      2      1    944
      1     50      9      1      9      7      6      6      0   1745
      1     50      9      1     10      7     10      7      1   1009
      1     50      9      1     11      8      4      8      1   1108
      1     50      9      1     12      5     12      5      1   1188
      1     50      9      1     13      4     11      4      1   2341
      1     50      9      1     14      3     14      3      1   2428
      1     50      9      1     15      6     12      7      0   4208
      1     50      9      1     16      4     12      4      1   1697
      1     50      9      2      1      5     16      5      1   1110
      1     50      9      2      2      1      6      3      0   2991
      1     50      9      2      3      6     10      6      1   2042
      1     50      9      2      4      2     10      2      1   1475
      1     50      9      2      5      8      3      8      1   1492
      1     50      9      2      6      4      3      4      1   1625
      1     50      9      2      7      7      2      7      1   3942
      1     50      9      2      8      7      7      7      1   1409
      1     50      9      2      9      2      8      2      1   2258
      1     50      9      2     10      6     13      7      0   4342
      1     50      9      2     11      5      5      5      1   1259
      1     50      9      2     12      3     10      3      1   3175
      1     50      9      2     13      3      2      1      0   1775
      1     50      9      2     14      4     10      1      0   4075
      1     50      9      2     15      8     14      8      1   1258
      1     50      9      2     16      1      7      3      0   2447
