      2      3      1      1      1      1      5      7      0   6274   2317
      2      3      1      1      2      1      1      2      0   1388   3917
      2      3      1      1      3      6      8      3      0   2640   2522
      2      3      1      1      4      3     15      1      0   1062   1506
      2      3      1      1      5      1      5      1      1   1536   1382
      2      3      1      1      6      3     15      6      0   2060   2326
      2      3      1      1      7      6      9      6      1   2940   1922
      2      3      1      1      8      8      2      8      1   2083   1419
      2      3      1      1      9      6      5      6      1   3612   2633
      2      3      1      1     10      8      8      5      0   1745    851
      2      3      1      1     11      5      9      6      0   2570   1744
      2      3      1      1     12      2      4      4      0   1928    687
      2      3      1      1     13      4      1      8      0   3552    485
      2      3      1      1     14      5      2      5      1   1519   1301
      2      3      1      1     15      6     13      1      0   1379    865
      2      3      1      1     16      6      8      6      1   1206   1102
      2      3      1      2      1      1      4      2      0   5715     -1
      2      3      1      2      2      2     14      7      0   3526     -1
      2      3      1      2      3      8     13      8      1   3026     -1
      2      3      1      2      4      7     16      8      0  10178     -1
      2      3      1      2      5      5     12      5      1   1292     -1
      2      3      1      2      6      6      7      6      1   3174     -1
      2      3      1      2      7      6     11      6      1   1328     -1
      2      3      1      2      8      3     10      1      0   1194     -1
      2      3      1      2      9      2      5      5      0   1376     -1
      2      3      1      2     10      7      4      6      0   1526     -1
      2      3      1      2     11      1      6      2      0   1595     -1
      2      3      1      2     12      3      8      8      0   2894     -1
      2      3      1      2     13      4      3      1      0   1277     -1
      2      3      1      2     14      4     15      1      0    960     -1
      2      3      1      2     15      8      6      8      1   1810     -1
      2      3      1      2     16      5      5      5      1   1111     -1
      2      3      2      1      1      1      5      1      1   1011   3278
      2      3      2      1      2      6      8      8      0   1204    957
      2      3      2      1      3      5     10      5      1    931   1571
      2      3      2      1      4      3     13      1      0    972    906
      2      3      2      1      5      8     10      8      1   1158   1083
      2      3      2      1      6      6      3      6      1   2999    831
      2      3      2      1      7      8      9      8      1    930   1601
      2      3      2      1      8      5     10      5      1   1342   2969
      2      3      2      1      9      6      8      6      1   2271   2774
      2      3      2      1     10      8      8      8      1   1059   1033
      2      3      2      1     11      7     13      6      0   2849    960
      2      3      2      1     12      2      1      4      0   1454   4350
      2      3      2      1     13      1      3      2      0   2198    863
      2      3      2      1     14      3      7      1      0   1068    714
      2      3      2      1     15      7     10      1      0   1759    935
      2      3      2      1     16      3      2      1      0    990   4135
      2      3      2      2      1      7      6      6      0   3996     -1
      2      3      2      2      2      2      6      2      1   3212     -1
      2      3      2      2      3      5     11      5      1   1080     -1
      2      3      2      2      4      4      8      4      1   3596     -1
      2      3      2      2      5      3     14      4      0   2293     -1
      2      3      2      2      6      1      9      2      0   1343     -1
      2      3      2      2      7      7     14      1      0    927     -1
      2      3      2      2      8      6     12      6      1   2346     -1
      2      3      2      2      9      2      3      7      0   2344     -1
      2      3      2      2     10      8     14      8      1   1177     -1
      2      3      2      2     11      4     14      4      1   2026     -1
      2      3      2      2     12      3     12      1      0   1143     -1
      2      3      2      2     13      1     10      6      0   2179     -1
      2      3      2      2     14      5      7      5      1   1544     -1
      2      3      2      2     15      8      5      8      1   1477     -1
      2      3      2      2     16      6     15      6      1   1492     -1
      2      3      3      1      1      5     14      5      1   1668   3533
      2      3      3      1      2      1      5      1      1   1162    998
      2      3      3      1      3      1      7      1      1    896   1308
      2      3      3      1      4      3     13      1      0    615    912
      2      3      3      1      5      6      3      6      1   1500   1647
      2      3      3      1      6      1     16      1      1   1953    973
      2      3      3      1      7      2     13      2      1   1890   1461
      2      3      3      1      8      8      4      8      1    868    779
      2      3      3      1      9      4      5      7      0   3730    717
      2      3      3      1     10      7      7      4      0   1462   1096
      2      3      3      1     11      2      4      2      1    972   1103
      2      3      3      1     12      6      5      6      1   1300    913
      2      3      3      1     13      2     13      2      1   1207    756
      2      3      3      1     14      3      6      1      0    874   2955
      2      3      3      1     15      4     12      3      0   1016   1094
      2      3      3      1     16      1     11      3      0    901   2500
      2      3      3      2      1      4     13      2      0   1713     -1
      2      3      3      2      2      8     16      8      1   1327     -1
      2      3      3      2      3      8     15      8      1   1375     -1
      2      3      3      2      4      3     16      1      0   2661     -1
      2      3      3      2      5      6     16      4      0   6279     -1
      2      3      3      2      6      1      2      7      0   2843     -1
      2      3      3      2      7      1     14      1      1   1994     -1
      2      3      3      2      8      2     16      2      1   1560     -1
      2      3      3      2      9      2      9      2      1   1127     -1
      2      3      3      2     10      6      6      6      1   2477     -1
      2      3      3      2     11      4     16      5      0   3393     -1
      2      3      3      2     12      5      6      5      1   2110     -1
      2      3      3      2     13      7      8      1      0   1444     -1
      2      3      3      2     14      5      8      5      1    993     -1
      2      3      3      2     15      3     11      7      0   1761     -1
      2      3      3      2     16      7     15      7      1   2977     -1
      2      3      4      1      1      1      5      1      1   1556   2021
      2      3      4      1      2      5      9      5      1   1444    639
      2      3      4      1      3      7     12      7      1   1141    986
      2      3      4      1      4      7     10      7      1   1378    735
      2      3      4      1      5      4      9      5      0   1553    776
      2      3      4      1      6      2      4      4      0   1663   1847
      2      3      4      1      7      2     13      2      1   3451   2910
      2      3      4      1      8      2      2      2      1    926   2115
      2      3      4      1      9      3      9      1      0   1898   1044
      2      3      4      1     10      1      5      1      1   1083    979
      2      3      4      1     11      3      6      1      0    809   2309
      2      3      4      1     12      4     12      1      0    871   1037
      2      3      4      1     13      3      7      3      1   1130   1092
      2      3      4      1     14      2     10      2      1   1305    839
      2      3      4      1     15      6      3      1      0    905   1790
      2      3      4      1     16      1      1      6      0   2083   1190
      2      3      4      2      1      1      4      1      1  10413     -1
      2      3      4      2      2      5     12      5      1   1493     -1
      2      3      4      2      3      6     16      2      0   1944     -1
      2      3      4      2      4      3     12      1      0   1511     -1
      2      3      4      2      5      3     16      7      0   2195     -1
      2      3      4      2      6      5      8      5      1   1393     -1
      2      3      4      2      7      7      6      6      0   1831     -1
      2      3      4      2      8      2     14      8      0   1213     -1
      2      3      4      2      9      7      4      2      0   1614     -1
      2      3      4      2     10      4      8      7      0   2176     -1
      2      3      4      2     11      8      5      8      1   1010     -1
      2      3      4      2     12      1     10      1      1   1729     -1
      2      3      4      2     13      6      6      3      0   1560     -1
      2      3      4      2     14      4     16      2      0   1226     -1
      2      3      4      2     15      2      3      5      0   1227     -1
      2      3      4      2     16      8     16      8      1   1377     -1
      2      3      5      1      1      8      9      8      1    789   2347
      2      3      5      1      2      7     13      7      1   1359    591
      2      3      5      1      3      2     13      2      1   1191    822
      2      3      5      1      4      3     13      2      0    671    827
      2      3      5      1      5      1      7      1      1   1612   2618
      2      3      5      1      6      2     13      2      1    876   2964
      2      3      5      1      7      8      8      8      1   1047    717
      2      3      5      1      8      3     15      1      0    924    724
      2      3      5      1      9      3     13      3      1   1607   1197
      2      3      5      1     10      1      7      3      0    927   1162
      2      3      5      1     11      8      4      8      1    904   1331
      2      3      5      1     12      4      9      2      0   1354   5357
      2      3      5      1     13      1      3      2      0    793    770
      2      3      5      1     14      5     14      5      1   1361   1145
      2      3      5      1     15      1      3      3      0    862   1488
      2      3      5      1     16      8      9      8      1    834  10566
      2      3      5      2      1      8     15      2      0   1096     -1
      2      3      5      2      2      1      6      1      1   2210     -1
      2      3      5      2      3      5      5      5      1   1144     -1
      2      3      5      2      4      8      6      8      1    910     -1
      2      3      5      2      5      6     11      6      1   2194     -1
      2      3      5      2      6      4      3      1      0   1477     -1
      2      3      5      2      7      7     16      7      1   2426     -1
      2      3      5      2      8      3     14      1      0   1311     -1
      2      3      5      2      9      4     13      2      0    844     -1
      2      3      5      2     10      3      8      1      0   1045     -1
      2      3      5      2     11      6      7      6      1   1277     -1
      2      3      5      2     12      1      2      7      0   1562     -1
      2      3      5      2     13      2     16      2      1   1344     -1
      2      3      5      2     14      5     11      5      1    910     -1
      2      3      5      2     15      2      9      2      1    860     -1
      2      3      5      2     16      7     15      1      0    877     -1
      2      3      6      1      1      4      9      2      0   5450   1109
      2      3      6      1      2      3      7      1      0   2006   1642
      2      3      6      1      3      8     10      8      1   1925   1082
      2      3      6      1      4      2      8      2      1    766  11757
      2      3      6      1      5      7     12      1      0   1453   1743
      2      3      6      1      6      5     10      5      1   1023  28801
      2      3      6      1      7      7     13      1      0    799    897
      2      3      6      1      8      2     10      2      1   1313    833
      2      3      6      1      9      3     13      7      0    656    936
      2      3      6      1     10      3      7      2      0    799  29260
      2      3      6      1     11      3     13      2      0    551    714
      2      3      6      1     12      8      4      8      1    943    755
      2      3      6      1     13      2     10      2      1    917    765
      2      3      6      1     14      3     13      1      0    834    517
      2      3      6      1     15      5     16      5      1    902    500
      2      3      6      1     16      2      1      2      1   1769    745
      2      3      6      2      1      4     14      3      0  10513     -1
      2      3      6      2      2      8     13      2      0   1061     -1
      2      3      6      2      3      3     11      1      0   1626     -1
      2      3      6      2      4      1      9      2      0   1361     -1
      2      3      6      2      5      2      6      2      1   1260     -1
      2      3      6      2      6      7      8      1      0    977     -1
      2      3      6      2      7      2      5      2      1   1010     -1
      2      3      6      2      8      1     14      7      0    977     -1
      2      3      6      2      9      7     14      4      0   1644     -1
      2      3      6      2     10      6     12      6      1   1711     -1
      2      3      6      2     11      8     14      8      1   1011     -1
      2      3      6      2     12      6     15      6      1   1862     -1
      2      3      6      2     13      3     10      7      0   2277     -1
      2      3      6      2     14      4     15      7      0   1961     -1
      2      3      6      2     15      5      6      6      0   1993     -1
      2      3      6      2     16      5      7      5      1   1311     -1
      2      3      7      1      1      5     16      5      1   1326    672
      2      3      7      1      2      1      3      2      0    607    708
      2      3      7      1      3      5      4      5      1   1493  16892
      2      3      7      1      4      7     13      7      1   1267    844
      2      3      7      1      5      2     10      2      1   1100   1485
      2      3      7      1      6      7     13      7      1    974   4130
      2      3      7      1      7      8      4      8      1    717    976
      2      3      7      1      8      6      3      6      1   1150   1369
      2      3      7      1      9      1      3      3      0    840  14695
      2      3      7      1     10      3     13      3      1    716    782
      2      3      7      1     11      1      3      3      0    772  32365
      2      3      7      1     12      3     13      7      0    873   2398
      2      3      7      1     13      2     13      6      0    606    758
      2      3      7      1     14      7     13      4      0    708    789
      2      3      7      1     15      3      7      3      1   1279    949
      2      3      7      1     16      8      9      8      1    939    823
      2      3      7      2      1      8     16      8      1   1480     -1
      2      3      7      2      2      7     15      1      0   2031     -1
      2      3      7      2      3      4     15      3      0   1159     -1
      2      3      7      2      4      5      5      5      1   1644     -1
      2      3      7      2      5      3     11      4      0   1543     -1
      2      3      7      2      6      5     11      5      1    877     -1
      2      3      7      2      7      8      5      8      1   1227     -1
      2      3      7      2      8      7      4      7      1   1511     -1
      2      3      7      2      9      2      9      2      1   1080     -1
      2      3      7      2     10      6     16      6      1   1561     -1
      2      3      7      2     11      2     14      8      0   1165     -1
      2      3      7      2     12      6     11      6      1   1810     -1
      2      3      7      2     13      4      8      7      0   1594     -1
      2      3      7      2     14      3     12      1      0   2095     -1
      2      3      7      2     15      1      2      1      1   1494     -1
      2      3      7      2     16      1      9      2      0   1177     -1
      2      3      8      1      1      8      4      8      1    815   7188
      2      3      8      1      2      8      9      8      1    906  21611
      2      3      8      1      3      5      2      5      1   1130   1356
      2      3      8      1      4      4     11      2      0    961    885
      2      3      8      1      5      8      4      8      1    638    726
      2      3      8      1      6      1      5      1      1    947    702
      2      3      8      1      7      7     12      1      0   1209    592
      2      3      8      1      8      4     10      1      0    916    845
      2      3      8      1      9      4      5      1      0   1026    723
      2      3      8      1     10      4      9      4      1   1492    689
      2      3      8      1     11      3     13      1      0    536   1004
      2      3      8      1     12      3      7      3      1    997    701
      2      3      8      1     13      4     12      2      0    901    892
      2      3      8      1     14      5     16      5      1   1341    706
      2      3      8      1     15      8      9      8      1    787    990
      2      3      8      1     16      3     13      1      0    673    594
      2      3      8      2      1      4      3      3      0   1630     -1
      2      3      8      2      2      3     10      3      1    928     -1
      2      3      8      2      3      2      6      2      1   1094     -1
      2      3      8      2      4      3     14      4      0   2728     -1
      2      3      8      2      5      7     16      2      0   1729     -1
      2      3      8      2      6      1      6      4      0   1627     -1
      2      3      8      2      7      8     13      8      1   1443     -1
      2      3      8      2      8      6     15      6      1   1360     -1
      2      3      8      2      9      5      6      5      1   1076     -1
      2      3      8      2     10      4     16      2      0   1577     -1
      2      3      8      2     11      8     15      8      1   1042     -1
      2      3      8      2     12      1      4      1      1    977     -1
      2      3      8      2     13      5      8      5      1   1077     -1
      2      3      8      2     14      7      6      3      0   7660     -1
      2      3      8      2     15      6     12      4      0    909     -1
      2      3      8      2     16      2      5      2      1   1193     -1
      2      3      9      1      1      1      7      1      1   1071    645
      2      3      9      1      2      3     13      4      0   1227    556
      2      3      9      1      3      7      7      3      0   1010    705
      2      3      9      1      4      8     10      8      1    882    618
      2      3      9      1      5      4      5      1      0    834    747
      2      3      9      1      6      3      9      2      0    926    672
      2      3      9      1      7      6     13      1      0   1268   1204
      2      3      9      1      8      6      8      6      1   1019   1613
      2      3      9      1      9      8      9      8      1    657  10553
      2      3      9      1     10      7     12      1      0   1160    901
      2      3      9      1     11      6      3      1      0    801    566
      2      3      9      1     12      3     13      4      0    931    813
      2      3      9      1     13      2     13      2      1    592    787
      2      3      9      1     14      3     13      4      0    913    521
      2      3      9      1     15      6      3      6      1    966    813
      2      3      9      1     16      3     13      2      0    687    826
      2      3      9      2      1      6      7      6      1   1497     -1
      2      3      9      2      2      3     16      4      0   3527     -1
      2      3      9      2      3      8     14      8      1    979     -1
      2      3      9      2      4      2      3      2      1   2510     -1
      2      3      9      2      5      4     13      7      0   1562     -1
      2      3      9      2      6      5      7      5      1   1762     -1
      2      3      9      2      7      4     14      4      1   1198     -1
      2      3      9      2      8      7     14      1      0   1845     -1
      2      3      9      2      9      1     10      8      0   2695     -1
      2      3      9      2     10      5     12      5      1   1494     -1
      2      3      9      2     11      2     16      2      1   1411     -1
      2      3      9      2     12      6      6      7      0   1327     -1
      2      3      9      2     13      7      8      3      0   1377     -1
      2      3      9      2     14      3      8      4      0   3044     -1
      2      3      9      2     15      1     14      3      0    877     -1
      2      3      9      2     16      8      6      8      1   1076     -1
