      2     26      1      1      1      1     14      2      0   1599   3060
      2     26      1      1      2      3     15      6      0   3781   2586
      2     26      1      1      3      2      9      8      0   2215   1478
      2     26      1      1      4      1     14      1      1   1915   1658
      2     26      1      1      5      3     15      3      1   1157   1041
      2     26      1      1      6      2      9      2      1   1333   1852
      2     26      1      1      7      4     12      5      0   3384   1332
      2     26      1      1      8      1     14      1      1   7150   1823
      2     26      1      1      9      3     15      2      0   4246   1168
      2     26      1      1     10      1     14      1      1   1027   1579
      2     26      1      1     11      3     15      3      1   2460   5587
      2     26      1      1     12      2      9      2      1   4067   1624
      2     26      1      1     13      4     12      4      1   1459   1906
      2     26      1      1     14      5      8      7      0  14703  20538
      2     26      1      1     15      5      8      5      1   3427   2471
      2     26      1      1     16      5     16      5      1  19506   1793
      2     26      1      2      1      4      1      1      0   2110     -1
      2     26      1      2      2      8     16      6      0   5184     -1
      2     26      1      2      3      5      4      5      1   1340     -1
      2     26      1      2      4      3     11      8      0   1897     -1
      2     26      1      2      5      8      9      6      0   3482     -1
      2     26      1      2      6      7     15      7      1   3049     -1
      2     26      1      2      7      4      9      4      1   4485     -1
      2     26      1      2      8      7      7      7      1   8238     -1
      2     26      1      2      9      6     13      8      0   2212     -1
      2     26      1      2     10      3      8      6      0   4330     -1
      2     26      1      2     11      2     14      8      0  58056     -1
      2     26      1      2     12      2      4      3      0   7455     -1
      2     26      1      2     13      6      6      6      1  30343     -1
      2     26      1      2     14      1     11      1      1   1614     -1
      2     26      1      2     15      1      9      2      0   2216     -1
      2     26      1      2     16      5     12      1      0   1243     -1
      2     26      2      1      1      1     14      1      1   1363   9328
      2     26      2      1      2      3     15      3      1   2962   1154
      2     26      2      1      3      2      9      4      0   1027   1368
      2     26      2      1      4      1      4      6      0   1525   2136
      2     26      2      1      5      5     11      5      1   1202   1637
      2     26      2      1      6      1      4      1      1   1011   1076
      2     26      2      1      7      6      8      8      0   2254    841
      2     26      2      1      8      1      3      2      0   2310   1711
      2     26      2      1      9      4     11      3      0   1065   1916
      2     26      2      1     10      8     14      8      1   1725   1421
      2     26      2      1     11      2     10      4      0   1674    934
      2     26      2      1     12      5      8      5      1   1103  31303
      2     26      2      1     13      5     16      5      1   1374   1843
      2     26      2      1     14      8      8      8      1   1406    642
      2     26      2      1     15      1     16      7      0    924    738
      2     26      2      1     16      8     10      8      1   1037   4010
      2     26      2      2      1      7     12      2      0   7257     -1
      2     26      2      2      2      1      1      1      1   4297     -1
      2     26      2      2      3      8      3      8      1   1126     -1
      2     26      2      2      4      3     16      6      0   3583     -1
      2     26      2      2      5      3     10      6      0   2077     -1
      2     26      2      2      6      8      5      8      1   1477     -1
      2     26      2      2      7      5     10      5      1   1560     -1
      2     26      2      2      8      2     16      4      0   2182     -1
      2     26      2      2      9      1      6      2      0   3829     -1
      2     26      2      2     10      7      2      7      1   1849     -1
      2     26      2      2     11      6      3      7      0   2678     -1
      2     26      2      2     12      5      6      5      1   1431     -1
      2     26      2      2     13      4      8      3      0   4530     -1
      2     26      2      2     14      6      9      2      0   2716     -1
      2     26      2      2     15      4     10      2      0   4056     -1
      2     26      2      2     16      2      8      4      0   2932     -1
      2     26      3      1      1      2      9      2      1   1552   1341
      2     26      3      1      2      1      2      7      0   1307    784
      2     26      3      1      3      3      7      1      0   1244    930
      2     26      3      1      4      3     13      3      1   1661   1580
      2     26      3      1      5      2      1      2      1   1095    970
      2     26      3      1      6      7      4      3      0    971    953
      2     26      3      1      7      3      9      7      0   1251   1118
      2     26      3      1      8      6     16      6      1    873   4384
      2     26      3      1      9      6     15      6      1   1204   1441
      2     26      3      1     10      6      7      6      1    956   1471
      2     26      3      1     11      8     10      8      1    851    679
      2     26      3      1     12      3      2      2      0   2010    948
      2     26      3      1     13      3     14      3      1   1210    902
      2     26      3      1     14      1      5      3      0   1111   1011
      2     26      3      1     15      5      5      5      1   1850   1103
      2     26      3      1     16      4      5      1      0   1472   1049
      2     26      3      2      1      5     14      5      1    983     -1
      2     26      3      2      2      7     14      7      1   4496     -1
      2     26      3      2      3      2      2      2      1   2250     -1
      2     26      3      2      4      6     11      6      1   5013     -1
      2     26      3      2      5      4     15      4      1   4767     -1
      2     26      3      2      6      3      6      3      1   2444     -1
      2     26      3      2      7      1     10      1      1   2379     -1
      2     26      3      2      8      7      8      3      0  10670     -1
      2     26      3      2      9      8     13      8      1   1265     -1
      2     26      3      2     10      1      7      1      1   2129     -1
      2     26      3      2     11      2      6      2      1   1761     -1
      2     26      3      2     12      5      2      5      1   1131     -1
      2     26      3      2     13      6     12      3      0   3733     -1
      2     26      3      2     14      4     14      3      0  25039     -1
      2     26      3      2     15      8      6      8      1   1028     -1
      2     26      3      2     16      3     12      3      1   2344     -1
      2     26      4      1      1      1      2      3      0   1251   1731
      2     26      4      1      2      1      2      1      1   1090   1061
      2     26      4      1      3      3      7      3      1    737    619
      2     26      4      1      4      3     15      3      1    642   1519
      2     26      4      1      5      2      1      2      1    740    706
      2     26      4      1      6      7      6      7      1   1067   2467
      2     26      4      1      7      6     10      6      1   1363   1140
      2     26      4      1      8      6      5      3      0   1536    818
      2     26      4      1      9      8     15      8      1    788    691
      2     26      4      1     10      3     14      7      0   1545   1036
      2     26      4      1     11      3      2      3      1   1198   1820
      2     26      4      1     12      7      6      7      1   1131   1267
      2     26      4      1     13      1     14      1      1   1108    776
      2     26      4      1     14      4     13      1      0    833   3233
      2     26      4      1     15      4      3      4      1   1277   1125
      2     26      4      1     16      4     12      4      1    987   3278
      2     26      4      2      1      3     16      1      0  14831     -1
      2     26      4      2      2      2      2      2      1   1399     -1
      2     26      4      2      3      5     12      5      1   1314     -1
      2     26      4      2      4      6      6      7      0   2333     -1
      2     26      4      2      5      8      3      8      1   1698     -1
      2     26      4      2      6      6     11      6      1   1815     -1
      2     26      4      2      7      2     16      4      0   1560     -1
      2     26      4      2      8      4     10      3      0   5602     -1
      2     26      4      2      9      5      6      5      1   1360     -1
      2     26      4      2     10      1      9      1      1   1599     -1
      2     26      4      2     11      3      8      7      0   1844     -1
      2     26      4      2     12      4      8      1      0   4734     -1
      2     26      4      2     13      7      7      3      0   2862     -1
      2     26      4      2     14      1     10      1      1   1465     -1
      2     26      4      2     15      8     16      8      1   1616     -1
      2     26      4      2     16      7     15      7      1   1465     -1
      2     26      5      1      1      1     14      1      1    943   2510
      2     26      5      1      2      1      2      1      1   1246   1347
      2     26      5      1      3      3      7      3      1   1459    736
      2     26      5      1      4      3     13      3      1   1112   1091
      2     26      5      1      5      2      1      2      1    927   1028
      2     26      5      1      6      7      4      7      1   1291   1501
      2     26      5      1      7      3      9      7      0   1053   2367
      2     26      5      1      8      3      9      3      1    716   1461
      2     26      5      1      9      6     16      6      1   2990    903
      2     26      5      1     10      6     15      6      1   3509    731
      2     26      5      1     11      7      6      7      1   1208    753
      2     26      5      1     12      6     10      6      1   3001   1348
      2     26      5      1     13      6      5      6      1   1103   2614
      2     26      5      1     14      8     15      8      1    913    878
      2     26      5      1     15      8      8      8      1    956   1096
      2     26      5      1     16      1     16      1      1   3070    711
      2     26      5      2      1      2      6      2      1   3953     -1
      2     26      5      2      2      6     12      6      1  32663     -1
      2     26      5      2      3      1      6      1      1   3267     -1
      2     26      5      2      4      3      6      3      1   2728     -1
      2     26      5      2      5      4     15      4      1   2814     -1
      2     26      5      2      6      7     14      7      1   2748     -1
      2     26      5      2      7      8      5      8      1   1114     -1
      2     26      5      2      8      5     10      5      1   1014     -1
      2     26      5      2      9      3     11      7      0   2984     -1
      2     26      5      2     10      8      6      8      1   1115     -1
      2     26      5      2     11      5      4      5      1   1059     -1
      2     26      5      2     12      7      2      7      1   2933     -1
      2     26      5      2     13      6     13      3      0   7816     -1
      2     26      5      2     14      1      7      3      0   3212     -1
      2     26      5      2     15      2      8      2      1   1198     -1
      2     26      5      2     16      4      9      4      1   3896     -1
      2     26      6      1      1      6      5      3      0   1626   8898
      2     26      6      1      2      8      2      8      1   1253   7279
      2     26      6      1      3      7     13      3      0   1610    720
      2     26      6      1      4      7     16      3      0   1054   1260
      2     26      6      1      5      7     10      7      1   1274   2527
      2     26      6      1      6      4     11      3      0    961    767
      2     26      6      1      7      4     11      4      1    626    453
      2     26      6      1      8      1      3      1      1   1646    554
      2     26      6      1      9      5     11      5      1    745    644
      2     26      6      1     10      1      4      1      1   1162   1367
      2     26      6      1     11      6      8      7      0   9186   1026
      2     26      6      1     12      6      8      6      1   1489   2116
      2     26      6      1     13      5      5      5      1   1691   2169
      2     26      6      1     14      2     13      2      1   1647    813
      2     26      6      1     15      2      5      2      1    995   1134
      2     26      6      1     16      4     16      4      1   7465    688
      2     26      6      2      1      4      1      1      0   3553     -1
      2     26      6      2      2      7     12      7      1   2862     -1
      2     26      6      2      3      8     13      8      1   1147     -1
      2     26      6      2      4      7      8      7      1   5364     -1
      2     26      6      2      5      6      9      6      1   1460     -1
      2     26      6      2      6      4     14      4      1   1281     -1
      2     26      6      2      7      5     14      5      1   1081     -1
      2     26      6      2      8      1     11      1      1   3162     -1
      2     26      6      2      9      1      1      1      1   1544     -1
      2     26      6      2     10      5      2      5      1   1109     -1
      2     26      6      2     11      8      9      8      1    910     -1
      2     26      6      2     12      3     12      3      1   2316     -1
      2     26      6      2     13      2      4      2      1   1043     -1
      2     26      6      2     14      6      3      6      1   1581     -1
      2     26      6      2     15      2     14      8      0   1615     -1
      2     26      6      2     16      3     10      3      1   3451     -1
      2     26      7      1      1      7     13      7      1    973   4832
      2     26      7      1      2      3      7      3      1   1942   1145
      2     26      7      1      3      1      2      3      0   1279    781
      2     26      7      1      4      3     13      3      1   1009    932
      2     26      7      1      5      3      9      7      0   1680    992
      2     26      7      1      6      7      4      7      1   1360    637
      2     26      7      1      7      7      6      7      1   1206   1512
      2     26      7      1      8      6     10      6      1   5017  23803
      2     26      7      1      9      8     14      8      1    929    977
      2     26      7      1     10      2     10      2      1   1110   1725
      2     26      7      1     11      4      3      3      0   1158    932
      2     26      7      1     12      4      3      4      1   1178   1481
      2     26      7      1     13      3     14      3      1   1312  32040
      2     26      7      1     14      4     16      4      1   1101   1410
      2     26      7      1     15      4      5      3      0   1532   1006
      2     26      7      1     16      7     10      7      1   1496  11370
      2     26      7      2      1      8      3      8      1  53019     -1
      2     26      7      2      2      4      8      3      0   8405     -1
      2     26      7      2      3      6      3      6      1   1110     -1
      2     26      7      2      4      7     15      7      1   1382     -1
      2     26      7      2      5      1     11      1      1   1314     -1
      2     26      7      2      6      4     10      4      1   5080     -1
      2     26      7      2      7      3     10      3      1   1431     -1
      2     26      7      2      8      6     13      6      1   2946     -1
      2     26      7      2      9      5     12      5      1    965     -1
      2     26      7      2     10      8     13      8      1   1047     -1
      2     26      7      2     11      1      1      1      1   4084     -1
      2     26      7      2     12      5     14      5      1    959     -1
      2     26      7      2     13      3     12      3      1   2147     -1
      2     26      7      2     14      2      8      2      1    926     -1
      2     26      7      2     15      2     14      8      0   1177     -1
      2     26      7      2     16      7     14      3      0   3200     -1
      2     26      8      1      1      6     16      6      1   1584   4394
      2     26      8      1      2      3     15      3      1    740    507
      2     26      8      1      3      8      2      8      1    936    808
      2     26      8      1      4      8     14      8      1    866    924
      2     26      8      1      5      5      9      5      1   1111    686
      2     26      8      1      6      8      2      8      1   1605  15439
      2     26      8      1      7      5      9      5      1    677    945
      2     26      8      1      8      5     16      5      1   2277   1289
      2     26      8      1      9      5      5      5      1   1443    963
      2     26      8      1     10      3     15      3      1    927   1596
      2     26      8      1     11      4      5      1      0   1263   2912
      2     26      8      1     12      4      5      4      1    864   1333
      2     26      8      1     13      7      5      3      0   1486    775
      2     26      8      1     14      3      7      3      1    873    950
      2     26      8      1     15      1      2      1      1   2041   1014
      2     26      8      1     16      7      4      7      1   1550    956
      2     26      8      2      1      5      6      5      1   1334     -1
      2     26      8      2      2      8      5      8      1   1160     -1
      2     26      8      2      3      7      2      7      1   1376     -1
      2     26      8      2      4      8      9      8      1   1132     -1
      2     26      8      2      5      2      2      2      1    982     -1
      2     26      8      2      6      1      6      1      1   1211     -1
      2     26      8      2      7      3     16      4      0   7437     -1
      2     26      8      2      8      7      8      7      1   1543     -1
      2     26      8      2      9      3      8      7      0   5503     -1
      2     26      8      2     10      4      1      1      0   2745     -1
      2     26      8      2     11      2      4      2      1    932     -1
      2     26      8      2     12      5     10      5      1   1081     -1
      2     26      8      2     13      4     15      3      0   2147     -1
      2     26      8      2     14      6      6      6      1   2014     -1
      2     26      8      2     15      1      9      1      1   1415     -1
      2     26      8      2     16      6     11      6      1   1098     -1
      2     26      9      1      1      2      9      3      0    700   4227
      2     26      9      1      2      3     15      3      1   2261    475
      2     26      9      1      3      3      7      3      1   1588   1311
      2     26      9      1      4      6     16      6      1   1438   3276
      2     26      9      1      5      7      6      7      1   1473   1275
      2     26      9      1      6      1      5      1      1   1577   1094
      2     26      9      1      7      4      5      4      1   1223   1437
      2     26      9      1      8      3      2      7      0   1300    761
      2     26      9      1      9      3      2      3      1   1338   1441
      2     26      9      1     10      2      3      1      0   1239   1681
      2     26      9      1     11      2      3      2      1    971   1276
      2     26      9      1     12      5      7      5      1    843   5428
      2     26      9      1     13      4      5      4      1  28476  23169
      2     26      9      1     14      3     14      7      0   1146   6805
      2     26      9      1     15      7      6      7      1   1605    791
      2     26      9      1     16      3      2      3      1   2377    839
      2     26      9      2      1      3     11      3      1   4199     -1
      2     26      9      2      2      5      4      5      1   1015     -1
      2     26      9      2      3      7      7      7      1   2045     -1
      2     26      9      2      4      1     10      1      1   1232     -1
      2     26      9      2      5      5      2      5      1   1082     -1
      2     26      9      2      6      3      6      3      1   2861     -1
      2     26      9      2      7      2      6      2      1    932     -1
      2     26      9      2      8      4     14      4      1   7477     -1
      2     26      9      2      9      6      9      6      1   1045     -1
      2     26      9      2     10      6     12      6      1   2749     -1
      2     26      9      2     11      8      6      8      1   1031     -1
      2     26      9      2     12      2     16      4      0   1382     -1
      2     26      9      2     13      7     12      3      0   2248     -1
      2     26      9      2     14      8     16      8      1   1048     -1
      2     26      9      2     15      4      9      2      0   3532     -1
      2     26      9      2     16      1      7      1      1   1798     -1
