      2    158      1      1      1      7     13      3      0   6841   2527
      2    158      1      1      2      2     16      4      0   2065   3437
      2    158      1      1      3      2      2      4      0   2746   4962
      2    158      1      1      4      3      6      6      0   1676   5624
      2    158      1      1      5      5     16      7      0   3078   6107
      2    158      1      1      6      5      8      5      1   2317   2405
      2    158      1      1      7      5     16      5      1   1105   1516
      2    158      1      1      8      5      2      5      1   1044    967
      2    158      1      1      9      3      6      3      1   1337   1074
      2    158      1      1     10      1     16      7      0   1395    983
      2    158      1      1     11      1     16      1      1   1299   1932
      2    158      1      1     12      2      2      7      0   1410    853
      2    158      1      1     13      2      2      2      1   2495   1638
      2    158      1      1     14      7     13      1      0   2963    931
      2    158      1      1     15      7     13      7      1   1199   1014
      2    158      1      1     16      2     16      3      0   1180    819
      2    158      1      2      1      1     14      2      0   4731
      2    158      1      2      2      7      2      7      1   5058
      2    158      1      2      3      6     13      1      0   3543
      2    158      1      2      4      2      3      7      0   3310
      2    158      1      2      5      4      5      2      0   2774
      2    158      1      2      6      4     15      4      1   5992
      2    158      1      2      7      2     13      8      0   3711
      2    158      1      2      8      1     11      2      0   2311
      2    158      1      2      9      6      7      5      0   1727
      2    158      1      2     10      8     14      6      0   3993
      2    158      1      2     11      3      7      4      0   2493
      2    158      1      2     12      8     15      2      0   3043
      2    158      1      2     13      7      7      6      0   1477
      2    158      1      2     14      3      2      3      1   1746
      2    158      1      2     15      5     11      5      1    960
      2    158      1      2     16      5      6      5      1   1178
      2    158      2      1      1      2      6      2      1   1255   1284
      2    158      2      1      2      5      7      5      1   1236   1074
      2    158      2      1      3      8      2      2      0   2956   1643
      2    158      2      1      4      8      4      8      1    869   1255
      2    158      2      1      5      6      6      3      0   1565   3080
      2    158      2      1      6      6      8      6      1   1839   4448
      2    158      2      1      7      3     14      2      0   2361   1311
      2    158      2      1      8      3      6      3      1   2154   1401
      2    158      2      1      9      5      5      5      1   2129    901
      2    158      2      1     10      4     13      4      1   1813   2063
      2    158      2      1     11      3     16      4      0   2422   1385
      2    158      2      1     12      6     16      6      1   1311   1605
      2    158      2      1     13      1     10      1      1   2713    818
      2    158      2      1     14      8      4      8      1   1227   1067
      2    158      2      1     15      3     15      8      0   6804   2907
      2    158      2      1     16      1      1      3      0    860   1329
      2    158      2      2      1      6     12      6      1   2613
      2    158      2      2      2      1      5      4      0   6877
      2    158      2      2      3      6     11      6      1   1611
      2    158      2      2      4      7     12      7      1   4761
      2    158      2      2      5      7      4      6      0   3211
      2    158      2      2      6      2      9      7      0   3277
      2    158      2      2      7      3      8      3      1   1728
      2    158      2      2      8      2     14      8      0   2078
      2    158      2      2      9      5     12      5      1   1144
      2    158      2      2     10      3     13      3      1   6343
      2    158      2      2     11      8      8      8      1   1361
      2    158      2      2     12      5      9      5      1   1493
      2    158      2      2     13      1      3      2      0   2093
      2    158      2      2     14      4     12      3      0   2545
      2    158      2      2     15      8     13      4      0   1210
      2    158      2      2     16      4      8      2      0   3428
      2    158      3      1      1      6     15      1      0   1770   1908
      2    158      3      1      2      2      2      1      0   1143   1069
      2    158      3      1      3      7     16      1      0   1346   3689
      2    158      3      1      4      3     15      1      0   1067   5242
      2    158      3      1      5      7     10      1      0    866   1456
      2    158      3      1      6      1      7      1      1   1573   4384
      2    158      3      1      7      3     14      1      0   1112   2770
      2    158      3      1      8      3     16      1      0   1011   1427
      2    158      3      1      9      1      7      1      1    935   2861
      2    158      3      1     10      4      9      1      0    763   1440
      2    158      3      1     11      7     15      1      0   1260   6724
      2    158      3      1     12      1      6      1      1   1616   1982
      2    158      3      1     13      4      3      7      0   1290   4497
      2    158      3      1     14      1      4      8      0   1053   1565
      2    158      3      1     15      3     14      7      0   4328   1656
      2    158      3      1     16      4      9      7      0    909   1444
      2    158      3      2      1      2      5      4      0   6030
      2    158      3      2      2      7      5      7      1   6279
      2    158      3      2      3      1      2      3      0   3559
      2    158      3      2      4      5     10      5      1   1177
      2    158      3      2      5      4     16      4      1   1561
      2    158      3      2      6      8      6      8      1   1144
      2    158      3      2      7      5      4      5      1    944
      2    158      3      2      8      7      8      7      1   3894
      2    158      3      2      9      3     11      3      1   2144
      2    158      3      2     10      4     11      2      0   3012
      2    158      3      2     11      6      5      6      1   1677
      2    158      3      2     12      8     16      8      1   1359
      2    158      3      2     13      3     12      3      1   5628
      2    158      3      2     14      6     10      6      1   1411
      2    158      3      2     15      2      4      4      0   1227
      2    158      3      2     16      1      9      7      0   2411
      2    158      4      1      1      2      6      2      1   1592   1346
      2    158      4      1      2      4      9      7      0   2592    773
      2    158      4      1      3      3      6      7      0   2460    722
      2    158      4      1      4      2      8      4      0   1044   1672
      2    158      4      1      5      1     10      8      0   1523   1135
      2    158      4      1      6      7      6      6      0   1640   2530
      2    158      4      1      7      3     10      1      0   2156   1678
      2    158      4      1      8      7     14      4      0   1085   1598
      2    158      4      1      9      5      7      5      1   1101   1321
      2    158      4      1     10      5     14      5      1   1597   3261
      2    158      4      1     11      1      4      1      1   2948   1653
      2    158      4      1     12      4      3      1      0   1302   2025
      2    158      4      1     13      4      1      8      0   1033   1797
      2    158      4      1     14      7     13      7      1   1469   1466
      2    158      4      1     15      3      9      3      1   2212   1000
      2    158      4      1     16      4      9      4      1   1113   1572
      2    158      4      2      1      5     12      5      1   1164
      2    158      4      2      2      1      3      1      1   2395
      2    158      4      2      3      7      2      7      1   2628
      2    158      4      2      4      8      6      8      1   1278
      2    158      4      2      5      6      7      6      1   1561
      2    158      4      2      6      3      2      7      0   2494
      2    158      4      2      7      6     10      6      1   2028
      2    158      4      2      8      8      8      3      0   3110
      2    158      4      2      9      2     13      4      0   1444
      2    158      4      2     10      2      4      2      1   1261
      2    158      4      2     11      5     11      5      1   1144
      2    158      4      2     12      7      8      6      0   2677
      2    158      4      2     13      1     14      3      0   1727
      2    158      4      2     14      3     13      6      0   1711
      2    158      4      2     15      4     11      2      0   1460
      2    158      4      2     16      4     12      4      1   1111
      2    158      5      1      1      6      3      6      1    992   2787
      2    158      5      1      2      1      1      2      0    722   3959
      2    158      5      1      3      3      6      7      0   1153    942
      2    158      5      1      4      4      3      3      0    880   3343
      2    158      5      1      5      3     16      3      1   1002   1321
      2    158      5      1      6      3      9      3      1    811   4344
      2    158      5      1      7      3     14      3      1    996    884
      2    158      5      1      8      7      6      6      0   1194   1885
      2    158      5      1      9      4     13      4      1   1274   2366
      2    158      5      1     10      3      6      1      0   1101   1536
      2    158      5      1     11      1      7      1      1   1089   1875
      2    158      5      1     12      2      6      2      1    738   1384
      2    158      5      1     13      4      3      4      1   1002   1551
      2    158      5      1     14      2      2      2      1    915    997
      2    158      5      1     15      6     16      6      1   1270    877
      2    158      5      1     16      7      6      6      0    975   1019
      2    158      5      2      1      3     11      7      0   5863
      2    158      5      2      2      3      8      3      1   3261
      2    158      5      2      3      8     16      8      1   1193
      2    158      5      2      4      6     12      6      1   1478
      2    158      5      2      5      7      4      6      0   1377
      2    158      5      2      6      4      8      4      1   2978
      2    158      5      2      7      7      5      7      1   1997
      2    158      5      2      8      1      9      2      0   1427
      2    158      5      2      9      2      9      4      0   2146
      2    158      5      2     10      4      5      4      1   3244
      2    158      5      2     11      2      3      2      1   1044
      2    158      5      2     12      5      9      5      1   1411
      2    158      5      2     13      5     10      5      1    978
      2    158      5      2     14      8     14      8      1   1327
      2    158      5      2     15      6     11      6      1   1194
      2    158      5      2     16      1     11      1      1   1611
      2    158      6      1      1      7     10      2      0   1632   1126
      2    158      6      1      2      2      6      2      1    798    588
      2    158      6      1      3      2      8      2      1   1521    811
      2    158      6      1      4      8      5      8      1    974   1218
      2    158      6      1      5      7     15      7      1   1400    717
      2    158      6      1      6      2     10      4      0   1030    965
      2    158      6      1      7      1      4      1      1   1128   1016
      2    158      6      1      8      4      3      3      0   1468    831
      2    158      6      1      9      3     16      3      1   2557   1414
      2    158      6      1     10      1      6      1      1   2152    780
      2    158      6      1     11      4     13      4      1   2848   1245
      2    158      6      1     12      1     10      2      0   2478    852
      2    158      6      1     13      2     16      8      0   1290    971
      2    158      6      1     14      6     15      6      1   1516   1029
      2    158      6      1     15      8      4      8      1    942    676
      2    158      6      1     16      5      5      6      0   1324    824
      2    158      6      2      1      1      2      3      0   2114
      2    158      6      2      2      7      7      7      1   1661
      2    158      6      2      3      5      4      5      1   1344
      2    158      6      2      4      4     16      4      1   3578
      2    158      6      2      5      8     13      8      1   1527
      2    158      6      2      6      3      7      3      1   2426
      2    158      6      2      7      8     15      8      1   1210
      2    158      6      2      8      4     15      1      0   3095
      2    158      6      2      9      5      6      5      1   1478
      2    158      6      2     10      2      5      2      1   2043
      2    158      6      2     11      1      5      1      1   2328
      2    158      6      2     12      7     12      7      1   5745
      2    158      6      2     13      6      5      6      1   2611
      2    158      6      2     14      3     12      3      1   1944
      2    158      6      2     15      6     13      6      1   2512
      2    158      6      2     16      2     14      4      0   1693
      2    158      7      1      1      4     13      4      1   1064   1784
      2    158      7      1      2      8     10      8      1   1042   1595
      2    158      7      1      3      5      2      5      1   1073   1005
      2    158      7      1      4      8      3      8      1   1241   2150
      2    158      7      1      5      2      1      2      1    979    787
      2    158      7      1      6      3     15      4      0   1299    801
      2    158      7      1      7      6     16      6      1    914    801
      2    158      7      1      8      3     15      3      1   2237   1073
      2    158      7      1      9      6      3      6      1   1486   1682
      2    158      7      1     10      8      9      8      1   1215   1111
      2    158      7      1     11      4     14      4      1   1627    839
      2    158      7      1     12      5      7      5      1   1172    990
      2    158      7      1     13      6      6      6      1   1386    829
      2    158      7      1     14      6      9      6      1   1051   1272
      2    158      7      1     15      1      7      1      1   1146   1016
      2    158      7      1     16      6      8      6      1    988    974
      2    158      7      2      1      1     14      1      1   4380
      2    158      7      2      2      2     14      4      0   1494
      2    158      7      2      3      8     14      8      1    960
      2    158      7      2      4      4      8      4      1   2877
      2    158      7      2      5      7     12      3      0   5577
      2    158      7      2      6      5     10      5      1   1261
      2    158      7      2      7      6     13      6      1   1428
      2    158      7      2      8      3      8      3      1   2294
      2    158      7      2      9      8     15      8      1   1294
      2    158      7      2     10      2      9      2      1   3010
      2    158      7      2     11      3     13      3      1   1145
      2    158      7      2     12      6     12      6      1   1127
      2    158      7      2     13      4     12      4      1   1693
      2    158      7      2     14      1     11      1      1   1811
      2    158      7      2     15      7      7      7      1   3327
      2    158      7      2     16      5     12      5      1   1411
      2    158      8      1      1      8      2      8      1   1400   1010
      2    158      8      1      2      3      9      3      1   1503   1613
      2    158      8      1      3      7     16      7      1   1187   1189
      2    158      8      1      4      5     14      5      1   1366    635
      2    158      8      1      5      5      7      5      1   1126   1119
      2    158      8      1      6      3     14      3      1   1009   1592
      2    158      8      1      7      7     14      7      1   2133   1734
      2    158      8      1      8      4     10      4      1   5783    814
      2    158      8      1      9      1      1      1      1   1183    946
      2    158      8      1     10      7     10      7      1   1112    770
      2    158      8      1     11      2      2      2      1    754   1105
      2    158      8      1     12      1     16      4      0   1053   1139
      2    158      8      1     13      3      6      1      0    923   1494
      2    158      8      1     14      4      1      7      0   1638   1547
      2    158      8      1     15      4      9      4      1   1685    912
      2    158      8      1     16      2      6      2      1    640    708
      2    158      8      2      1      3     11      3      1   3564
      2    158      8      2      2      5     11      5      1   1126
      2    158      8      2      3      2      4      2      1    929
      2    158      8      2      4      7      2      7      1   1044
      2    158      8      2      5      1      5      1      1   1695
      2    158      8      2      6      6      5      6      1   1060
      2    158      8      2      7      6     11      6      1   1494
      2    158      8      2      8      1      2      3      0   4027
      2    158      8      2      9      8     13      8      1   1010
      2    158      8      2     10      2     13      2      1   1476
      2    158      8      2     11      8      8      8      1   1144
      2    158      8      2     12      5      6      5      1   1110
      2    158      8      2     13      4      5      4      1   2060
      2    158      8      2     14      7      4      6      0   1293
      2    158      8      2     15      4     15      3      0   3043
      2    158      8      2     16      3     12      3      1   2595
      2    158      9      1      1      1      1      1      1   1980   2161
      2    158      9      1      2      7     10      7      1    827   1166
      2    158      9      1      3      2      6      2      1    532    947
      2    158      9      1      4      3     10      3      1   1253   1189
      2    158      9      1      5      1     16      1      1   1172   1088
      2    158      9      1      6      4      1      4      1   1072    793
      2    158      9      1      7      4      9      4      1   1366    585
      2    158      9      1      8      1      1      3      0    779    753
      2    158      9      1      9      4     10      4      1   1224   1201
      2    158      9      1     10      1     16      1      1    732    899
      2    158      9      1     11      7     13      7      1    751   1174
      2    158      9      1     12      7     14      7      1    918    846
      2    158      9      1     13      2     16      4      0   1479   1524
      2    158      9      1     14      4      3      4      1   1142   1920
      2    158      9      1     15      1      4      1      1    968   1010
      2    158      9      1     16      8      5      8      1    842   1118
      2    158      9      2      1      7      8      7      1   1547
      2    158      9      2      2      8      6      8      1   1143
      2    158      9      2      3      1      9      1      1   1162
      2    158      9      2      4      7      5      7      1   1110
      2    158      9      2      5      6      7      6      1   1227
      2    158      9      2      6      5      4      5      1   1427
      2    158      9      2      7      2      5      2      1   1411
      2    158      9      2      8      4     11      4      1   1245
      2    158      9      2      9      5      9      5      1   1077
      2    158      9      2     10      3      2      3      1   1811
      2    158      9      2     11      1      3      1      1   1328
      2    158      9      2     12      3      7      3      1   1644
      2    158      9      2     13      4     16      4      1   7259
      2    158      9      2     14      2      3      2      1   1276
      2    158      9      2     15      8     16      8      1   1226
      2    158      9      2     16      6     10      6      1   1194
