      2     62      1      1      1      5     10      3      0   2288   3317
      2     62      1      1      2      1      1      3      0   1720   4770
      2     62      1      1      3      3      2      1      0   1295   6319
      2     62      1      1      4      5      9      5      1   1797   4876
      2     62      1      1      5      8      8      2      0   1342   2128
      2     62      1      1      6      1     10      8      0   1273  10987
      2     62      1      1      7      3     14      1      0   1342   2115
      2     62      1      1      8      3      7      3      1   1061   1606
      2     62      1      1      9      8      4      1      0   1056   2725
      2     62      1      1     10      5     16      5      1   2038   2282
      2     62      1      1     11      4     13      7      0   1173   3016
      2     62      1      1     12      6      9      2      0   1255   4036
      2     62      1      1     13      1      7      2      0   1898   2571
      2     62      1      1     14      7     13      2      0   1738   3219
      2     62      1      1     15      5      5      3      0   1841   1638
      2     62      1      1     16      8      2      1      0   1728   1768
      2     62      1      2      1      5      6      1      0   3790     -1
      2     62      1      2      2      1     16      1      1  12142     -1
      2     62      1      2      3      8      6      8      1   4825     -1
      2     62      1      2      4      5     12      5      1   1181     -1
      2     62      1      2      5      4     14      6      0   4225     -1
      2     62      1      2      6      3     15      1      0   4209     -1
      2     62      1      2      7      7     14      7      1   1776     -1
      2     62      1      2      8      6     16      2      0   1927     -1
      2     62      1      2      9      8     14      8      1   3615     -1
      2     62      1      2     10      7      7      3      0   3644     -1
      2     62      1      2     11      2      4      7      0   8361     -1
      2     62      1      2     12      4     16      4      1   2893     -1
      2     62      1      2     13      2     14      4      0   3480     -1
      2     62      1      2     14      3     11      1      0   4043     -1
      2     62      1      2     15      6      5      2      0   1061     -1
      2     62      1      2     16      1      6      7      0   2360     -1
      2     62      2      1      1      8     16      8      1   2736   3088
      2     62      2      1      2      6      7      4      0   1620   2136
      2     62      2      1      3      6     13      6      1   1200   1305
      2     62      2      1      4      3      8      7      0    842   1871
      2     62      2      1      5      3     14      3      1   1082   1143
      2     62      2      1      6      3      7      6      0   1003   6793
      2     62      2      1      7      1      1      3      0    743   2065
      2     62      2      1      8      3      2      1      0   1007   1806
      2     62      2      1      9      1      7      3      0   3194   4343
      2     62      2      1     10      7      8      3      0    722   1037
      2     62      2      1     11      6     13      6      1   2434   1386
      2     62      2      1     12      3      9      6      0   1097   2095
      2     62      2      1     13      3      8      3      1    691   3018
      2     62      2      1     14      7     13      7      1   3285   4665
      2     62      2      1     15      8      9      8      1   1266   5565
      2     62      2      1     16      4      5      7      0   2274   5397
      2     62      2      2      1      5      4      5      1   1263     -1
      2     62      2      2      2      5      7      2      0   4027     -1
      2     62      2      2      3      2      1      7      0   5028     -1
      2     62      2      2      4      4      3      3      0   3311     -1
      2     62      2      2      5      3     13      3      1   1393     -1
      2     62      2      2      6      4     15      4      1   1977     -1
      2     62      2      2      7      7     16      1      0   6227     -1
      2     62      2      2      8      8      5      8      1   1294     -1
      2     62      2      2      9      8     10      8      1   1345     -1
      2     62      2      2     10      6      3      6      1   2794     -1
      2     62      2      2     11      3     12      3      1   1927     -1
      2     62      2      2     12      1      2      1      1   2926     -1
      2     62      2      2     13      7     10      7      1   9626     -1
      2     62      2      2     14      2      2      1      0   5727     -1
      2     62      2      2     15      6      8      2      0   2926     -1
      2     62      2      2     16      1      5      7      0   3777     -1
      2     62      3      1      1      2     10      5      0   1194   5745
      2     62      3      1      2      2      8      2      1    826   1884
      2     62      3      1      3      7      5      2      0   2979   7258
      2     62      3      1      4      2      8      2      1   1449   1338
      2     62      3      1      5      8     16      8      1   1176   1590
      2     62      3      1      6      6      7      6      1   2313    979
      2     62      3      1      7      1     10      2      0   1557   1429
      2     62      3      1      8      1     11      6      0   1556   1184
      2     62      3      1      9      7      4      6      0   1282   2847
      2     62      3      1     10      8      8      8      1   1084   1565
      2     62      3      1     11      8     15      8      1    864    784
      2     62      3      1     12      1      4      7      0   3480    866
      2     62      3      1     13      2     13      5      0   3368   3632
      2     62      3      1     14      7      6      6      0   1306   5443
      2     62      3      1     15      1     11      7      0   2050   1518
      2     62      3      1     16      3      9      7      0   1483   1469
      2     62      3      2      1      7     12      3      0   3197     -1
      2     62      3      2      2      4      1      1      0   5564     -1
      2     62      3      2      3      5      8      5      1   1660     -1
      2     62      3      2      4      3     16      7      0   5261     -1
      2     62      3      2      5      1      9      2      0   1294     -1
      2     62      3      2      6      6     11      6      1   2393     -1
      2     62      3      2      7      1      3      3      0   3310     -1
      2     62      3      2      8      3     10      3      1   3894     -1
      2     62      3      2      9      7     15      7      1   4628     -1
      2     62      3      2     10      8     13      8      1   1209     -1
      2     62      3      2     11      5      2      5      1    993     -1
      2     62      3      2     12      2      9      2      1   1110     -1
      2     62      3      2     13      8      3      8      1    992     -1
      2     62      3      2     14      4      9      2      0   3910     -1
      2     62      3      2     15      6      6      6      1   2293     -1
      2     62      3      2     16      2     16      1      0   4493     -1
      2     62      4      1      1      4     12      1      0   1521   2463
      2     62      4      1      2      4     13      4      1   1108   1675
      2     62      4      1      3      4      8      4      1    905   4169
      2     62      4      1      4      6     13      6      1   1568   2648
      2     62      4      1      5      3      7      3      1    870    842
      2     62      4      1      6      1      4      3      0    766    962
      2     62      4      1      7      6     15      1      0   1119   2122
      2     62      4      1      8      7      2      6      0   3108   1772
      2     62      4      1      9      6     10      6      1   3032   7308
      2     62      4      1     10      4     11      2      0    583   1552
      2     62      4      1     11      2      8      2      1   2696   4045
      2     62      4      1     12      4     11      4      1    661   1801
      2     62      4      1     13      5     10      5      1    568    747
      2     62      4      1     14      7      8      7      1   2025    771
      2     62      4      1     15      2      3      1      0   2896   1209
      2     62      4      1     16      1     10      1      1   1909    640
      2     62      4      2      1      8     10      8      1   1264     -1
      2     62      4      2      2      2      2      4      0   2197     -1
      2     62      4      2      3      4     16      2      0   2027     -1
      2     62      4      2      4      1      3      1      1   2894     -1
      2     62      4      2      5      6      3      6      1   2095     -1
      2     62      4      2      6      3     13      3      1   2794     -1
      2     62      4      2      7      5      8      5      1   1010     -1
      2     62      4      2      8      5     12      5      1   1679     -1
      2     62      4      2      9      8     14      8      1   1077     -1
      2     62      4      2     10      7     12      3      0   2628     -1
      2     62      4      2     11      3     12      7      0   2611     -1
      2     62      4      2     12      7     14      1      0   2777     -1
      2     62      4      2     13      6     11      6      1   1094     -1
      2     62      4      2     14      4      1      4      1   7661     -1
      2     62      4      2     15      2      4      2      1   1677     -1
      2     62      4      2     16      1      2      3      0   4360     -1
      2     62      5      1      1      7     13      7      1   1921   5316
      2     62      5      1      2      3      2      3      1   2403    909
      2     62      5      1      3      5      5      6      0   1099    700
      2     62      5      1      4      1     14      1      1   1708   1312
      2     62      5      1      5      4     12      4      1   1213   2061
      2     62      5      1      6      1      1      3      0   1613   5221
      2     62      5      1      7      1      4      1      1   1225   1573
      2     62      5      1      8      2     13      3      0   1635   2418
      2     62      5      1      9      7      8      7      1   2199   1683
      2     62      5      1     10      8      8      8      1   1508   1379
      2     62      5      1     11      6     13      6      1    582   1109
      2     62      5      1     12      6      7      6      1    810    556
      2     62      5      1     13      6     12      6      1   1169   1123
      2     62      5      1     14      7      4      7      1   6839   1645
      2     62      5      1     15      1     10      1      1   2176   1838
      2     62      5      1     16      1     11      1      1   1788   1087
      2     62      5      2      1      3     10      3      1   2613     -1
      2     62      5      2      2      1      6      3      0   1944     -1
      2     62      5      2      3      7      7      7      1   1710     -1
      2     62      5      2      4      8      6      8      1   1112     -1
      2     62      5      2      5      8      5      8      1   1011     -1
      2     62      5      2      6      2      1      2      1   1464     -1
      2     62      5      2      7      6      5      6      1   1442     -1
      2     62      5      2      8      1      9      1      1   3027     -1
      2     62      5      2      9      4      9      2      0   3510     -1
      2     62      5      2     10      6      6      6      1   1177     -1
      2     62      5      2     11      4     15      7      0   1894     -1
      2     62      5      2     12      7     10      7      1   1611     -1
      2     62      5      2     13      3     16      3      1   2145     -1
      2     62      5      2     14      5      7      5      1   1495     -1
      2     62      5      2     15      5      2      5      1   1093     -1
      2     62      5      2     16      2     14      4      0   1844     -1
      2     62      6      1      1      4     10      1      0   2166   2159
      2     62      6      1      2      4     13      4      1   1667   1421
      2     62      6      1      3      3     14      1      0   1646   1684
      2     62      6      1      4      7      4      7      1    979   4323
      2     62      6      1      5      3     14      3      1   2279   1113
      2     62      6      1      6      1      7      3      0    988   1710
      2     62      6      1      7      3     14      3      1   1439   1775
      2     62      6      1      8      1     11      1      1   2662   2177
      2     62      6      1      9      4      5      2      0   2116   4683
      2     62      6      1     10      2      3      2      1   2616   1877
      2     62      6      1     11      5      5      5      1    813   1701
      2     62      6      1     12      3      2      3      1   1602    861
      2     62      6      1     13      6      9      6      1   1371   4326
      2     62      6      1     14      3      2      3      1   1323   1053
      2     62      6      1     15      1      7      1      1    754   6131
      2     62      6      1     16      6      7      6      1    791   6960
      2     62      6      2      1      7     16      7      1   9280     -1
      2     62      6      2      2      8      3      8      1   1243     -1
      2     62      6      2      3      5      4      5      1   1260     -1
      2     62      6      2      4      3     11      3      1   3627     -1
      2     62      6      2      5      6      8      6      1   1159     -1
      2     62      6      2      6      3     15      3      1   1828     -1
      2     62      6      2      7      1      5      7      0   3026     -1
      2     62      6      2      8      5      6      5      1   1127     -1
      2     62      6      2      9      4      3      1      0   2927     -1
      2     62      6      2     10      1     16      1      1   8261     -1
      2     62      6      2     11      8     13      8      1   1060     -1
      2     62      6      2     12      6     16      6      1   1061     -1
      2     62      6      2     13      2     16      4      0   1860     -1
      2     62      6      2     14      4     14      4      1   1927     -1
      2     62      6      2     15      7     15      7      1   1926     -1
      2     62      6      2     16      2      9      2      1   1060     -1
      2     62      7      1      1      1     10      2      0   6739   4357
      2     62      7      1      2      3      9      3      1   1549   2403
      2     62      7      1      3      3      7      3      1    804   1022
      2     62      7      1      4      2      5      2      1    681   2585
      2     62      7      1      5      2      6      2      1    565   1290
      2     62      7      1      6      2      8      2      1    783   1108
      2     62      7      1      7      6     10      6      1    784  10876
      2     62      7      1      8      7     13      7      1    964   2424
      2     62      7      1      9      6     13      6      1    612    868
      2     62      7      1     10      7      8      7      1   1208    773
      2     62      7      1     11      6     13      6      1    605    546
      2     62      7      1     12      4      5      4      1   1912    771
      2     62      7      1     13      4     11      4      1    615   2498
      2     62      7      1     14      6     13      6      1    723    593
      2     62      7      1     15      4     12      4      1   1519   1170
      2     62      7      1     16      7      8      7      1   1282   1650
      2     62      7      2      1      3     11      3      1  13797     -1
      2     62      7      2      2      1      6      1      1   5993     -1
      2     62      7      2      3      8     10      8      1    944     -1
      2     62      7      2      4      7     16      4      0   8927     -1
      2     62      7      2      5      1      3      1      1   2011     -1
      2     62      7      2      6      2     16      2      1   1711     -1
      2     62      7      2      7      8      6      8      1   1142     -1
      2     62      7      2      8      2     14      4      0   7228     -1
      2     62      7      2      9      4     14      2      0   1393     -1
      2     62      7      2     10      6      3      6      1   1145     -1
      2     62      7      2     11      5      6      5      1    927     -1
      2     62      7      2     12      7     10      7      1   1195     -1
      2     62      7      2     13      6      6      6      1   1111     -1
      2     62      7      2     14      3     15      3      1   2227     -1
      2     62      7      2     15      5      2      5      1   1843     -1
      2     62      7      2     16      4      1      4      1   2845     -1
      2     62      8      1      1      4     12      4      1   1088   1613
      2     62      8      1      2      8     16      8      1    911    835
      2     62      8      1      3      2     10      4      0   2956   1250
      2     62      8      1      4      1      7      3      0    874   1150
      2     62      8      1      5      7      5      3      0   1534    978
      2     62      8      1      6      2      8      2      1    836   4642
      2     62      8      1      7      2     10      2      1   1735   1695
      2     62      8      1      8      1      7      1      1    869   1139
      2     62      8      1      9      7      5      7      1    826   1034
      2     62      8      1     10      2      8      2      1   1126   1032
      2     62      8      1     11      8     16      8      1    857    872
      2     62      8      1     12      6      7      6      1    730    702
      2     62      8      1     13      1     10      4      0   2605    841
      2     62      8      1     14      1     11      1      1   1102   4379
      2     62      8      1     15      5      9      5      1    804    891
      2     62      8      1     16      7      4      7      1   1114    996
      2     62      8      2      1      3     10      1      0   7230     -1
      2     62      8      2      2      6     16      6      1   1161     -1
      2     62      8      2      3      2      9      4      0   2077     -1
      2     62      8      2      4      4     16      2      0   6443     -1
      2     62      8      2      5      8     14      8      1    943     -1
      2     62      8      2      6      1      9      1      1  10227     -1
      2     62      8      2      7      7      7      7      1   1311     -1
      2     62      8      2      8      5      4      5      1    978     -1
      2     62      8      2      9      6      5      6      1   1211     -1
      2     62      8      2     10      5     12      5      1    827     -1
      2     62      8      2     11      3     12      3      1   2244     -1
      2     62      8      2     12      8      3      8      1    945     -1
      2     62      8      2     13      2      4      2      1   2145     -1
      2     62      8      2     14      7     15      7      1   1061     -1
      2     62      8      2     15      4      9      2      0   9344     -1
      2     62      8      2     16      1      2      3      0   4577     -1
      2     62      9      1      1      7      8      7      1   1103  10593
      2     62      9      1      2      1     11      1      1   1158   1065
      2     62      9      1      3      4     10      2      0   1359   3293
      2     62      9      1      4      4     13      4      1    957   1150
      2     62      9      1      5      3      2      3      1   3424    806
      2     62      9      1      6      6      9      6      1    755   1481
      2     62      9      1      7      8      2      8      1    836    876
      2     62      9      1      8      2     13      2      1   2146   1276
      2     62      9      1      9      2      6      4      0    963   1319
      2     62      9      1     10      4     11      4      1   1257   2217
      2     62      9      1     11      2      5      2      1    656   1217
      2     62      9      1     12      1     10      1      1   1851   4058
      2     62      9      1     13      1     11      1      1    859    951
      2     62      9      1     14      1      7      3      0   1521   1612
      2     62      9      1     15      4      5      3      0   1103   1219
      2     62      9      1     16      1      1      3      0   1010    787
      2     62      9      2      1      2      2      2      1   2563     -1
      2     62      9      2      2      1     16      7      0   1543     -1
      2     62      9      2      3      5      8      5      1    977     -1
      2     62      9      2      4      1      5      7      0   1945     -1
      2     62      9      2      5      8      5      8      1    861     -1
      2     62      9      2      6      8     13      8      1   1011     -1
      2     62      9      2      7      6      8      6      1   1043     -1
      2     62      9      2      8      7     12      1      0  17878     -1
      2     62      9      2      9      7     14      1      0   2711     -1
      2     62      9      2     10      6     11      6      1    995     -1
      2     62      9      2     11      4     15      7      0   3611     -1
      2     62      9      2     12      4      3      1      0   6845     -1
      2     62      9      2     13      2      1      2      1   1711     -1
      2     62      9      2     14      5      7      5      1   1060     -1
      2     62      9      2     15      3     16      3      1   1560     -1
      2     62      9      2     16      3     13      7      0   1745     -1
