      1     71      1      1      1      5      7      4      0   4067
      1     71      1      1      2      6     10      2      0   4079
      1     71      1      1      3      2      8      1      0   2143
      1     71      1      1      4      8      5      8      1   4095
      1     71      1      1      5      1     11      3      0   2047
      1     71      1      1      6      3      2      4      0   4455
      1     71      1      1      7      7      8      1      0   5392
      1     71      1      1      8      7     16      8      0   4272
      1     71      1      1      9      8     16      2      0   4322
      1     71      1      1     10      6      8      5      0   2766
      1     71      1      1     11      1      1      2      0   3647
      1     71      1      1     12      2      5      8      0   4095
      1     71      1      1     13      4     10      1      0   5929
      1     71      1      1     14      3      9      5      0   8868
      1     71      1      1     15      4     13      4      1   5377
      1     71      1      1     16      5     11      5      1   2427
      1     71      1      2      1      3      8      7      0   7872
      1     71      1      2      2      3     16      1      0   3929
      1     71      1      2      3      7      7      4      0   4545
      1     71      1      2      4      7      2      4      0   1594
      1     71      1      2      5      5     16      5      1   1175
      1     71      1      2      6      8      9      8      1   2329
      1     71      1      2      7      1      7      7      0   2811
      1     71      1      2      8      2     10      2      1   5411
      1     71      1      2      9      5      4      5      1   1676
      1     71      1      2     10      6      7      6      1   3779
      1     71      1      2     11      4      3      7      0   4109
      1     71      1      2     12      2      2      2      1   2662
      1     71      1      2     13      6      5      3      0   3911
      1     71      1      2     14      8     10      8      1   2610
      1     71      1      2     15      1     14      1      1   3311
      1     71      1      2     16      4     15      4      1   2027
      1     71      2      1      1      4      1      3      0   1913
      1     71      2      1      2      1      2      2      0   1713
      1     71      2      1      3      2      4      2      1   1729
      1     71      2      1      4      6     15      7      0   2721
      1     71      2      1      5      7      4      7      1   4837
      1     71      2      1      6      3      6      3      1   3194
      1     71      2      1      7      5     14      5      1   1228
      1     71      2      1      8      8     13      8      1   1306
      1     71      2      1      9      5      5      5      1   1423
      1     71      2      1     10      2      9      2      1   1873
      1     71      2      1     11      6      6      7      0   1214
      1     71      2      1     12      8      2      8      1   1116
      1     71      2      1     13      1      3      7      0   6987
      1     71      2      1     14      3     12      3      1   4112
      1     71      2      1     15      7     14      6      0   2762
      1     71      2      1     16      4      5      4      1   2755
      1     71      2      2      1      1     10      7      0   4830
      1     71      2      2      2      3     14      3      1   2112
      1     71      2      2      3      5      9      5      1   1094
      1     71      2      2      4      7      5      4      0   1848
      1     71      2      2      5      8      8      8      1   1711
      1     71      2      2      6      5     12      5      1   1179
      1     71      2      2      7      6      9      7      0   8510
      1     71      2      2      8      2      3      3      0   2794
      1     71      2      2      9      8      4      8      1   1210
      1     71      2      2     10      1      6      3      0   2579
      1     71      2      2     11      3     13      3      1   2628
      1     71      2      2     12      6     11      6      1   2961
      1     71      2      2     13      4      9      7      0   4094
      1     71      2      2     14      2     14      8      0   3798
      1     71      2      2     15      4     14      4      1   3143
      1     71      2      2     16      7     12      1      0   3494
      1     71      3      1      1      6     16      3      0   1570
      1     71      3      1      2      2      6      7      0   5849
      1     71      3      1      3      3     10      3      1   2851
      1     71      3      1      4      4     16      6      0   4731
      1     71      3      1      5      1      4      1      1   3054
      1     71      3      1      6      6     13      6      1   3966
      1     71      3      1      7      8      6      8      1   1135
      1     71      3      1      8      5      2      5      1   1112
      1     71      3      1      9      7     13      4      0   1608
      1     71      3      1     10      5     10      5      1   1000
      1     71      3      1     11      8      3      8      1   1080
      1     71      3      1     12      7      6      7      1   4282
      1     71      3      1     13      2     13      2      1   1109
      1     71      3      1     14      4     12      4      1   2841
      1     71      3      1     15      1      9      1      1   1764
      1     71      3      1     16      3     11      3      1   1112
      1     71      3      2      1      2      1      2      1   1745
      1     71      3      2      2      8     14      8      1   1210
      1     71      3      2      3      5      6      5      1   1160
      1     71      3      2      4      7     10      7      1   2713
      1     71      3      2      5      8     15      8      1   1597
      1     71      3      2      6      5      8      5      1   1145
      1     71      3      2      7      6      3      6      1   1431
      1     71      3      2      8      4     11      4      1   1498
      1     71      3      2      9      7     15      7      1   1481
      1     71      3      2     10      3      7      3      1    932
      1     71      3      2     11      6     12      6      1   3178
      1     71      3      2     12      2     16      2      1   1998
      1     71      3      2     13      3     15      3      1   1144
      1     71      3      2     14      1     16      1      1   1698
      1     71      3      2     15      1      5      1      1   1112
      1     71      3      2     16      4      8      4      1   4447
      1     71      4      1      1      5     11      5      1   1734
      1     71      4      1      2      8      6      8      1    932
      1     71      4      1      3      5      2      5      1   1167
      1     71      4      1      4      4     12      4      1   3027
      1     71      4      1      5      2      9      2      1   1320
      1     71      4      1      6      6     15      6      1   1327
      1     71      4      1      7      6     13      6      1   2026
      1     71      4      1      8      3     10      3      1   1147
      1     71      4      1      9      3      9      1      0   1828
      1     71      4      1     10      7     16      7      1   1845
      1     71      4      1     11      7      4      1      0   2467
      1     71      4      1     12      1      1      1      1   2547
      1     71      4      1     13      1      9      1      1   4821
      1     71      4      1     14      2      6      2      1   1130
      1     71      4      1     15      8     13      8      1   1393
      1     71      4      1     16      4     13      7      0   9057
      1     71      4      2      1      5      9      5      1   1496
      1     71      4      2      2      2     16      2      1   2396
      1     71      4      2      3      3     14      3      1   2227
      1     71      4      2      4      6      9      6      1   1961
      1     71      4      2      5      6      5      6      1   2313
      1     71      4      2      6      4      3      4      1   4213
      1     71      4      2      7      3     13      1      0   2196
      1     71      4      2      8      4      9      4      1   6197
      1     71      4      2      9      2      2      2      1    860
      1     71      4      2     10      1      6      1      1   2098
      1     71      4      2     11      5      4      5      1   1011
      1     71      4      2     12      8     10      8      1   3328
      1     71      4      2     13      7     15      7      1   1144
      1     71      4      2     14      1      5      1      1   2111
      1     71      4      2     15      7     10      7      1   1147
      1     71      4      2     16      8      4      8      1   1211
      1     71      5      1      1      8      2      8      1   1832
      1     71      5      1      2      7      6      7      1   1115
      1     71      5      1      3      1      2      1      1   2087
      1     71      5      1      4      1      4      7      0   7611
      1     71      5      1      5      5     14      5      1   1209
      1     71      5      1      6      4      5      7      0   5761
      1     71      5      1      7      4     16      4      1   1563
      1     71      5      1      8      6     16      6      1   1375
      1     71      5      1      9      2      5      2      1   2040
      1     71      5      1     10      8     16      8      1   1082
      1     71      5      1     11      5     10      5      1    982
      1     71      5      1     12      3     11      3      1   1474
      1     71      5      1     13      3      2      3      1   2002
      1     71      5      1     14      7      8      7      1   1378
      1     71      5      1     15      2     13      2      1   1249
      1     71      5      1     16      6      6      6      1   1483
      1     71      5      2      1      2      1      2      1   1079
      1     71      5      2      2      8     15      8      1   1731
      1     71      5      2      3      7      5      7      1   1328
      1     71      5      2      4      4     11      4      1   1878
      1     71      5      2      5      8     14      8      1   1082
      1     71      5      2      6      3     16      3      1   2361
      1     71      5      2      7      3      8      3      1   1028
      1     71      5      2      8      4     15      4      1   2198
      1     71      5      2      9      1      7      1      1   1177
      1     71      5      2     10      5      6      5      1    997
      1     71      5      2     11      2      3      1      0   1947
      1     71      5      2     12      6     12      6      1   1195
      1     71      5      2     13      6      3      6      1   1094
      1     71      5      2     14      1     14      1      1   1394
      1     71      5      2     15      7      7      7      1   1197
      1     71      5      2     16      5      8      5      1   1311
      1     71      6      1      1      2      8      2      1   1023
      1     71      6      1      2      5      5      5      1   1150
      1     71      6      1      3      7     13      7      1   1048
      1     71      6      1      4      4      1      7      0   4309
      1     71      6      1      5      3      6      3      1   1069
      1     71      6      1      6      8      5      8      1    984
      1     71      6      1      7      3     12      3      1   1090
      1     71      6      1      8      4     10      4      1   1245
      1     71      6      1      9      6      8      6      1   1109
      1     71      6      1     10      8      3      8      1   1016
      1     71      6      1     11      1     11      1      1   1440
      1     71      6      1     12      1      3      1      1   1206
      1     71      6      1     13      2      4      2      1    945
      1     71      6      1     14      7     14      1      0   6743
      1     71      6      1     15      6     10      6      1   2744
      1     71      6      1     16      5      7      5      1   1121
      1     71      6      2      1      3      7      3      1  10298
      1     71      6      2      2      4     14      4      1   1877
      1     71      6      2      3      4      8      4      1   1397
      1     71      6      2      4      8      8      8      1   1731
      1     71      6      2      5      5     12      5      1   1147
      1     71      6      2      6      6     11      6      1   1228
      1     71      6      2      7      1     10      1      1   8915
      1     71      6      2      8      7     12      7      1   1096
      1     71      6      2      9      5     16      5      1   1014
      1     71      6      2     10      2     10      2      1   1165
      1     71      6      2     11      1     16      1      1   1496
      1     71      6      2     12      6      7      6      1   1228
      1     71      6      2     13      3     15      3      1   1280
      1     71      6      2     14      8      9      8      1   1011
      1     71      6      2     15      2     14      4      0   1394
      1     71      6      2     16      7      2      7      1   1094
      1     71      7      1      1      1      3      1      1   1628
      1     71      7      1      2      2     13      2      1   1150
      1     71      7      1      3      8     16      8      1   2117
      1     71      7      1      4      7     14      7      1   3168
      1     71      7      1      5      4     13      4      1   1214
      1     71      7      1      6      8      6      8      1   1152
      1     71      7      1      7      7      8      7      1   1293
      1     71      7      1      8      2      9      2      1    912
      1     71      7      1      9      1      4      1      1   2632
      1     71      7      1     10      6     16      6      1   1008
      1     71      7      1     11      3     11      3      1   1459
      1     71      7      1     12      3      2      3      1   1726
      1     71      7      1     13      6     10      6      1    976
      1     71      7      1     14      5     10      5      1   1075
      1     71      7      1     15      5     11      5      1    904
      1     71      7      1     16      4      5      4      1   3166
      1     71      7      2      1      8      8      8      1   1930
      1     71      7      2      2      7      2      7      1   1095
      1     71      7      2      3      6      7      6      1   1095
      1     71      7      2      4      2     16      2      1   1081
      1     71      7      2      5      6      3      6      1   1046
      1     71      7      2      6      2     10      2      1    982
      1     71      7      2      7      1     14      1      1   2761
      1     71      7      2      8      3     13      3      1   1594
      1     71      7      2      9      3      8      3      1   1144
      1     71      7      2     10      8     10      8      1   1031
      1     71      7      2     11      7      5      7      1   1861
      1     71      7      2     12      5      4      5      1   1014
      1     71      7      2     13      5      9      5      1    928
      1     71      7      2     14      4      8      4      1   1165
      1     71      7      2     15      1      7      1      1   3495
      1     71      7      2     16      4     15      4      1   1198
      1     71      8      1      1      4     10      4      1   1149
      1     71      8      1      2      1      9      1      1   1051
      1     71      8      1      3      7     16      7      1   2117
      1     71      8      1      4      6     15      6      1   1018
      1     71      8      1      5      2      5      2      1   1094
      1     71      8      1      6      8      3      8      1   1142
      1     71      8      1      7      4      1      7      0   3138
      1     71      8      1      8      2      4      2      1    904
      1     71      8      1      9      3      9      3      1   1048
      1     71      8      1     10      6     13      6      1   1093
      1     71      8      1     11      7      6      7      1   1191
      1     71      8      1     12      5      5      5      1   1081
      1     71      8      1     13      3      6      3      1    841
      1     71      8      1     14      5      2      5      1    887
      1     71      8      1     15      8      5      8      1    938
      1     71      8      1     16      1      1      1      1   4571
      1     71      8      2      1      4     14      4      1   1496
      1     71      8      2      2      6      5      6      1   1328
      1     71      8      2      3      6      9      6      1   1444
      1     71      8      2      4      7     15      7      1   1129
      1     71      8      2      5      2     14      4      0   1077
      1     71      8      2      6      1     10      1      1   1228
      1     71      8      2      7      8     14      8      1    945
      1     71      8      2      8      2      1      2      1    893
      1     71      8      2      9      5     16      5      1   1010
      1     71      8      2     10      7      7      7      1   1131
      1     71      8      2     11      5     12      5      1    976
      1     71      8      2     12      3     14      3      1   3528
      1     71      8      2     13      4      3      4      1   2963
      1     71      8      2     14      8      9      8      1   1359
      1     71      8      2     15      1      5      1      1   1278
      1     71      8      2     16      3     15      3      1   1097
      1     71      9      1      1      2      8      2      1   1222
      1     71      9      1      2      6      6      6      1   1328
      1     71      9      1      3      4     16      4      1   1291
      1     71      9      1      4      4     12      4      1   1956
      1     71      9      1      5      8      2      8      1   1053
      1     71      9      1      6      1     11      1      1   3090
      1     71      9      1      7      7      4      7      1   1414
      1     71      9      1      8      3     12      3      1   1263
      1     71      9      1      9      5     14      5      1   1166
      1     71      9      1     10      2      6      2      1   1263
      1     71      9      1     11      6      8      6      1    987
      1     71      9      1     12      8     13      8      1   1880
      1     71      9      1     13      7     13      7      1   1232
      1     71      9      1     14      5      7      5      1    980
      1     71      9      1     15      1      2      1      1    968
      1     71      9      1     16      3     10      3      1    995
      1     71      9      2      1      7     12      7      1   2830
      1     71      9      2      2      3      7      3      1   5011
      1     71      9      2      3      6     11      6      1   1460
      1     71      9      2      4      2      3      4      0   3528
      1     71      9      2      5      2      2      2      1   1094
      1     71      9      2      6      4      9      4      1   1328
      1     71      9      2      7      5      8      5      1   1027
      1     71      9      2      8      5      6      5      1   1194
      1     71      9      2      9      8     15      8      1   1098
      1     71      9      2     10      8      4      8      1   1494
      1     71      9      2     11      1     16      1      1   1611
      1     71      9      2     12      1      6      1      1    961
      1     71      9      2     13      4     11      4      1   1062
      1     71      9      2     14      7     10      7      1   1096
      1     71      9      2     15      3     16      3      1   2045
      1     71      9      2     16      6     12      6      1   1181
