      1    187      1      1      1      8      8      5      0   3492
      1    187      1      1      2      2     10      3      0   1936
      1    187      1      1      3      4     15      6      0   3224
      1    187      1      1      4      6      9      1      0   2042
      1    187      1      1      5      6     11      3      0   2467
      1    187      1      1      6      4     13      8      0   3232
      1    187      1      1      7      7      5      1      0   3463
      1    187      1      1      8      3     15      5      0   3832
      1    187      1      1      9      1     16      5      0   2196
      1    187      1      1     10      5      7      6      0   3261
      1    187      1      1     11      1      3      2      0   3153
      1    187      1      1     12      2      1      3      0   3016
      1    187      1      1     13      3     13      8      0   2955
      1    187      1      1     14      5     12      5      1   2678
      1    187      1      1     15      8     16      3      0   4433
      1    187      1      1     16      7     14      1      0   1354
      1    187      1      2      1      6     12      6      1   4759
      1    187      1      2      2      7      7      8      0   2981
      1    187      1      2      3      5      2      5      1   1696
      1    187      1      2      4      8     14      6      0   2846
      1    187      1      2      5      4      3      7      0   3279
      1    187      1      2      6      2      8      2      1   1945
      1    187      1      2      7      5      6      5      1   1546
      1    187      1      2      8      8      5      7      0   2897
      1    187      1      2      9      7      4      8      0   2363
      1    187      1      2     10      1     11      1      1   1614
      1    187      1      2     11      6      7      2      0   2296
      1    187      1      2     12      4      9      8      0   1880
      1    187      1      2     13      1      7      4      0   1830
      1    187      1      2     14      3      7      4      0   3080
      1    187      1      2     15      2      3      1      0   2248
      1    187      1      2     16      3     11      2      0   6563
      1    187      2      1      1      7      2      1      0   2439
      1    187      2      1      2      4      5      3      0   1516
      1    187      2      1      3      3     14      7      0   2564
      1    187      2      1      4      1     14      1      1   1532
      1    187      2      1      5      7      6      3      0   1961
      1    187      2      1      6      8      9      6      0   2325
      1    187      2      1      7      2     16      4      0   2500
      1    187      2      1      8      1      4      4      0   2756
      1    187      2      1      9      4     12      3      0   2439
      1    187      2      1     10      6     16      5      0   2816
      1    187      2      1     11      5     16      5      1   1335
      1    187      2      1     12      6      3      6      1   2449
      1    187      2      1     13      3      2      8      0   4607
      1    187      2      1     14      5     11      5      1   1553
      1    187      2      1     15      2     14      3      0   3448
      1    187      2      1     16      8     15      7      0   2703
      1    187      2      2      1      3     16      7      0   5396
      1    187      2      2      2      1     10      2      0   3080
      1    187      2      2      3      8      6      8      1   4464
      1    187      2      2      4      5      8      5      1   1530
      1    187      2      2      5      2     13      6      0   3296
      1    187      2      2      6      6      8      3      0   2379
      1    187      2      2      7      2      6      1      0   1696
      1    187      2      2      8      7     13      6      0   1996
      1    187      2      2      9      8     13      2      0   1862
      1    187      2      2     10      5      5      5      1   1296
      1    187      2      2     11      7      8      8      0   1663
      1    187      2      2     12      6     13      4      0   2765
      1    187      2      2     13      3     12      1      0   1448
      1    187      2      2     14      4     16      2      0   1665
      1    187      2      2     15      4      8      7      0   1496
      1    187      2      2     16      1      9      4      0   1930
      1    187      3      1      1      5     10      5      1   1666
      1    187      3      1      2      2      5      1      0   1843
      1    187      3      1      3      1      1      3      0   1949
      1    187      3      1      4      7     12      1      0   1032
      1    187      3      1      5      8      3      2      0   3432
      1    187      3      1      6      3      9      1      0   2106
      1    187      3      1      7      2      9      2      1   1528
      1    187      3      1      8      8      4      3      0   3158
      1    187      3      1      9      3      8      1      0   1399
      1    187      3      1     10      4     11      7      0   2849
      1    187      3      1     11      5     14      5      1   1194
      1    187      3      1     12      6      5      8      0   2618
      1    187      3      1     13      6     15      6      1   3533
      1    187      3      1     14      7     15      4      0   3212
      1    187      3      1     15      4     10      8      0   3997
      1    187      3      1     16      1      6      1      1   1458
      1    187      3      2      1      5      4      5      1   1346
      1    187      3      2      2      3      6      1      0   1263
      1    187      3      2      3      1      2      2      0   3546
      1    187      3      2      4      6     10      7      0   2796
      1    187      3      2      5      5      9      5      1   1147
      1    187      3      2      6      4      1      1      0   1830
      1    187      3      2      7      8     10      3      0   3796
      1    187      3      2      8      4     14      2      0   2446
      1    187      3      2      9      3     10      1      0   1380
      1    187      3      2     10      2      2      8      0   1480
      1    187      3      2     11      2      4      2      1   1313
      1    187      3      2     12      7     10      7      1   5130
      1    187      3      2     13      6      6      4      0   4630
      1    187      3      2     14      7     16      6      0   2746
      1    187      3      2     15      1      5      1      1   1563
      1    187      3      2     16      8      2      3      0   1930
      1    187      4      1      1      8      4      3      0   1897
      1    187      4      1      2      5     12      5      1   1215
      1    187      4      1      3      3     13      1      0   1257
      1    187      4      1      4      6     15      7      0   1518
      1    187      4      1      5      4     13      7      0   3984
      1    187      4      1      6      4     11      2      0   1584
      1    187      4      1      7      3      9      6      0   2041
      1    187      4      1      8      7     12      3      0   1356
      1    187      4      1      9      1      6      6      0   1644
      1    187      4      1     10      5     11      5      1   1133
      1    187      4      1     11      2     14      8      0   1649
      1    187      4      1     12      1      3      1      1   2516
      1    187      4      1     13      8      8      8      1   1726
      1    187      4      1     14      6     11      7      0   3266
      1    187      4      1     15      7      6      3      0   2130
      1    187      4      1     16      2     16      2      1   1149
      1    187      4      2      1      4      9      6      0   2446
      1    187      4      2      2      3     12      1      0   2963
      1    187      4      2      3      3     16      7      0   4129
      1    187      4      2      4      1      2      3      0   2729
      1    187      4      2      5      2     13      2      1   1696
      1    187      4      2      6      1      7      1      1   1380
      1    187      4      2      7      5      8      5      1   1163
      1    187      4      2      8      8     10      8      1   2296
      1    187      4      2      9      6      6      4      0   1546
      1    187      4      2     10      4     16      2      0   1096
      1    187      4      2     11      5      4      5      1   1248
      1    187      4      2     12      6     10      7      0   3780
      1    187      4      2     13      8      5      8      1   3346
      1    187      4      2     14      7      7      4      0   1597
      1    187      4      2     15      2      4      2      1   1947
      1    187      4      2     16      7     16      1      0   1830
      1    187      5      1      1      4     10      1      0   1343
      1    187      5      1      2      7     15      1      0   1908
      1    187      5      1      3      7      5      4      0   1391
      1    187      5      1      4      2      5      2      1   1179
      1    187      5      1      5      3     15      7      0   2866
      1    187      5      1      6      5     10      5      1   1431
      1    187      5      1      7      6     16      1      0   1538
      1    187      5      1      8      3     14      3      1   2225
      1    187      5      1      9      5     14      5      1   1132
      1    187      5      1     10      8     16      2      0   1892
      1    187      5      1     11      4     12      4      1   2940
      1    187      5      1     12      1     16      1      1   4199
      1    187      5      1     13      6      9      6      1   2020
      1    187      5      1     14      1     14      6      0   2719
      1    187      5      1     15      8     15      8      1   1336
      1    187      5      1     16      2     10      2      1   1872
      1    187      5      2      1      3      6      3      1   2447
      1    187      5      2      2      7      4      1      0   5363
      1    187      5      2      3      4      3      4      1   5946
      1    187      5      2      4      2      8      2      1   2163
      1    187      5      2      5      5      5      5      1   4747
      1    187      5      2      6      6      8      6      1   2031
      1    187      5      2      7      8      2      8      1   1446
      1    187      5      2      8      8      6      8      1   1079
      1    187      5      2      9      3      7      3      1   2363
      1    187      5      2     10      1      9      7      0   2546
      1    187      5      2     11      6      7      1      0   4064
      1    187      5      2     12      5      9      5      1   2296
      1    187      5      2     13      2      2      4      0   2946
      1    187      5      2     14      7     13      7      1   2514
      1    187      5      2     15      1      5      1      1   1530
      1    187      5      2     16      4     14      4      1   2713
      1    187      6      1      1      2      9      2      1   1629
      1    187      6      1      2      4     15      3      0   5492
      1    187      6      1      3      8      3      8      1   1521
      1    187      6      1      4      3      8      3      1   2652
      1    187      6      1      5      2      1      2      1   1283
      1    187      6      1      6      3      2      3      1   1237
      1    187      6      1      7      7      2      7      1   1815
      1    187      6      1      8      5      7      5      1   1231
      1    187      6      1      9      7     14      1      0   1844
      1    187      6      1     10      1      4      4      0   1341
      1    187      6      1     11      6      5      6      1   1917
      1    187      6      1     12      8      9      8      1   1189
      1    187      6      1     13      5     16      5      1   1023
      1    187      6      1     14      4      5      6      0   2148
      1    187      6      1     15      1      1      3      0   2330
      1    187      6      1     16      6      3      6      1   1357
      1    187      6      2      1      2      3      4      0   5113
      1    187      6      2      2      3     10      1      0   2915
      1    187      6      2      3      4      1      4      1   3346
      1    187      6      2      4      7     10      6      0   3680
      1    187      6      2      5      7      8      7      1   1764
      1    187      6      2      6      5      2      5      1   1029
      1    187      6      2      7      8     14      8      1   1947
      1    187      6      2      8      8     13      8      1   1696
      1    187      6      2      9      2      6      2      1   1430
      1    187      6      2     10      4      8      3      0   1830
      1    187      6      2     11      1     11      1      1   3013
      1    187      6      2     12      1     10      8      0   2348
      1    187      6      2     13      5      6      5      1    964
      1    187      6      2     14      6     13      6      1   1731
      1    187      6      2     15      6     12      7      0   1263
      1    187      6      2     16      3     11      1      0   1446
      1    187      7      1      1      3     15      1      0   2208
      1    187      7      1      2      4     10      2      0   2674
      1    187      7      1      3      2     14      8      0   1488
      1    187      7      1      4      4      5      2      0   1845
      1    187      7      1      5      5     10      5      1   1155
      1    187      7      1      6      2     16      2      1   1402
      1    187      7      1      7      7      5      7      1   1885
      1    187      7      1      8      1     14      6      0   1542
      1    187      7      1      9      8      9      8      1   1138
      1    187      7      1     10      6      3      6      1   1642
      1    187      7      1     11      7     15      1      0   1539
      1    187      7      1     12      8     16      8      1   1785
      1    187      7      1     13      1     16      1      1   3463
      1    187      7      1     14      6      5      6      1   3103
      1    187      7      1     15      3      2      3      1   4335
      1    187      7      1     16      5     16      5      1   1157
      1    187      7      2      1      8      6      8      1   1029
      1    187      7      2      2      2      3      2      1   1779
      1    187      7      2      3      1      2      3      0   1263
      1    187      7      2      4      3     16      3      1    897
      1    187      7      2      5      6      8      7      0   1196
      1    187      7      2      6      8     10      8      1   1713
      1    187      7      2      7      7     10      6      0   1813
      1    187      7      2      8      5      8      5      1   1246
      1    187      7      2      9      6      6      6      1   1480
      1    187      7      2     10      4     16      2      0   1463
      1    187      7      2     11      4      9      4      1   2046
      1    187      7      2     12      3     10      3      1   3113
      1    187      7      2     13      7      8      1      0   1763
      1    187      7      2     14      5      6      5      1   1180
      1    187      7      2     15      2      8      2      1    962
      1    187      7      2     16      1     11      4      0   4246
      1    187      8      1      1      8      3      2      0   1439
      1    187      8      1      2      5     14      5      1   1059
      1    187      8      1      3      8      8      8      1   1257
      1    187      8      1      4      7      2      6      0   1176
      1    187      8      1      5      4     15      7      0   1204
      1    187      8      1      6      1      4      1      1   1070
      1    187      8      1      7      2      9      2      1   1296
      1    187      8      1      8      7     14      6      0   1392
      1    187      8      1      9      1      3      1      1   1208
      1    187      8      1     10      3      8      7      0   1765
      1    187      8      1     11      2      1      2      1    872
      1    187      8      1     12      6      9      1      0   1107
      1    187      8      1     13      3     14      3      1    959
      1    187      8      1     14      4     11      2      0   1338
      1    187      8      1     15      5      7      5      1   1035
      1    187      8      1     16      6     16      6      1   1179
      1    187      8      2      1      1      7      3      0   1797
      1    187      8      2      2      8     13      8      1   3164
      1    187      8      2      3      5      5      5      1   1263
      1    187      8      2      4      2      4      2      1   1180
      1    187      8      2      5      6     12      7      0   1613
      1    187      8      2      6      6     13      6      1   1630
      1    187      8      2      7      8      5      8      1   1396
      1    187      8      2      8      2      2      4      0   1664
      1    187      8      2      9      4      1      1      0   1530
      1    187      8      2     10      3     11      3      1   1798
      1    187      8      2     11      4     14      2      0   1846
      1    187      8      2     12      5      2      5      1   1147
      1    187      8      2     13      3      7      3      1   1347
      1    187      8      2     14      7      4      6      0   1480
      1    187      8      2     15      7     13      7      1   1513
      1    187      8      2     16      1      9      1      1   3330
      1    187      9      1      1      6     15      7      0   1163
      1    187      9      1      2      1      6      3      0   1143
      1    187      9      1      3      3     13      3      1   1245
      1    187      9      1      4      2     10      5      0   1405
      1    187      9      1      5      4     13      6      0   3050
      1    187      9      1      6      2      5      4      0   1114
      1    187      9      1      7      5     12      5      1   1436
      1    187      9      1      8      8      4      8      1   1251
      1    187      9      1      9      6     11      6      1   1337
      1    187      9      1     10      8     15      8      1   1018
      1    187      9      1     11      1      1      3      0   1934
      1    187      9      1     12      7      6      6      0   1204
      1    187      9      1     13      4     12      4      1   1394
      1    187      9      1     14      7     12      7      1   2238
      1    187      9      1     15      5     11      5      1   1404
      1    187      9      1     16      3      9      3      1   3085
      1    187      9      2      1      5      9      5      1   1197
      1    187      9      2      2      8     14      8      1   1246
      1    187      9      2      3      3      6      4      0   2014
      1    187      9      2      4      2      6      2      1    981
      1    187      9      2      5      6     10      7      0   2080
      1    187      9      2      6      3     12      1      0   2664
      1    187      9      2      7      1     10      4      0   3114
      1    187      9      2      8      7     16      6      0   1746
      1    187      9      2      9      5      4      5      1   1164
      1    187      9      2     10      4      8      4      1   3948
      1    187      9      2     11      8      2      8      1   1229
      1    187      9      2     12      6      7      6      1   2130
      1    187      9      2     13      2     13      1      0   2563
      1    187      9      2     14      1      5      6      0   3863
      1    187      9      2     15      4      3      4      1   1296
      1    187      9      2     16      7      7      1      0   3547
