      2    184      1      1      1      6     10      3      0   6887   8171
      2    184      1      1      2      3      8      1      0   3800   6180
      2    184      1      1      3      7      4      8      0   4095   4059
      2    184      1      1      4      5     16      5      1   1637   8266
      2    184      1      1      5      4      3      4      1   4648   6611
      2    184      1      1      6      8      9      2      0   2210   5000
      2    184      1      1      7      8     16      8      1   2593   7640
      2    184      1      1      8      1      3      3      0   4105   4808
      2    184      1      1      9      7     15      6      0   2785   8361
      2    184      1      1     10      2      8      8      0   5801   6435
      2    184      1      1     11      1      3      2      0   1917   2962
      2    184      1      1     12      1     10      7      0   1863   5717
      2    184      1      1     13      7     15      7      1   2574   4497
      2    184      1      1     14      4      9      5      0   2886   2352
      2    184      1      1     15      3     14      2      0   2896   9225
      2    184      1      1     16      1      5      7      0   1698   4408
      2    184      1      2      1      2      9      1      0  12041
      2    184      1      2      2      6     11      3      0   3840
      2    184      1      2      3      3      7      4      0   9491
      2    184      1      2      4      6      5      5      0   4875
      2    184      1      2      5      8     14      8      1   4507
      2    184      1      2      6      3     13      6      0  11158
      2    184      1      2      7      4     12      1      0   7142
      2    184      1      2      8      5      4      5      1   3025
      2    184      1      2      9      1      6      4      0   3725
      2    184      1      2     10      4      5      1      0   4290
      2    184      1      2     11      5     14      5      1   2908
      2    184      1      2     12      8      8      6      0   3475
      2    184      1      2     13      1      1      4      0   3076
      2    184      1      2     14      7      5      2      0   6912
      2    184      1      2     15      2     16      1      0   4008
      2    184      1      2     16      7     14      6      0   4293
      2    184      2      1      1      5      5      2      0   2864   7599
      2    184      2      1      2      7     15      4      0   1078   2672
      2    184      2      1      3      6     10      7      0    822   2745
      2    184      2      1      4      8      9      8      1    905   3792
      2    184      2      1      5      1      3      6      0   3454   2288
      2    184      2      1      6      2      3      1      0   1047    934
      2    184      2      1      7      2      1      1      0   1056   3335
      2    184      2      1      8      1     10      1      1   1100   2354
      2    184      2      1      9      2      1      2      1   1054   4204
      2    184      2      1     10      2      8      2      1    890   2726
      2    184      2      1     11      2      6      2      1    901   2963
      2    184      2      1     12      3      6      1      0    908   2037
      2    184      2      1     13      2      3      2      1   1119   3794
      2    184      2      1     14      1      7      1      1    924   2250
      2    184      2      1     15      8     10      8      1   1348   1785
      2    184      2      1     16      4     14      1      0   2340   3433
      2    184      2      2      1      5      2      5      1   2346
      2    184      2      2      2      8      6      8      1   2792
      2    184      2      2      3      4     16      3      0   2643
      2    184      2      2      4      2      2      2      1   2363
      2    184      2      2      5      6      9      7      0   3426
      2    184      2      2      6      8     13      8      1   2029
      2    184      2      2      7      6      6      3      0   2592
      2    184      2      2      8      1     11      1      1   3076
      2    184      2      2      9      3     16      4      0   2375
      2    184      2      2     10      2      5      2      1   6908
      2    184      2      2     11      7      7      3      0   2643
      2    184      2      2     12      4     13      7      0   3575
      2    184      2      2     13      1      2      3      0   2457
      2    184      2      2     14      3      2      4      0   3743
      2    184      2      2     15      7     13      3      0   2806
      2    184      2      2     16      5     12      5      1   1492
      2    184      3      1      1      5      5      4      0   1078   2510
      2    184      3      1      2      3      8      4      0    884   1176
      2    184      3      1      3      1     16      3      0    973   2580
      2    184      3      1      4      3     14      3      1   1095   3443
      2    184      3      1      5      3      9      3      1   1413   1753
      2    184      3      1      6      4     15      4      1   1292   5528
      2    184      3      1      7      4     14      4      1   1143   1331
      2    184      3      1      8      3      9      3      1   1421   3534
      2    184      3      1      9      3     15      4      0    958   2907
      2    184      3      1     10      7     12      3      0    979   2166
      2    184      3      1     11      3     14      3      1   1574   1268
      2    184      3      1     12      7     12      7      1   1355   5369
      2    184      3      1     13      7     15      3      0   1143   2494
      2    184      3      1     14      6     10      6      1    988   1042
      2    184      3      1     15      7      2      7      1   1504   3271
      2    184      3      1     16      4     15      4      1   1208   2972
      2    184      3      2      1      2     10      2      1   2729
      2    184      3      2      2      4      8      4      1   2726
      2    184      3      2      3      8      2      8      1   1492
      2    184      3      2      4      1      9      4      0   4209
      2    184      3      2      5      6     12      6      1   3442
      2    184      3      2      6      7      6      6      0   2225
      2    184      3      2      7      4     11      2      0   3208
      2    184      3      2      8      2     14      8      0   2141
      2    184      3      2      9      7     10      6      0   2374
      2    184      3      2     10      1      4      3      0   2063
      2    184      3      2     11      3     12      4      0   2242
      2    184      3      2     12      5     11      5      1   1563
      2    184      3      2     13      5      7      5      1   1608
      2    184      3      2     14      6     13      4      0   1593
      2    184      3      2     15      3     11      3      1   1509
      2    184      3      2     16      8     15      8      1   1225
      2    184      4      1      1      3      6      3      1   2973  15060
      2    184      4      1      2      2      3      1      0   4212    967
      2    184      4      1      3      4      9      5      0   2224   1003
      2    184      4      1      4      5     10      5      1   2097   1178
      2    184      4      1      5      1      5      4      0   3557    991
      2    184      4      1      6      6     15      5      0   1244    822
      2    184      4      1      7      2      6      2      1   1346   1705
      2    184      4      1      8      3      9      2      0   2337   2797
      2    184      4      1      9      5      9      5      1    948   1244
      2    184      4      1     10      6      8      7      0   3744   1314
      2    184      4      1     11      6     15      6      1    747   2931
      2    184      4      1     12      6     10      6      1   1337    878
      2    184      4      1     13      4      3      3      0   1636   2092
      2    184      4      1     14      4      1      1      0   4512   1477
      2    184      4      1     15      5      5      5      1    874   2182
      2    184      4      1     16      3      8      3      1   1384    996
      2    184      4      2      1      8     13      8      1   1412
      2    184      4      2      2      7      7      3      0   1792
      2    184      4      2      3      4     12      1      0   3364
      2    184      4      2      4      1      2      4      0   2876
      2    184      4      2      5      6     12      6      1   4543
      2    184      4      2      6      2      9      2      1   2713
      2    184      4      2      7      7     10      7      1   2075
      2    184      4      2      8      3     11      3      1   2527
      2    184      4      2      9      3     16      4      0   2158
      2    184      4      2     10      2     16      1      0   2291
      2    184      4      2     11      5     14      5      1   1209
      2    184      4      2     12      6      9      6      1   1724
      2    184      4      2     13      8     15      8      1   1126
      2    184      4      2     14      4     11      1      0   5158
      2    184      4      2     15      1      6      3      0   3141
      2    184      4      2     16      5      4      5      1   1109
      2    184      5      1      1      7     16      1      0   1987   1618
      2    184      5      1      2      2      8      2      1   1048    933
      2    184      5      1      3      1     14      3      0   1488    828
      2    184      5      1      4      4     14      3      0   2063   1214
      2    184      5      1      5      3     10      1      0   1440   1084
      2    184      5      1      6      4     15      4      1   2069   1878
      2    184      5      1      7      3     10      1      0   1330    966
      2    184      5      1      8      2      4      2      1   1157   1460
      2    184      5      1      9      1      7      4      0   1276    790
      2    184      5      1     10      7     15      7      1   1876    922
      2    184      5      1     11      1     10      3      0   2078   2151
      2    184      5      1     12      1     16      3      0   1100   1617
      2    184      5      1     13      8      3      8      1   1108   1940
      2    184      5      1     14      4     10      3      0   2487   1223
      2    184      5      1     15      6      3      6      1   1721   1025
      2    184      5      1     16      7      4      7      1   2311   2985
      2    184      5      2      1      3      7      4      0   1796
      2    184      5      2      2      2     10      2      1   2076
      2    184      5      2      3      1      1      3      0   2975
      2    184      5      2      4      5      2      5      1   1542
      2    184      5      2      5      7      6      7      1   5926
      2    184      5      2      6      4     13      4      1   1796
      2    184      5      2      7      7     13      7      1   1362
      2    184      5      2      8      8      8      8      1   1395
      2    184      5      2      9      4      8      1      0   2759
      2    184      5      2     10      6      6      6      1   1559
      2    184      5      2     11      2      5      2      1   1226
      2    184      5      2     12      3     12      3      1   2493
      2    184      5      2     13      6      5      6      1   3929
      2    184      5      2     14      5      7      5      1   1342
      2    184      5      2     15      8     14      8      1   1212
      2    184      5      2     16      1      4      4      0   1443
      2    184      6      1      1      3      6      1      0   1303   1900
      2    184      6      1      2      2      3      1      0   1921   1436
      2    184      6      1      3      4      9      5      0   1175   1315
      2    184      6      1      4      1      5      4      0   1010   2084
      2    184      6      1      5      3      9      4      0   1027   4327
      2    184      6      1      6      3      8      3      1   1000   2292
      2    184      6      1      7      3      9      3      1    974   1315
      2    184      6      1      8      1      7      1      1   2048   2388
      2    184      6      1      9      3      6      1      0   1237   1746
      2    184      6      1     10      2      3      2      1   1397   1048
      2    184      6      1     11      1     10      1      1   1274   1612
      2    184      6      1     12      1     16      1      1   1745    838
      2    184      6      1     13      3     14      4      0   1199   1604
      2    184      6      1     14      1      7      3      0   1909   2971
      2    184      6      1     15      4      3      3      0   1621   5515
      2    184      6      1     16      7      8      4      0   1118   1897
      2    184      6      2      1      5     11      5      1   1313
      2    184      6      2      2      8      6      8      1   1309
      2    184      6      2      3      4     16      2      0   8559
      2    184      6      2      4      2      2      2      1   1163
      2    184      6      2      5      7     14      1      0   4159
      2    184      6      2      6      2     14      8      0   2545
      2    184      6      2      7      7      5      7      1   2663
      2    184      6      2      8      4      5      3      0   2827
      2    184      6      2      9      3      2      3      1   1892
      2    184      6      2     10      6     13      6      1   3360
      2    184      6      2     11      3     13      3      1   2109
      2    184      6      2     12      5     12      5      1   1678
      2    184      6      2     13      1      9      1      1   1742
      2    184      6      2     14      6     11      5      0   2126
      2    184      6      2     15      8      2      8      1   1059
      2    184      6      2     16      1     11      4      0   1846
      2    184      7      1      1      6      3      6      1   1551   3000
      2    184      7      1      2      1      7      3      0   1117   1799
      2    184      7      1      3      3      6      3      1   1143    906
      2    184      7      1      4      1     10      1      1   1269   1454
      2    184      7      1      5      1     16      1      1   1617    719
      2    184      7      1      6      4     10      4      1   1804   1597
      2    184      7      1      7      5      5      5      1   1929   1149
      2    184      7      1      8      3      8      3      1   1022   1303
      2    184      7      1      9      4      9      4      1    847   3967
      2    184      7      1     10      4      3      4      1   1127    986
      2    184      7      1     11      4     14      1      0   2085   1388
      2    184      7      1     12      1      5      1      1   1512   3262
      2    184      7      1     13      3      6      4      0   1928   1396
      2    184      7      1     14      2      3      1      0   1401   1025
      2    184      7      1     15      1     16      1      1   1820   1353
      2    184      7      1     16      7      4      7      1   1107   3384
      2    184      7      2      1      1      6      1      1   4897
      2    184      7      2      2      8     14      8      1   1143
      2    184      7      2      3      6      6      6      1   3242
      2    184      7      2      4      2      9      2      1   1325
      2    184      7      2      5      3     11      3      1   1576
      2    184      7      2      6      6     12      6      1   1975
      2    184      7      2      7      4      5      4      1   3078
      2    184      7      2      8      5     12      5      1   1158
      2    184      7      2      9      7      5      7      1   1625
      2    184      7      2     10      7      7      7      1   1909
      2    184      7      2     11      3     16      4      0   1892
      2    184      7      2     12      5      2      5      1   1758
      2    184      7      2     13      8      2      8      1   1280
      2    184      7      2     14      4     12      4      1   2675
      2    184      7      2     15      1      1      3      0   2562
      2    184      7      2     16      2     10      2      1   1809
      2    184      8      1      1      3      6      3      1    933   1121
      2    184      8      1      2      1      5      1      1   1601   3700
      2    184      8      1      3      3      9      3      1   1323   2891
      2    184      8      1      4      3      8      3      1    762   4312
      2    184      8      1      5      3     15      1      0   1079   2657
      2    184      8      1      6      4     14      1      0   1053   4960
      2    184      8      1      7      1     10      1      1   1679   1082
      2    184      8      1      8      1     16      1      1   1184   1226
      2    184      8      1      9      3     10      3      1   1331   3079
      2    184      8      1     10      1      7      3      0    835   2732
      2    184      8      1     11      1      7      1      1   1042    826
      2    184      8      1     12      1     10      1      1   1939   1533
      2    184      8      1     13      1      5      3      0    980   3295
      2    184      8      1     14      3      8      3      1   1169   1552
      2    184      8      1     15      4      1      1      0   1407   1449
      2    184      8      1     16      3      8      3      1    929   1476
      2    184      8      2      1      2      5      2      1   1246
      2    184      8      2      2      8      8      8      1   4559
      2    184      8      2      3      3      2      3      1   2226
      2    184      8      2      4      3     12      1      0   2359
      2    184      8      2      5      6      9      6      1   1592
      2    184      8      2      6      4     16      2      0   7875
      2    184      8      2      7      1      2      1      1   2859
      2    184      8      2      8      8     13      8      1   1195
      2    184      8      2      9      1     11      4      0   5812
      2    184      8      2     10      6      5      5      0   3729
      2    184      8      2     11      7      6      7      1   1296
      2    184      8      2     12      5      7      5      1   1276
      2    184      8      2     13      7     10      7      1   1246
      2    184      8      2     14      5      4      5      1   1092
      2    184      8      2     15      2     14      8      0   1624
      2    184      8      2     16      4     11      2      0   2742
      2    184      9      1      1      8     16      8      1   1228   2246
      2    184      9      1      2      6     10      6      1    810    837
      2    184      9      1      3      5      5      5      1   1046   1112
      2    184      9      1      4      1      7      1      1   2451    929
      2    184      9      1      5      4     15      3      0   1920    960
      2    184      9      1      6      7      4      7      1   1051    782
      2    184      9      1      7      4      3      4      1   1781    736
      2    184      9      1      8      3     15      3      1   1723    793
      2    184      9      1      9      6     16      5      0   1192    905
      2    184      9      1     10      5     16      5      1   1709   1333
      2    184      9      1     11      4     14      1      0   3031   1049
      2    184      9      1     12      7     15      7      1    869   1043
      2    184      9      1     13      8      9      8      1    847   2228
      2    184      9      1     14      4      1      4      1   1640   1366
      2    184      9      1     15      4      3      4      1    753   1093
      2    184      9      1     16      6      8      6      1   1487   1633
      2    184      9      2      1      4     13      4      1   3296
      2    184      9      2      2      5     11      5      1   1075
      2    184      9      2      3      8      6      8      1   1141
      2    184      9      2      4      7     14      1      0   5191
      2    184      9      2      5      1      9      4      0   3708
      2    184      9      2      6      4      8      3      0   3591
      2    184      9      2      7      5     14      5      1   1093
      2    184      9      2      8      2      2      2      1    975
      2    184      9      2      9      6     11      6      1   1225
      2    184      9      2     10      8     15      8      1   1159
      2    184      9      2     11      7     13      7      1   1225
      2    184      9      2     12      2     16      2      1   2127
      2    184      9      2     13      3      7      6      0   5808
      2    184      9      2     14      1      4      1      1   2157
      2    184      9      2     15      6     13      6      1   1896
      2    184      9      2     16      3     13      3      1   1476
