      1     28      1      1      1      2      8      2      1   2239
      1     28      1      1      2      5     16      5      1   2034
      1     28      1      1      3      8      3      8      1   2717
      1     28      1      1      4      7      8      7      1   9517
      1     28      1      1      5      2      3      6      0   6840
      1     28      1      1      6      8     15      3      0   3018
      1     28      1      1      7      5      8      5      1   2768
      1     28      1      1      8      7     14      3      0   9349
      1     28      1      1      9      4     14      2      0   8330
      1     28      1      1     10      4      9      2      0   2075
      1     28      1      1     11      3     10      3      1   3741
      1     28      1      1     12      1     11      6      0   5952
      1     28      1      1     13      3     14      6      0   5696
      1     28      1      1     14      1     16      1      1   6562
      1     28      1      1     15      6     15      6      1   3043
      1     28      1      1     16      6     10      7      0   2061
      1     28      1      2      1      7     16      7      1   2006
      1     28      1      2      2      3     15      3      1   5111
      1     28      1      2      3      4     10      2      0   1895
      1     28      1      2      4      6      9      6      1   2344
      1     28      1      2      5      5     10      5      1   2761
      1     28      1      2      6      2     10      4      0   5860
      1     28      1      2      7      8     16      8      1   2028
      1     28      1      2      8      6     12      1      0   3027
      1     28      1      2      9      8     14      8      1   1160
      1     28      1      2     10      7      2      7      1   1693
      1     28      1      2     11      1      7      3      0   4929
      1     28      1      2     12      2      1      2      1   2843
      1     28      1      2     13      3      2      3      1   4960
      1     28      1      2     14      5     12      5      1   1294
      1     28      1      2     15      4     15      1      0   3912
      1     28      1      2     16      1     10      4      0   7943
      1     28      2      1      1      4     12      4      1  21605
      1     28      2      1      2      3     11      3      1   4876
      1     28      2      1      3      3      6      3      1   2685
      1     28      2      1      4      4      8      6      0  18431
      1     28      2      1      5      5      2      5      1   1092
      1     28      2      1      6      1     14      6      0   3675
      1     28      2      1      7      8      2      8      1   1319
      1     28      2      1      8      5      9      5      1   1242
      1     28      2      1      9      6      3      7      0   1468
      1     28      2      1     10      6      8      6      1   1473
      1     28      2      1     11      8     10      8      1   1365
      1     28      2      1     12      2     13      2      1   2466
      1     28      2      1     13      1      2      1      1   4360
      1     28      2      1     14      2      5      2      1   1515
      1     28      2      1     15      7     10      7      1   4665
      1     28      2      1     16      7      6      7      1   2048
      1     28      2      2      1      7      7      7      1   3214
      1     28      2      2      2      8      6      8      1   1377
      1     28      2      2      3      5     11      5      1   1293
      1     28      2      2      4      2      4      2      1   1062
      1     28      2      2      5      7      4      1      0   7394
      1     28      2      2      6      3     16      3      1   1395
      1     28      2      2      7      6     13      6      1   2645
      1     28      2      2      8      5      7      6      0  10612
      1     28      2      2      9      1      5      4      0   8111
      1     28      2      2     10      4      3      3      0   2911
      1     28      2      2     11      1      9      3      0   4427
      1     28      2      2     12      6      7      6      1   2394
      1     28      2      2     13      3      7      3      1   1445
      1     28      2      2     14      8      8      8      1   2127
      1     28      2      2     15      2      6      2      1   2061
      1     28      2      2     16      4     11      4      1   4179
      1     28      3      1      1      1      6      3      0   4003
      1     28      3      1      2      8      4      8      1   1049
      1     28      3      1      3      7     15      7      1   1459
      1     28      3      1      4      7     13      7      1   1244
      1     28      3      1      5      1      1      3      0   2171
      1     28      3      1      6      2     14      4      0   4951
      1     28      3      1      7      5     14      5      1   1190
      1     28      3      1      8      3      8      3      1   1977
      1     28      3      1      9      6     16      6      1   1449
      1     28      3      1     10      8      5      8      1   1113
      1     28      3      1     11      6      5      6      1   1701
      1     28      3      1     12      5      6      5      1   2297
      1     28      3      1     13      4     13      1      0   4968
      1     28      3      1     14      3      9      3      1   1561
      1     28      3      1     15      4     16      4      1   2844
      1     28      3      1     16      2      9      4      0   2177
      1     28      3      2      1      5      5      5      1   2097
      1     28      3      2      2      8      9      8      1   1159
      1     28      3      2      3      4      1      4      1   5331
      1     28      3      2      4      4      5      4      1  12594
      1     28      3      2      5      8     13      8      1   1127
      1     28      3      2      6      1      3      1      1   2045
      1     28      3      2      7      3     13      3      1   4247
      1     28      3      2      8      5      4      5      1   1177
      1     28      3      2      9      3     12      3      1   1478
      1     28      3      2     10      1      4      4      0   6061
      1     28      3      2     11      7      5      7      1   2129
      1     28      3      2     12      7     12      6      0   2246
      1     28      3      2     13      6      6      6      1   4612
      1     28      3      2     14      2      2      2      1   1628
      1     28      3      2     15      6     11      6      1   1443
      1     28      3      2     16      2     16      4      0   2610
      1     28      4      1      1      2      9      2      1   1013
      1     28      4      1      2      1      1      1      1   1508
      1     28      4      1      3      4      9      4      1  11258
      1     28      4      1      4      3     10      3      1   3051
      1     28      4      1      5      3      8      3      1   1559
      1     28      4      1      6      4      8      4      1   7119
      1     28      4      1      7      2     14      4      0   3228
      1     28      4      1      8      8     15      8      1   1233
      1     28      4      1      9      8      3      8      1   1296
      1     28      4      1     10      6     15      6      1   2609
      1     28      4      1     11      7     14      7      1   2636
      1     28      4      1     12      1     16      4      0   2108
      1     28      4      1     13      7     15      7      1   1187
      1     28      4      1     14      6     10      6      1   3707
      1     28      4      1     15      5      9      5      1   1336
      1     28      4      1     16      5      8      5      1   1320
      1     28      4      2      1      1     10      1      1   6380
      1     28      4      2      2      2      6      2      1   1545
      1     28      4      2      3      6     12      6      1   1444
      1     28      4      2      4      4      3      1      0   5844
      1     28      4      2      5      4     15      1      0   3344
      1     28      4      2      6      5     10      5      1   1079
      1     28      4      2      7      1      9      3      0   3445
      1     28      4      2      8      6      7      6      1   2109
      1     28      4      2      9      8     16      8      1   1444
      1     28      4      2     10      2     10      4      0   6193
      1     28      4      2     11      5     11      5      1    927
      1     28      4      2     12      7     16      7      1   2427
      1     28      4      2     13      8      9      8      1   1327
      1     28      4      2     14      3      2      3      1   1345
      1     28      4      2     15      3     12      3      1   1361
      1     28      4      2     16      7      2      7      1   1528
      1     28      5      1      1      2      8      2      1   1841
      1     28      5      1      2      4     16      4      1  26002
      1     28      5      1      3      6     16      6      1   1427
      1     28      5      1      4      8      5      8      1   1041
      1     28      5      1      5      3      6      3      1   1779
      1     28      5      1      6      8      4      8      1   1108
      1     28      5      1      7      2      5      2      1   1211
      1     28      5      1      8      5      6      5      1   1129
      1     28      5      1      9      4     13      1      0   2031
      1     28      5      1     10      1      6      3      0   1081
      1     28      5      1     11      6      5      6      1   1239
      1     28      5      1     12      5     16      5      1    961
      1     28      5      1     13      1     11      6      0   1659
      1     28      5      1     14      3     14      1      0   3725
      1     28      5      1     15      7      8      7      1   1367
      1     28      5      1     16      7     13      7      1   1014
      1     28      5      2      1      3     16      3      1  11930
      1     28      5      2      2      7     12      6      0   6911
      1     28      5      2      3      4     10      2      0   6079
      1     28      5      2      4      5      7      5      1   1079
      1     28      5      2      5      4      5      7      0   6112
      1     28      5      2      6      2      2      2      1   1312
      1     28      5      2      7      6     11      6      1   1211
      1     28      5      2      8      1      4      1      1   1893
      1     28      5      2      9      8     13      8      1   1111
      1     28      5      2     10      3      7      3      1   1244
      1     28      5      2     11      8      6      8      1    927
      1     28      5      2     12      5     12      5      1    811
      1     28      5      2     13      2      1      2      1    894
      1     28      5      2     14      1      5      6      0   6860
      1     28      5      2     15      7      7      7      1   1911
      1     28      5      2     16      6      9      6      1   1162
      1     28      6      1      1      6      8      6      1   1031
      1     28      6      1      2      2     13      2      1   1026
      1     28      6      1      3      4     14      1      0   4483
      1     28      6      1      4      8     10      8      1   1155
      1     28      6      1      5      7     10      7      1   1391
      1     28      6      1      6      3     11      3      1   1156
      1     28      6      1      7      1      2      4      0   2992
      1     28      6      1      8      8      2      8      1   1325
      1     28      6      1      9      3      9      3      1   1103
      1     28      6      1     10      5     14      5      1   1847
      1     28      6      1     11      1     14      4      0   6666
      1     28      6      1     12      7      6      7      1   2331
      1     28      6      1     13      5      2      5      1   1023
      1     28      6      1     14      4     12      4      1   2241
      1     28      6      1     15      6      3      6      1   1402
      1     28      6      1     16      2      3      1      0   2764
      1     28      6      2      1      5      4      5      1   1014
      1     28      6      2      2      8      8      8      1   1945
      1     28      6      2      3      1      7      1      1   7960
      1     28      6      2      4      7      5      7      1   2313
      1     28      6      2      5      8     14      8      1   1178
      1     28      6      2      6      2     16      2      1   4027
      1     28      6      2      7      2      4      2      1   1244
      1     28      6      2      8      6     13      6      1   3577
      1     28      6      2      9      4     11      4      1   2794
      1     28      6      2     10      1      3      1      1   2027
      1     28      6      2     11      3     13      3      1   1127
      1     28      6      2     12      5      5      5      1   1843
      1     28      6      2     13      7      4      1      0   5411
      1     28      6      2     14      3     15      3      1   1143
      1     28      6      2     15      4      1      1      0  10145
      1     28      6      2     16      6      6      4      0   8326
      1     28      7      1      1      7      6      7      1   2185
      1     28      7      1      2      7     10      7      1   1153
      1     28      7      1      3      3      6      3      1   1227
      1     28      7      1      4      6     10      6      1   4681
      1     28      7      1      5      6      3      6      1   1370
      1     28      7      1      6      1      6      1      1   3159
      1     28      7      1      7      5     14      5      1   1125
      1     28      7      1      8      4     13      1      0   2403
      1     28      7      1      9      2     13      2      1   2422
      1     28      7      1     10      8      4      8      1   1020
      1     28      7      1     11      5      8      5      1    964
      1     28      7      1     12      1     11      6      0   5964
      1     28      7      1     13      4      8      4      1   5615
      1     28      7      1     14      2     14      4      0   4107
      1     28      7      1     15      8      5      8      1   1062
      1     28      7      1     16      3     11      3      1   1043
      1     28      7      2      1      1      3      1      1   3414
      1     28      7      2      2      2      2      2      1   1210
      1     28      7      2      3      1      7      3      0   2610
      1     28      7      2      4      6     12      6      1   1413
      1     28      7      2      5      5      7      5      1   1061
      1     28      7      2      6      8      8      8      1    829
      1     28      7      2      7      8     16      8      1   1110
      1     28      7      2      8      3      2      3      1   1145
      1     28      7      2      9      7      2      7      1   1362
      1     28      7      2     10      4      5      4      1   7777
      1     28      7      2     11      2     16      4      0   3244
      1     28      7      2     12      4     15      1      0   4594
      1     28      7      2     13      7     16      7      1   2626
      1     28      7      2     14      3     12      3      1   1294
      1     28      7      2     15      6     13      6      1   1077
      1     28      7      2     16      5     12      5      1   1077
      1     28      8      1      1      1     16      1      1   3803
      1     28      8      1      2      6      5      6      1   1829
      1     28      8      1      3      7     13      7      1   1137
      1     28      8      1      4      1      1      1      1   5180
      1     28      8      1      5      2      8      2      1   1425
      1     28      8      1      6      3     14      3      1    994
      1     28      8      1      7      5      9      5      1    975
      1     28      8      1      8      3     10      3      1   1029
      1     28      8      1      9      8     15      8      1    940
      1     28      8      1     10      6     16      6      1   1192
      1     28      8      1     11      7     14      7      1   1573
      1     28      8      1     12      8     10      8      1    900
      1     28      8      1     13      2      3      4      0   4749
      1     28      8      1     14      4      9      2      0   1247
      1     28      8      1     15      5     16      5      1   1097
      1     28      8      1     16      4     12      4      1   1348
      1     28      8      2      1      7      5      7      1   1280
      1     28      8      2      2      8     13      8      1    993
      1     28      8      2      3      1      4      1      1   3261
      1     28      8      2      4      3     16      3      1   1127
      1     28      8      2      5      8      6      8      1   1160
      1     28      8      2      6      5     11      5      1   1160
      1     28      8      2      7      4     10      2      0  11160
      1     28      8      2      8      1      5      4      0   1862
      1     28      8      2      9      2      1      2      1   1777
      1     28      8      2     10      5      4      5      1   1043
      1     28      8      2     11      6      9      6      1   1146
      1     28      8      2     12      2      6      2      1   1012
      1     28      8      2     13      6      7      6      1   1111
      1     28      8      2     14      3      7      3      1    878
      1     28      8      2     15      4     11      4      1   5810
      1     28      8      2     16      7      7      7      1   1194
      1     28      9      1      1      6      8      6      1   1277
      1     28      9      1      2      7     15      7      1   1074
      1     28      9      1      3      5      6      5      1    921
      1     28      9      1      4      3      9      3      1    963
      1     28      9      1      5      5      2      5      1    920
      1     28      9      1      6      4     14      1      0   2842
      1     28      9      1      7      6     15      6      1   1014
      1     28      9      1      8      1      2      1      1   7040
      1     28      9      1      9      8      2      8      1   1175
      1     28      9      1     10      3      8      3      1   1037
      1     28      9      1     11      1     14      6      0   2185
      1     28      9      1     12      8      3      8      1    881
      1     28      9      1     13      4     16      2      0   2306
      1     28      9      1     14      2      5      2      1    951
      1     28      9      1     15      7      8      7      1   1109
      1     28      9      1     16      2      9      2      1   4565
      1     28      9      2      1      6      6      1      0   5364
      1     28      9      2      2      5      5      5      1   1377
      1     28      9      2      3      1     10      1      1   7727
      1     28      9      2      4      6     11      6      1   1327
      1     28      9      2      5      4      1      4      1   7896
      1     28      9      2      6      8     14      8      1    960
      1     28      9      2      7      5     10      5      1    944
      1     28      9      2      8      3     15      3      1   1978
      1     28      9      2      9      8      9      8      1    943
      1     28      9      2     10      3     13      3      1    961
      1     28      9      2     11      2      4      2      1   1594
      1     28      9      2     12      1      9      1      1   2611
      1     28      9      2     13      7      4      1      0   1111
      1     28      9      2     14      7     12      7      1   2946
      1     28      9      2     15      2     10      4      0   7710
      1     28      9      2     16      4      3      4      1   8593
