      2     57      1      1      1      2     13      1      0   3280   3430
      2     57      1      1      2      6      3      3      0   1366   1662
      2     57      1      1      3      5      2      5      1   1633   5528
      2     57      1      1      4      8      9      2      0   1714   1684
      2     57      1      1      5      1     11      1      1   4315   4428
      2     57      1      1      6      2     13      1      0   1016   1764
      2     57      1      1      7      5     11      5      1   1424   1510
      2     57      1      1      8      8     14      8      1   1599   2846
      2     57      1      1      9      7     14      2      0   1637   4772
      2     57      1      1     10      3     15      7      0   1290   6904
      2     57      1      1     11      6     15      5      0    760   1720
      2     57      1      1     12      8     16      8      1   1205   1920
      2     57      1      1     13      1      2      4      0   2536   2776
      2     57      1      1     14      6     15      6      1   8832   6581
      2     57      1      1     15      2      3      7      0   4664   1783
      2     57      1      1     16      1     11      4      0   4986   1335
      2     57      1      2      1      8     13      8      1  11178     -1
      2     57      1      2      2      2      8      1      0   2823     -1
      2     57      1      2      3      7     15      7      1   9375     -1
      2     57      1      2      4      6     13      1      0   6744     -1
      2     57      1      2      5      3      7      1      0   4560     -1
      2     57      1      2      6      8      3      8      1   1859     -1
      2     57      1      2      7      5      8      5      1   1410     -1
      2     57      1      2      8      4      5      1      0  12276     -1
      2     57      1      2      9      5     12      5      1   1111     -1
      2     57      1      2     10      6     10      7      0   4694     -1
      2     57      1      2     11      1      9      1      1   1311     -1
      2     57      1      2     12      4     12      1      0   1560     -1
      2     57      1      2     13      3     16      1      0   2060     -1
      2     57      1      2     14      2      5      1      0   1128     -1
      2     57      1      2     15      1     14      6      0   1978     -1
      2     57      1      2     16      7     12      7      1   1261     -1
      2     57      2      1      1      2     13      1      0   1039   2152
      2     57      2      1      2      6      3      1      0   1759   2852
      2     57      2      1      3      6      9      6      1   1123   4181
      2     57      2      1      4      1      1      1      1    945   6227
      2     57      2      1      5      8      6      8      1   1350  10125
      2     57      2      1      6      3     11      1      0   2269   3448
      2     57      2      1      7      1      3      7      0   2170   3926
      2     57      2      1      8      1      4      1      1   1058   5492
      2     57      2      1      9      3     11      7      0    602   7120
      2     57      2      1     10      1     11      7      0   2473   1642
      2     57      2      1     11      3     11      3      1   1652   6594
      2     57      2      1     12      2     10      1      0   1083   5683
      2     57      2      1     13      7     14      7      1   1818   1404
      2     57      2      1     14      2      3      1      0    804   1840
      2     57      2      1     15      2      2      1      0   1050   2713
      2     57      2      1     16      6     15      1      0    732   2990
      2     57      2      2      1      2     14      8      0   2178     -1
      2     57      2      2      2      5      7      5      1   1327     -1
      2     57      2      2      3      7      2      7      1   6928     -1
      2     57      2      2      4      3     12      7      0   2628     -1
      2     57      2      2      5      6     16      1      0   8344     -1
      2     57      2      2      6      8     15      8      1   2209     -1
      2     57      2      2      7      1     16      7      0   1909     -1
      2     57      2      2      8      8      8      8      1   3043     -1
      2     57      2      2      9      1     10      1      1   2145     -1
      2     57      2      2     10      4     16      1      0   2010     -1
      2     57      2      2     11      7     16      7      1   8876     -1
      2     57      2      2     12      6      8      2      0   5042     -1
      2     57      2      2     13      5      4      5      1   1194     -1
      2     57      2      2     14      4      9      1      0   2977     -1
      2     57      2      2     15      2      6      1      0    961     -1
      2     57      2      2     16      3      6      7      0   2477     -1
      2     57      3      1      1      3      9      3      1   2312   4027
      2     57      3      1      2      1     11      2      0   1602   2055
      2     57      3      1      3      4      1      2      0   2099   1271
      2     57      3      1      4      4     14      1      0   4990    790
      2     57      3      1      5      8      5      8      1   1590    645
      2     57      3      1      6      3     10      7      0   2318   7757
      2     57      3      1      7      4     11      1      0   1153   1467
      2     57      3      1      8      7     14      7      1    795   1734
      2     57      3      1      9      1      1      7      0   1299   4389
      2     57      3      1     10      2      1      1      0   1594   3162
      2     57      3      1     11      1      4      7      0   1501   5696
      2     57      3      1     12      2     16      1      0   1223   2313
      2     57      3      1     13      1      3      7      0   1274   1560
      2     57      3      1     14      4      8      7      0   1638   6627
      2     57      3      1     15      4     10      4      1   1794   1423
      2     57      3      1     16      4     11      4      1    790   7083
      2     57      3      2      1      5      5      5      1   1664     -1
      2     57      3      2      2      6      6      7      0   2010     -1
      2     57      3      2      3      4     15      4      1   3443     -1
      2     57      3      2      4      7     13      7      1   1928     -1
      2     57      3      2      5      6     12      7      0   3943     -1
      2     57      3      2      6      8     10      8      1   1377     -1
      2     57      3      2      7      2      9      4      0   1694     -1
      2     57      3      2      8      8      4      8      1   1460     -1
      2     57      3      2      9      4      3      4      1   6691     -1
      2     57      3      2     10      3     14      7      0   1827     -1
      2     57      3      2     11      2      4      2      1   2860     -1
      2     57      3      2     12      5     10      5      1   1576     -1
      2     57      3      2     13      1      7      4      0   4894     -1
      2     57      3      2     14      7     10      7      1   1327     -1
      2     57      3      2     15      1      6      2      0   2109     -1
      2     57      3      2     16      3      2      7      0   5160     -1
      2     57      4      1      1      2     13      4      0   2105   1432
      2     57      4      1      2      6      3      7      0   1700   1630
      2     57      4      1      3      1      3      4      0   3029   3932
      2     57      4      1      4      2     16      8      0   1277    721
      2     57      4      1      5      3     10      7      0   2045   2966
      2     57      4      1      6      4      8      4      1   4213   1551
      2     57      4      1      7      4     11      4      1    822   1021
      2     57      4      1      8      2      2      2      1   2308   1671
      2     57      4      1      9      4     13      1      0   2304   1643
      2     57      4      1     10      3     11      7      0   1487   1906
      2     57      4      1     11      1     11      4      0   4503   1039
      2     57      4      1     12      2      3      7      0   9127   2852
      2     57      4      1     13      1      4      7      0   2311   1013
      2     57      4      1     14      1      5      1      1   4875   1214
      2     57      4      1     15      1      2      4      0   2418   1204
      2     57      4      1     16      4      1      4      1   5579   1063
      2     57      4      2      1      4      9      7      0   7664     -1
      2     57      4      2      2      3     14      7      0   1511     -1
      2     57      4      2      3      7     13      7      1   1610     -1
      2     57      4      2      4      8     13      8      1   1776     -1
      2     57      4      2      5      1      9      2      0   3448     -1
      2     57      4      2      6      1      6      2      0   1695     -1
      2     57      4      2      7      5      7      5      1   1260     -1
      2     57      4      2      8      2      4      4      0   3795     -1
      2     57      4      2      9      6      6      7      0   1327     -1
      2     57      4      2     10      4     12      2      0   1627     -1
      2     57      4      2     11      6      8      7      0   1727     -1
      2     57      4      2     12      3      6      7      0   3911     -1
      2     57      4      2     13      8      4      8      1   1494     -1
      2     57      4      2     14      7     12      7      1   1077     -1
      2     57      4      2     15      5      5      5      1   1161     -1
      2     57      4      2     16      2      6      4      0   3193     -1
      2     57      5      1      1      1      1      4      0   1807   3869
      2     57      5      1      2      3     15      7      0   1080    914
      2     57      5      1      3      4     10      1      0   1095   1377
      2     57      5      1      4      2      1      1      0    894   5801
      2     57      5      1      5      2     10      2      1   1090   8534
      2     57      5      1      6      2      2      2      1   1009   9468
      2     57      5      1      7      2     13      4      0   2516   3255
      2     57      5      1      8      2      3      4      0   1688   6859
      2     57      5      1      9      7      7      7      1   1372   8728
      2     57      5      1     10      7      5      7      1    928   1945
      2     57      5      1     11      1      2      1      1   1179   1883
      2     57      5      1     12      1      5      4      0   2610   2477
      2     57      5      1     13      1     11      1      1    788   3460
      2     57      5      1     14      3      8      7      0   1091   5756
      2     57      5      1     15      6      5      5      0   4886   7612
      2     57      5      1     16      1      3      4      0   1003   4464
      2     57      5      2      1      6     16      7      0   3046     -1
      2     57      5      2      2      4     15      1      0   3627     -1
      2     57      5      2      3      4      5      4      1   3094     -1
      2     57      5      2      4      2      9      2      1   2310     -1
      2     57      5      2      5      1      7      1      1   2960     -1
      2     57      5      2      6      8     15      8      1   1461     -1
      2     57      5      2      7      6     10      7      0   3827     -1
      2     57      5      2      8      2     14      8      0   1793     -1
      2     57      5      2      9      7      2      7      1   2414     -1
      2     57      5      2     10      5      4      5      1   1260     -1
      2     57      5      2     11      1     16      1      1   1494     -1
      2     57      5      2     12      3     16      4      0   9362     -1
      2     57      5      2     13      7     16      6      0   5178     -1
      2     57      5      2     14      8     10      8      1   1394     -1
      2     57      5      2     15      3      2      1      0   7643     -1
      2     57      5      2     16      5      8      5      1   1176     -1
      2     57      6      1      1      3      9      1      0   1309   8047
      2     57      6      1      2      3     11      3      1   2076   6080
      2     57      6      1      3      7      4      6      0   1215  12419
      2     57      6      1      4      3     13      3      1    727   7358
      2     57      6      1      5      4     13      6      0   3179  10163
      2     57      6      1      6      3     15      3      1   2567   2746
      2     57      6      1      7      1      1      3      0    853   1466
      2     57      6      1      8      4     10      4      1    733   4009
      2     57      6      1      9      3      9      3      1    794   1294
      2     57      6      1     10      1      4      1      1   1097   1110
      2     57      6      1     11      2      3      4      0    759   3132
      2     57      6      1     12      1     11      1      1   1940   1282
      2     57      6      1     13      3     13      3      1   1202   4461
      2     57      6      1     14      2     10      2      1    753   1581
      2     57      6      1     15      2     16      4      0   2255   2676
      2     57      6      1     16      2     13      4      0   1963   1537
      2     57      6      2      1      8      8      8      1   1480     -1
      2     57      6      2      2      5     12      5      1   1177     -1
      2     57      6      2      3      3     12      3      1   3211     -1
      2     57      6      2      4      6     12      1      0   4060     -1
      2     57      6      2      5      1     10      4      0   1595     -1
      2     57      6      2      6      8      3      8      1   1877     -1
      2     57      6      2      7      4     16      2      0   1810     -1
      2     57      6      2      8      7     15      7      1   2678     -1
      2     57      6      2      9      1     14      1      1   5361     -1
      2     57      6      2     10      7     10      7      1   1494     -1
      2     57      6      2     11      5     10      5      1   1094     -1
      2     57      6      2     12      2      8      2      1   1228     -1
      2     57      6      2     13      6     13      1      0  10093     -1
      2     57      6      2     14      2      5      2      1   1243     -1
      2     57      6      2     15      4      3      2      0   1943     -1
      2     57      6      2     16      3      7      1      0   9144     -1
      2     57      7      1      1      3      8      3      1   1425  84141
      2     57      7      1      2      2     10      2      1    775   8131
      2     57      7      1      3      2      1      1      0   1311    966
      2     57      7      1      4      6      3      7      0    752   6926
      2     57      7      1      5      6     15      7      0   1125   1852
      2     57      7      1      6      6      5      6      1   1409   3593
      2     57      7      1      7      2     16      2      1    654   1595
      2     57      7      1      8      2      3      4      0   1477   1294
      2     57      7      1      9      7      7      7      1   1105   1299
      2     57      7      1     10      3     13      3      1    914   4831
      2     57      7      1     11      1     11      1      1    691   2020
      2     57      7      1     12      4      1      4      1    923    955
      2     57      7      1     13      2      2      2      1    579   8260
      2     57      7      1     14      2     13      4      0    780   1258
      2     57      7      1     15      4     10      4      1   1946   2700
      2     57      7      1     16      1      1      1      1   1997   3158
      2     57      7      2      1      5      5      5      1   1429     -1
      2     57      7      2      2      7     10      7      1   2661     -1
      2     57      7      2      3      3     14      1      0   6244     -1
      2     57      7      2      4      7     13      7      1   1094     -1
      2     57      7      2      5      8     10      8      1   1362     -1
      2     57      7      2      6      4     12      2      0   1429     -1
      2     57      7      2      7      3      6      7      0   2811     -1
      2     57      7      2      8      1     16      3      0   4676     -1
      2     57      7      2      9      2      9      2      1    760     -1
      2     57      7      2     10      6     16      6      1   3228     -1
      2     57      7      2     11      2      4      2      1   1543     -1
      2     57      7      2     12      1     10      1      1   6729     -1
      2     57      7      2     13      6      8      7      0   2511     -1
      2     57      7      2     14      8      8      8      1   1010     -1
      2     57      7      2     15      4      9      4      1   6362     -1
      2     57      7      2     16      5     12      5      1   1379     -1
      2     57      8      1      1      1      2      1      1   2053 123243
      2     57      8      1      2      1      5      1      1   3213   2638
      2     57      8      1      3      4     14      4      1   1044   2998
      2     57      8      1      4      6      7      6      1   1605   1383
      2     57      8      1      5      6     11      6      1   1078   1291
      2     57      8      1      6      6      5      6      1   1065   2555
      2     57      8      1      7      1      3      4      0   2330   1260
      2     57      8      1      8      3      9      3      1    733   1321
      2     57      8      1      9      1      2      1      1   1033   2699
      2     57      8      1     10      2     13      2      1   1039   1513
      2     57      8      1     11      4      1      4      1   1033   2255
      2     57      8      1     12      1      1      1      1   2615   1799
      2     57      8      1     13      2     10      2      1    749   1650
      2     57      8      1     14      4     10      4      1    934    910
      2     57      8      1     15      2      3      2      1   1562   1897
      2     57      8      1     16      4      8      4      1    862   2130
      2     57      8      2      1      1     14      1      1  11047     -1
      2     57      8      2      2      3     12      3      1   3777     -1
      2     57      8      2      3      2      5      2      1   1261     -1
      2     57      8      2      4      1      9      2      0   3611     -1
      2     57      8      2      5      2      8      2      1   1077     -1
      2     57      8      2      6      6     10      7      0   2943     -1
      2     57      8      2      7      4      3      2      0   3797     -1
      2     57      8      2      8      8     15      8      1   1143     -1
      2     57      8      2      9      4     15      3      0   2343     -1
      2     57      8      2     10      3      2      3      1   1476     -1
      2     57      8      2     11      5      7      5      1   1078     -1
      2     57      8      2     12      5     10      5      1   1227     -1
      2     57      8      2     13      7     16      7      1   3860     -1
      2     57      8      2     14      7     12      3      0   1894     -1
      2     57      8      2     15      8     13      8      1   1060     -1
      2     57      8      2     16      6     13      6      1   1711     -1
      2     57      9      1      1      4      8      4      1   1451   3303
      2     57      9      1      2      2      3      2      1   1926   4571
      2     57      9      1      3      1      2      1      1    957   6441
      2     57      9      1      4      3     10      3      1   1546   1914
      2     57      9      1      5      2     10      2      1    659   8261
      2     57      9      1      6      4     10      4      1   1750    894
      2     57      9      1      7      1      3      1      1    732   4043
      2     57      9      1      8      3      9      3      1   1373   2461
      2     57      9      1      9      7      5      7      1   1473  50334
      2     57      9      1     10      1      4      1      1    842   1605
      2     57      9      1     11      2      3      4      0   1468    648
      2     57      9      1     12      4     13      1      0   1916   1912
      2     57      9      1     13      7      6      7      1    911   2162
      2     57      9      1     14      3     11      3      1    785   7882
      2     57      9      1     15      7     14      7      1    695   3928
      2     57      9      1     16      4     10      2      0   1432   1650
      2     57      9      2      1      1      6      4      0   4847     -1
      2     57      9      2      2      4      5      4      1   2979     -1
      2     57      9      2      3      2     14      8      0   1511     -1
      2     57      9      2      4      8      3      8      1   1427     -1
      2     57      9      2      5      3      7      3      1   5194     -1
      2     57      9      2      6      3     16      3      1   2794     -1
      2     57      9      2      7      4     16      2      0   1894     -1
      2     57      9      2      8      5      8      5      1   1110     -1
      2     57      9      2      9      6     12      1      0   1311     -1
      2     57      9      2     10      5      4      5      1   1060     -1
      2     57      9      2     11      6      6      6      1   2144     -1
      2     57      9      2     12      2      6      2      1    861     -1
      2     57      9      2     13      1      7      3      0   1077     -1
      2     57      9      2     14      7      2      7      1   1044     -1
      2     57      9      2     15      8      4      8      1    977     -1
      2     57      9      2     16      7     15      7      1   1095     -1
