      2    173      1      1      1      5      6      6      0  10511   4253
      2    173      1      1      2      5      8      5      1   2046   8182
      2    173      1      1      3      5     10      5      1   2613   3843
      2    173      1      1      4      5      7      5      1   1527   7621
      2    173      1      1      5      8      8      2      0  12374  19884
      2    173      1      1      6      2      2      1      0   3980   4109
      2    173      1      1      7      4      3      2      0   1699   2926
      2    173      1      1      8      1      9      2      0   4499  15369
      2    173      1      1      9      7      6      7      1   2551   7482
      2    173      1      1     10      3      7      7      0   3332   4157
      2    173      1      1     11      7     13      6      0   6184   7830
      2    173      1      1     12      3      8      3      1   6641  12465
      2    173      1      1     13      3      7      4      0   4188   3369
      2    173      1      1     14      3     16      3      1   1610   5095
      2    173      1      1     15      7      2      4      0   4132   5471
      2    173      1      1     16      2     14      2      1   3509   3731
      2    173      1      2      1      2      3      8      0  17314
      2    173      1      2      2      8      5      1      0  12912
      2    173      1      2      3      5     14      5      1   4397
      2    173      1      2      4      7      5      8      0   8629
      2    173      1      2      5      8      4      4      0   4348
      2    173      1      2      6      7     16      7      1   8563
      2    173      1      2      7      3      9      3      1   2463
      2    173      1      2      8      1      1      3      0   2596
      2    173      1      2      9      6     16      2      0   3546
      2    173      1      2     10      1     16      1      1   5746
      2    173      1      2     11      3      2      3      1   2530
      2    173      1      2     12      4     12      2      0   3862
      2    173      1      2     13      4      5      4      1   4581
      2    173      1      2     14      5      9      5      1   2013
      2    173      1      2     15      2      6      8      0   3330
      2    173      1      2     16      6      6      2      0   5813
      2    173      2      1      1      8      9      2      0   2276  42533
      2    173      2      1      2      1     11      1      1   4760  14590
      2    173      2      1      3      1      3      1      1   1375   2717
      2    173      2      1      4      4      3      2      0   2392   6741
      2    173      2      1      5      3     11      4      0    956   1605
      2    173      2      1      6      2     10      4      0   1253   9674
      2    173      2      1      7      2      8      4      0   7013   1498
      2    173      2      1      8      1      3      1      1   6479   9898
      2    173      2      1      9      3     15      6      0   5402   2607
      2    173      2      1     10      6     13      6      1   2877   5027
      2    173      2      1     11      6     15      6      1   2794   5227
      2    173      2      1     12      7     13      4      0   1850   8630
      2    173      2      1     13      6     10      7      0   2728   1800
      2    173      2      1     14      2     16      4      0   3009   9135
      2    173      2      1     15      6     12      7      0   6091   4646
      2    173      2      1     16      7     14      1      0   5135   2325
      2    173      2      2      1      4     16      4      1   9363
      2    173      2      2      2      5     12      5      1   3113
      2    173      2      2      3      6      9      6      1   4097
      2    173      2      2      4      2      5      4      0   7513
      2    173      2      2      5      2      4      2      1   4729
      2    173      2      2      6      5     11      5      1   1496
      2    173      2      2      7      3     14      3      1   2096
      2    173      2      2      8      8     10      8      1   5913
      2    173      2      2      9      7     15      6      0   3829
      2    173      2      2     10      7      8      7      1   8146
      2    173      2      2     11      1     14      3      0   5947
      2    173      2      2     12      4     15      3      0   2113
      2    173      2      2     13      1      5      6      0   2197
      2    173      2      2     14      8     13      2      0   1863
      2    173      2      2     15      3      6      3      1   1780
      2    173      2      2     16      6      8      6      1   6463
      2    173      3      1      1      8     14      8      1   3986  15797
      2    173      3      1      2      1     11      1      1   2564  10978
      2    173      3      1      3      7      6      6      0   3262   4177
      2    173      3      1      4      3      7      3      1   4571  12219
      2    173      3      1      5      3     16      3      1   2981   3360
      2    173      3      1      6      2     13      2      1   1954   4999
      2    173      3      1      7      4     14      4      1   5581   2494
      2    173      3      1      8      1      6      3      0   7110   4328
      2    173      3      1      9      7      2      6      0   4211   4211
      2    173      3      1     10      8     14      8      1   2280   2063
      2    173      3      1     11      2      2      2      1   5227   2166
      2    173      3      1     12      6     10      7      0   6197   1931
      2    173      3      1     13      1     11      1      1   3146   2946
      2    173      3      1     14      8      3      8      1   1797   2179
      2    173      3      1     15      7     13      6      0   2968    977
      2    173      3      1     16      4     13      7      0  65630   1896
      2    173      3      2      1      5      5      5      1   1729
      2    173      3      2      2      6      3      1      0  30013
      2    173      3      2      3      3     10      3      1   1297
      2    173      3      2      4      4     10      7      0  18097
      2    173      3      2      5      8      2      8      1   1513
      2    173      3      2      6      7     10      6      0   2463
      2    173      3      2      7      1      2      1      1  11896
      2    173      3      2      8      3     13      3      1   2196
      2    173      3      2      9      5      2      5      1   1746
      2    173      3      2     10      7      4      7      1   6796
      2    173      3      2     11      4      9      4      1   2579
      2    173      3      2     12      2      1      4      0   3179
      2    173      3      2     13      2      9      2      1   1679
      2    173      3      2     14      8      6      8      1   1629
      2    173      3      2     15      6      5      6      1   5729
      2    173      3      2     16      1      7      7      0   2513
      2    173      4      1      1      2     10      2      1   4013  24352
      2    173      4      1      2      1      3      2      0   5187   1540
      2    173      4      1      3      3      8      3      1   3673   5996
      2    173      4      1      4      7     12      6      0   3608   2501
      2    173      4      1      5      7      7      7      1   4236   1509
      2    173      4      1      6      7      6      6      0   4733   7716
      2    173      4      1      7      6     10      6      1   2280   9366
      2    173      4      1      8      5     10      5      1   2819   5833
      2    173      4      1      9      8     15      8      1   2151   1627
      2    173      4      1     10      3     11      3      1   1279   1000
      2    173      4      1     11      4      3      4      1   4467   1194
      2    173      4      1     12      2     14      2      1   4039   2604
      2    173      4      1     13      4      1      7      0   7114   1415
      2    173      4      1     14      7     14      7      1   3198  11710
      2    173      4      1     15      1      9      4      0   1833   3790
      2    173      4      1     16      1     10      2      0   2897   8113
      2    173      4      2      1      2      9      2      1  12263
      2    173      4      2      2      3      9      3      1   1481
      2    173      4      2      3      5      2      5      1   1297
      2    173      4      2      4      7     16      7      1   3531
      2    173      4      2      5      7     10      6      0   1447
      2    173      4      2      6      3     14      3      1   1481
      2    173      4      2      7      4     15      3      0   2048
      2    173      4      2      8      2      1      1      0   8214
      2    173      4      2      9      6      5      7      0  15280
      2    173      4      2     10      1     16      7      0   5714
      2    173      4      2     11      8      6      8      1   1146
      2    173      4      2     12      4      5      4      1   4264
      2    173      4      2     13      1      1      3      0   4580
      2    173      4      2     14      6      9      6      1   1681
      2    173      4      2     15      5     14      5      1   2498
      2    173      4      2     16      8      4      8      1   1212
      2    173      5      1      1      4      8      1      0   4631  14501
      2    173      5      1      2      1     10      4      0   3359   5444
      2    173      5      1      3      4     11      2      0   1376  18232
      2    173      5      1      4      8      3      8      1   1176   2483
      2    173      5      1      5      6     10      6      1   1812    501
      2    173      5      1      6      1      6      1      1   3597   1198
      2    173      5      1      7      8     15      8      1   1244   1683
      2    173      5      1      8      6     10      6      1   1097    466
      2    173      5      1      9      3     15      3      1   1386    577
      2    173      5      1     10      7      7      7      1   1833    647
      2    173      5      1     11      2     10      2      1   1494    769
      2    173      5      1     12      2      2      2      1   2926   2699
      2    173      5      1     13      2     16      2      1   2123   5662
      2    173      5      1     14      1      3      1      1   3532   4092
      2    173      5      1     15      1     11      4      0   4712   1815
      2    173      5      1     16      4     14      2      0   3017   3206
      2    173      5      2      1      2      6      2      1   4813
      2    173      5      2      2      4     12      4      1   2613
      2    173      5      2      3      6     16      6      1   7948
      2    173      5      2      4      5     12      5      1   2063
      2    173      5      2      5      3     13      3      1   1446
      2    173      5      2      6      5     11      5      1   1113
      2    173      5      2      7      4     10      1      0   4880
      2    173      5      2      8      1     14      7      0   8696
      2    173      5      2      9      2      4      2      1   2230
      2    173      5      2     10      6      8      6      1   2279
      2    173      5      2     11      8      2      8      1   1197
      2    173      5      2     12      1      7      7      0   3146
      2    173      5      2     13      7      5      7      1   3629
      2    173      5      2     14      8     10      8      1   1413
      2    173      5      2     15      3      2      3      1   2629
      2    173      5      2     16      7     15      6      0   1713
      2    173      6      1      1      3     15      3      1   1761    851
      2    173      6      1      2      7     13      7      1   4470    759
      2    173      6      1      3      6     12      7      0   3685   1227
      2    173      6      1      4      1      4      2      0   2339   1339
      2    173      6      1      5      4      8      4      1   2286   1077
      2    173      6      1      6      6     12      7      0   3819    843
      2    173      6      1      7      7     12      7      1   1663    517
      2    173      6      1      8      7      6      6      0   3315   1163
      2    173      6      1      9      8      3      8      1   1432   1629
      2    173      6      1     10      3      8      3      1   1206   1472
      2    173      6      1     11      4     14      2      0   2078   2897
      2    173      6      1     12      2     13      4      0    928    735
      2    173      6      1     13      2      2      2      1   1806  10985
      2    173      6      1     14      2     16      1      0   3305   3086
      2    173      6      1     15      7      7      7      1   2102    578
      2    173      6      1     16      8     16      8      1   3944    452
      2    173      6      2      1      5      5      5      1   1430
      2    173      6      2      2      6      6      6      1   5630
      2    173      6      2      3      4     16      4      1   7413
      2    173      6      2      4      8      5      8      1   1396
      2    173      6      2      5      1      5      7      0   2830
      2    173      6      2      6      6      3      6      1   2413
      2    173      6      2      7      4      9      1      0   5646
      2    173      6      2      8      8     13      8      1   1380
      2    173      6      2      9      2      5      2      1   2129
      2    173      6      2     10      3      6      3      1   2963
      2    173      6      2     11      7      4      7      1   4029
      2    173      6      2     12      1      2      1      1   2713
      2    173      6      2     13      3     10      3      1   1147
      2    173      6      2     14      2      3      4      0   1048
      2    173      6      2     15      7      8      6      0   1446
      2    173      6      2     16      5      9      5      1   1647
      2    173      7      1      1      5     16      5      1    871   2505
      2    173      7      1      2      6     10      6      1   1457   1038
      2    173      7      1      3      4      3      4      1    883    480
      2    173      7      1      4      7     14      7      1   1824    822
      2    173      7      1      5      6     13      6      1   1253    776
      2    173      7      1      6      4      3      4      1   1508   1420
      2    173      7      1      7      6     13      6      1   1534    380
      2    173      7      1      8      5      7      5      1   1194   1900
      2    173      7      1      9      8     15      8      1   1170    709
      2    173      7      1     10      2      8      2      1   1132   1495
      2    173      7      1     11      8      8      8      1   1856   1739
      2    173      7      1     12      1      6      1      1   5110   3048
      2    173      7      1     13      1      9      1      1   1674   1238
      2    173      7      1     14      4     11      4      1   1926   1718
      2    173      7      1     15      8      8      8      1    932   1097
      2    173      7      1     16      2     13      1      0   4897    948
      2    173      7      2      1      3     10      3      1   1697
      2    173      7      2      2      2      1      2      1   5979
      2    173      7      2      3      5      5      5      1   1229
      2    173      7      2      4      1      7      7      0   3413
      2    173      7      2      5      8      5      8      1   1646
      2    173      7      2      6      6      3      6      1   2530
      2    173      7      2      7      8      2      8      1   1513
      2    173      7      2      8      7     16      1      0  10663
      2    173      7      2      9      4      5      4      1   1548
      2    173      7      2     10      5     11      5      1   1263
      2    173      7      2     11      3      9      3      1   1463
      2    173      7      2     12      7     10      7      1   2048
      2    173      7      2     13      4     15      4      1   3496
      2    173      7      2     14      1     14      6      0   7146
      2    173      7      2     15      2      9      1      0   3530
      2    173      7      2     16      6     16      6      1   2563
      2    173      8      1      1      1      4      4      0   3852   1841
      2    173      8      1      2      7      6      6      0   1417   4954
      2    173      8      1      3      6     10      6      1    872   1024
      2    173      8      1      4      8      3      8      1   1892   1369
      2    173      8      1      5      1      9      1      1   1234   1012
      2    173      8      1      6      5      4      5      1   1023    623
      2    173      8      1      7      1      6      4      0   1651    562
      2    173      8      1      8      2      2      1      0    681  12790
      2    173      8      1      9      2     14      2      1   3095    552
      2    173      8      1     10      2      8      2      1    795    850
      2    173      8      1     11      8      3      8      1   1397    982
      2    173      8      1     12      8      8      8      1   1210    803
      2    173      8      1     13      2     13      2      1   1031    848
      2    173      8      1     14      4     14      1      0   1248    881
      2    173      8      1     15      3     12      3      1    830   1249
      2    173      8      1     16      3     16      3      1   1445   1682
      2    173      8      2      1      3      2      3      1   1480
      2    173      8      2      2      5      2      5      1   1130
      2    173      8      2      3      2      3      2      1   6780
      2    173      8      2      4      7      4      6      0   3881
      2    173      8      2      5      4      9      1      0   4696
      2    173      8      2      6      6      5      6      1   4746
      2    173      8      2      7      5      9      5      1   1296
      2    173      8      2      8      3     14      3      1   1180
      2    173      8      2      9      2      4      2      1   1881
      2    173      8      2     10      8      4      8      1   1379
      2    173      8      2     11      1      5      7      0   2613
      2    173      8      2     12      7      8      7      1   1246
      2    173      8      2     13      4     12      4      1   1648
      2    173      8      2     14      6      9      6      1   1264
      2    173      8      2     15      1      1      3      0   4746
      2    173      8      2     16      8      6      8      1   1263
      2    173      9      1      1      4     11      4      1   1345   1166
      2    173      9      1      2      4      8      1      0   3718    462
      2    173      9      1      3      5     16      5      1   1311    867
      2    173      9      1      4      8      9      8      1   1240    673
      2    173      9      1      5      4      1      3      0   1872    441
      2    173      9      1      6      7     12      7      1   1465    482
      2    173      9      1      7      1      9      4      0    953    377
      2    173      9      1      8      6     15      6      1   4097    233
      2    173      9      1      9      6     13      6      1   1234   1361
      2    173      9      1     10      5     16      5      1   1207    606
      2    173      9      1     11      6     13      6      1   1265    249
      2    173      9      1     12      8     15      8      1   1574    505
      2    173      9      1     13      2      8      4      0   1172   1555
      2    173      9      1     14      3     11      3      1   1434    579
      2    173      9      1     15      7     14      7      1   1520   3487
      2    173      9      1     16      7      6      7      1   1147   1764
      2    173      9      2      1      8     13      8      1   1529
      2    173      9      2      2      7     15      7      1   2896
      2    173      9      2      3      3     13      7      0   2130
      2    173      9      2      4      4     16      4      1   2680
      2    173      9      2      5      1     16      7      0   3946
      2    173      9      2      6      1      2      1      1   2312
      2    173      9      2      7      2      6      2      1   1263
      2    173      9      2      8      7      5      6      0   1613
      2    173      9      2      9      3      6      6      0   1798
      2    173      9      2     10      8     10      8      1   1229
      2    173      9      2     11      6      8      6      1   1063
      2    173      9      2     12      2      5      2      1   2212
      2    173      9      2     13      5     14      5      1   1563
      2    173      9      2     14      5     12      5      1   2246
      2    173      9      2     15      4     10      4      1   3730
      2    173      9      2     16      6      6      6      1   2213
