      2      9      1      1      1      3      7      1      0   1802   8303
      2      9      1      1      2      5      4      6      0   2428   3080
      2      9      1      1      3      7     13      3      0   1296   4501
      2      9      1      1      4      8      9      4      0   1439   4533
      2      9      1      1      5      6     11      2      0   4071   1431
      2      9      1      1      6      3     14      1      0   1092   2620
      2      9      1      1      7      3     10      2      0   1596   2507
      2      9      1      1      8      5     16      5      1   1772   4924
      2      9      1      1      9      6     11      4      0   1046   3412
      2      9      1      1     10      6     13      7      0   1228   2052
      2      9      1      1     11      3      7      3      1    980   2574
      2      9      1      1     12      7     13      4      0   1582   4636
      2      9      1      1     13      8      9      2      0   6273   1647
      2      9      1      1     14      8      9      8      1   1560   1823
      2      9      1      1     15      5      9      5      1   1091   1362
      2      9      1      1     16      3      7      2      0   1057    761
      2      9      1      2      1      8      2      8      1   5335     -1
      2      9      1      2      2      5      5      5      1   3457     -1
      2      9      1      2      3      2      1      4      0   2078     -1
      2      9      1      2      4      6     16      2      0   5058     -1
      2      9      1      2      5      3     11      6      0   4091     -1
      2      9      1      2      6      3      2      1      0   3491     -1
      2      9      1      2      7      6      3      6      1   2425     -1
      2      9      1      2      8      4     10      4      1   1344     -1
      2      9      1      2      9      4      9      7      0   1996     -1
      2      9      1      2     10      1      3      2      0   1726     -1
      2      9      1      2     11      2      8      2      1   2992     -1
      2      9      1      2     12      8      4      8      1   1809     -1
      2      9      1      2     13      5     12      5      1   1531     -1
      2      9      1      2     14      7      2      6      0   2225     -1
      2      9      1      2     15      1      1      1      1   1476     -1
      2      9      1      2     16      7     10      8      0   1575     -1
      2      9      2      1      1      7      4      1      0    990   4217
      2      9      2      1      2      8      9      8      1   1292   7430
      2      9      2      1      3      6     11      3      0    989   2809
      2      9      2      1      4      6     11      6      1   1507    711
      2      9      2      1      5      3     10      2      0    988    827
      2      9      2      1      6      3     13      3      1    983   1162
      2      9      2      1      7      4     16      2      0    671   2696
      2      9      2      1      8      2      9      4      0   1277   1496
      2      9      2      1      9      8     16      8      1   1832    950
      2      9      2      1     10      7     15      4      0   1580   2557
      2      9      2      1     11      7     15      7      1   1181   2180
      2      9      2      1     12      6     13      3      0    951   1603
      2      9      2      1     13      3     10      3      1    967   1177
      2      9      2      1     14      5      7      1      0   4038   1042
      2      9      2      1     15      5     14      5      1   1713   1164
      2      9      2      1     16      7     13      7      1   2941    743
      2      9      2      2      1      4      8      1      0   5445     -1
      2      9      2      2      2      1      4      4      0   3292     -1
      2      9      2      2      3      3     15      3      1   1976     -1
      2      9      2      2      4      8      5      8      1   1792     -1
      2      9      2      2      5      6     12      7      0   2792     -1
      2      9      2      2      6      7      8      4      0   3226     -1
      2      9      2      2      7      5      6      5      1   2042     -1
      2      9      2      2      8      7     16      4      0   2458     -1
      2      9      2      2      9      4      1      3      0   1342     -1
      2      9      2      2     10      2     13      6      0   1862     -1
      2      9      2      2     11      5     10      5      1   1508     -1
      2      9      2      2     12      8     15      8      1   1742     -1
      2      9      2      2     13      1     10      8      0   1375     -1
      2      9      2      2     14      3      8      3      1   1975     -1
      2      9      2      2     15      2      4      2      1   5813     -1
      2      9      2      2     16      6      7      4      0   2609     -1
      2      9      3      1      1      1     11      2      0   1602   3810
      2      9      3      1      2      3     16      3      1   1128   3690
      2      9      3      1      3      7     13      4      0    913   3917
      2      9      3      1      4      3     16      4      0    825   2136
      2      9      3      1      5      8     10      8      1   1308   1317
      2      9      3      1      6      1      7      3      0    916    851
      2      9      3      1      7      3      7      1      0    942    874
      2      9      3      1      8      2     10      3      0   1381    620
      2      9      3      1      9      8     10      8      1    973   1266
      2      9      3      1     10      2     16      7      0   2689   1450
      2      9      3      1     11      2     16      2      1    894   1965
      2      9      3      1     12      3      7      4      0   1874   1923
      2      9      3      1     13      3     14      3      1   1191   2530
      2      9      3      1     14      1      7      1      1   1842   1138
      2      9      3      1     15      3      7      1      0   4010   1560
      2      9      3      1     16      7     13      7      1   3995   4262
      2      9      3      2      1      3      6      2      0   2930     -1
      2      9      3      2      2      2      3      8      0   1676     -1
      2      9      3      2      3      8      6      8      1   1042     -1
      2      9      3      2      4      1     14      3      0   4593     -1
      2      9      3      2      5      6     10      3      0   1210     -1
      2      9      3      2      6      2      5      2      1   2529     -1
      2      9      3      2      7      4      5      4      1   2245     -1
      2      9      3      2      8      5      8      5      1   2043     -1
      2      9      3      2      9      7     12      4      0   1363     -1
      2      9      3      2     10      1     16      3      0   1643     -1
      2      9      3      2     11      3     12      4      0   1175     -1
      2      9      3      2     12      6      6      8      0   1760     -1
      2      9      3      2     13      7      5      3      0   3996     -1
      2      9      3      2     14      5      2      5      1   1842     -1
      2      9      3      2     15      4     12      4      1   2043     -1
      2      9      3      2     16      8      8      3      0   1509     -1
      2      9      4      1      1      3      7      3      1   2073   4257
      2      9      4      1      2      6      5      1      0   1867    894
      2      9      4      1      3      6      8      7      0   3291    823
      2      9      4      1      4      7      4      3      0    956   1466
      2      9      4      1      5      2      6      2      1   3051   1191
      2      9      4      1      6      1      7      1      1    897    771
      2      9      4      1      7      1      5      3      0   1968   1126
      2      9      4      1      8      1     11      3      0    982    721
      2      9      4      1      9      2     14      2      1   1808   1562
      2      9      4      1     10      1      9      3      0    760    873
      2      9      4      1     11      2      2      3      0   1103   1501
      2      9      4      1     12      4     11      3      0   1350    867
      2      9      4      1     13      3     13      4      0   1032    736
      2      9      4      1     14      5      4      5      1    980    999
      2      9      4      1     15      7     14      1      0   1030   1311
      2      9      4      1     16      3     10      6      0   1334   1455
      2      9      4      2      1      2      3      1      0   2829     -1
      2      9      4      2      2      4      1      1      0   7060     -1
      2      9      4      2      3      8      2      8      1   1309     -1
      2      9      4      2      4      1     10      8      0   1810     -1
      2      9      4      2      5      8      8      8      1   2358     -1
      2      9      4      2      6      2      8      1      0   3146     -1
      2      9      4      2      7      7      8      6      0   4162     -1
      2      9      4      2      8      5      2      5      1   1313     -1
      2      9      4      2      9      6      7      4      0   3809     -1
      2      9      4      2     10      3      2      1      0   3358     -1
      2      9      4      2     11      6      6      7      0   2609     -1
      2      9      4      2     12      7     10      4      0   1643     -1
      2      9      4      2     13      4      9      1      0   1708     -1
      2      9      4      2     14      1      3      1      1   1641     -1
      2      9      4      2     15      3      8      1      0   1892     -1
      2      9      4      2     16      5     10      5      1   1226     -1
      2      9      5      1      1      8     16      6      0   1246   7467
      2      9      5      1      2      5     14      7      0   1791   1119
      2      9      5      1      3      6     15      6      1   1411    887
      2      9      5      1      4      7     13      7      1   2745   1035
      2      9      5      1      5      6     15      6      1   1495   1626
      2      9      5      1      6      1      6      1      1   3357   1152
      2      9      5      1      7      2     16      2      1   1273    843
      2      9      5      1      8      7      7      3      0   1076    677
      2      9      5      1      9      6     13      4      0    659    973
      2      9      5      1     10      7      4      2      0   1552   1241
      2      9      5      1     11      1      7      1      1    883   1079
      2      9      5      1     12      1      7      1      1   1581    983
      2      9      5      1     13      1     11      3      0   1210    772
      2      9      5      1     14      2     14      8      0   2137   1518
      2      9      5      1     15      8     13      2      0   1033   2583
      2      9      5      1     16      8      3      2      0   1375    973
      2      9      5      2      1      3     11      1      0   1694     -1
      2      9      5      2      2      8      4      8      1   1244     -1
      2      9      5      2      3      1     16      2      0   2942     -1
      2      9      5      2      4      1     14      2      0   1213     -1
      2      9      5      2      5      6     16      3      0   1976     -1
      2      9      5      2      6      3      6      1      0   1726     -1
      2      9      5      2      7      6      3      7      0   3210     -1
      2      9      5      2      8      7     16      6      0   1176     -1
      2      9      5      2      9      2      4      2      1   1759     -1
      2      9      5      2     10      5     12      5      1   1008     -1
      2      9      5      2     11      8      5      8      1   1026     -1
      2      9      5      2     12      2      5      2      1   1429     -1
      2      9      5      2     13      5      5      5      1   1575     -1
      2      9      5      2     14      7     12      8      0   3592     -1
      2      9      5      2     15      4      5      4      1   1609     -1
      2      9      5      2     16      4      8      3      0   1310     -1
      2      9      6      1      1      2     16      2      1   1882   3334
      2      9      6      1      2      3     16      1      0   1636   1289
      2      9      6      1      3      3     14      3      1    794   3722
      2      9      6      1      4      3      9      3      1    777   1233
      2      9      6      1      5      3     10      1      0   1771   1189
      2      9      6      1      6      6     13      3      0    830   5621
      2      9      6      1      7      4     14      6      0    848    983
      2      9      6      1      8      3     16      6      0   1200    947
      2      9      6      1      9      2      9      3      0    926   2971
      2      9      6      1     10      2      6      2      1   1025    907
      2      9      6      1     11      2     16      2      1   1043   4004
      2      9      6      1     12      7     15      7      1   3213    918
      2      9      6      1     13      4     14      6      0   1162   1869
      2      9      6      1     14      6     15      6      1   1257    843
      2      9      6      1     15      7     13      7      1   1400   1357
      2      9      6      1     16      1      6      1      1   4007   1548
      2      9      6      2      1      1      4      1      1   2063     -1
      2      9      6      2      2      6     10      7      0   2142     -1
      2      9      6      2      3      3     15      3      1   5113     -1
      2      9      6      2      4      4     12      2      0   3292     -1
      2      9      6      2      5      2      1      2      1   1129     -1
      2      9      6      2      6      5      6      5      1   1927     -1
      2      9      6      2      7      2     13      2      1   1758     -1
      2      9      6      2      8      7      5      3      0   1326     -1
      2      9      6      2      9      1      1      3      0   1058     -1
      2      9      6      2     10      4     10      4      1   1242     -1
      2      9      6      2     11      3     12      3      1   2793     -1
      2      9      6      2     12      7      2      6      0   3359     -1
      2      9      6      2     13      6     12      7      0   2042     -1
      2      9      6      2     14      8     15      8      1   1795     -1
      2      9      6      2     15      5      8      5      1    962     -1
      2      9      6      2     16      8      6      8      1   1109     -1
      2      9      7      1      1      5     14      5      1   2007   5999
      2      9      7      1      2      4     14      3      0   3018    829
      2      9      7      1      3      7      7      4      0   1174   2989
      2      9      7      1      4      1      7      3      0   2510   1987
      2      9      7      1      5      4     15      2      0   8919    650
      2      9      7      1      6      1      7      1      1   1098    771
      2      9      7      1      7      4      3      2      0    930   1542
      2      9      7      1      8      4     16      2      0   1046   2280
      2      9      7      1      9      4     11      4      1    984   6256
      2      9      7      1     10      4     11      4      1    732   2129
      2      9      7      1     11      3      9      1      0   1678   2757
      2      9      7      1     12      1      7      1      1   1115   1671
      2      9      7      1     13      1      5      3      0   3401   4781
      2      9      7      1     14      7      7      7      1   2018   2242
      2      9      7      1     15      6     15      6      1    999   1227
      2      9      7      1     16      1      6      4      0   2314   1016
      2      9      7      2      1      2      3      4      0   1263     -1
      2      9      7      2      2      1     10      1      1   2491     -1
      2      9      7      2      3      2      1      2      1   1780     -1
      2      9      7      2      4      6     10      7      0   1996     -1
      2      9      7      2      5      4     12      4      1   2312     -1
      2      9      7      2      6      6     16      4      0   7529     -1
      2      9      7      2      7      8      4      8      1   1295     -1
      2      9      7      2      8      5     10      5      1   1195     -1
      2      9      7      2      9      7      8      7      1   3093     -1
      2      9      7      2     10      1     16      1      1   1459     -1
      2      9      7      2     11      5      5      5      1   1076     -1
      2      9      7      2     12      3      6      3      1   4346     -1
      2      9      7      2     13      8      5      8      1   1743     -1
      2      9      7      2     14      4      5      4      1   1625     -1
      2      9      7      2     15      3      8      1      0   1911     -1
      2      9      7      2     16      7      5      3      0   4308     -1
      2      9      8      1      1      1      7      1      1    693   5327
      2      9      8      1      2      4     15      1      0   5587   1109
      2      9      8      1      3      4      3      4      1   1126   2446
      2      9      8      1      4      2      9      4      0    893   2037
      2      9      8      1      5      2      2      2      1    699   1293
      2      9      8      1      6      4     11      2      0    853    668
      2      9      8      1      7      5      7      5      1    933    916
      2      9      8      1      8      7     13      7      1    860   1168
      2      9      8      1      9      6     15      6      1   1271   1172
      2      9      8      1     10      3     14      1      0    753   2008
      2      9      8      1     11      7     15      7      1   1049    998
      2      9      8      1     12      3      9      3      1   1127   2315
      2      9      8      1     13      1      5      4      0   1320    798
      2      9      8      1     14      4     13      1      0   2253   1568
      2      9      8      1     15      5      9      5      1   1169    716
      2      9      8      1     16      8     16      8      1   1012   1575
      2      9      8      2      1      8      2      8      1   1312     -1
      2      9      8      2      2      2      4      2      1   2793     -1
      2      9      8      2      3      7     10      7      1   1658     -1
      2      9      8      2      4      3     15      1      0   1625     -1
      2      9      8      2      5      7     12      7      1   2109     -1
      2      9      8      2      6      1      3      1      1   1692     -1
      2      9      8      2      7      3     12      4      0   1959     -1
      2      9      8      2      8      5      6      5      1   1146     -1
      2      9      8      2      9      2      5      2      1   1292     -1
      2      9      8      2     10      5      8      5      1   1157     -1
      2      9      8      2     11      8      8      8      1   1829     -1
      2      9      8      2     12      6      6      8      0   1859     -1
      2      9      8      2     13      6      3      7      0   1479     -1
      2      9      8      2     14      4      8      4      1   2391     -1
      2      9      8      2     15      4      9      4      1   1128     -1
      2      9      8      2     16      1      4      1      1   1509     -1
      2      9      9      1      1      8     13      8      1    987   1796
      2      9      9      1      2      6     15      6      1   1497   4568
      2      9      9      1      3      1      5      4      0   2147   1051
      2      9      9      1      4      1      7      1      1   1427    872
      2      9      9      1      5      3     13      4      0    884    897
      2      9      9      1      6      6      9      7      0   1126   1200
      2      9      9      1      7      7     13      7      1   1459    890
      2      9      9      1      8      6      9      6      1    810   1592
      2      9      9      1      9      3     10      1      0   2831   1015
      2      9      9      1     10      1      7      3      0    900   1240
      2      9      9      1     11      2     16      2      1   3287    696
      2      9      9      1     12      4     13      4      1   2371   1337
      2      9      9      1     13      6     13      5      0   2164   1147
      2      9      9      1     14      8     10      8      1   1257   4283
      2      9      9      1     15      7      6      7      1   1064   3802
      2      9      9      1     16      3     14      3      1   2283    867
      2      9      9      2      1      1      1      4      0   9097     -1
      2      9      9      2      2      6      7      6      1   3109     -1
      2      9      9      2      3      7     16      7      1   1875     -1
      2      9      9      2      4      5      2      5      1    975     -1
      2      9      9      2      5      2     13      2      1   3726     -1
      2      9      9      2      6      7      2      7      1   1161     -1
      2      9      9      2      7      8      6      8      1   1075     -1
      2      9      9      2      8      1     14      1      1   3892     -1
      2      9      9      2      9      3      2      3      1   2292     -1
      2      9      9      2     10      6     12      6      1   1363     -1
      2      9      9      2     11      4      1      2      0   4377     -1
      2      9      9      2     12      2      8      2      1    891     -1
      2      9      9      2     13      3     11      3      1   4342     -1
      2      9      9      2     14      5     12      5      1   1276     -1
      2      9      9      2     15      8     15      8      1   1545     -1
      2      9      9      2     16      4     10      4      1   2962     -1
