      2    148      1      1      1      5      7      5      1   7874   5176
      2    148      1      1      2      5      9      2      0   7688  14460
      2    148      1      1      3      5     12      5      1   3583   4712
      2    148      1      1      4      4     16      2      0   8131   4151
      2    148      1      1      5      1      7      8      0   2883   2231
      2    148      1      1      6      3     14      1      0   2282   2495
      2    148      1      1      7      4     15      1      0   4290  11060
      2    148      1      1      8      3     12      4      0   1025   4919
      2    148      1      1      9      2     16      1      0   6212   2549
      2    148      1      1     10      8     16      2      0   1353   4362
      2    148      1      1     11      8     14      8      1    854   4113
      2    148      1      1     12      8      3      8      1   2193   3510
      2    148      1      1     13      1      6      1      1   4016   5454
      2    148      1      1     14      3      2      6      0   5535   7293
      2    148      1      1     15      7      8      7      1   8263  13151
      2    148      1      1     16      5     14      5      1   2561   9071
      2    148      1      2      1      8      6      8      1   1720
      2    148      1      2      2      4     13      3      0   3146
      2    148      1      2      3      3      9      3      1   9663
      2    148      1      2      4      1     14      4      0   2763
      2    148      1      2      5      5      8      5      1   1945
      2    148      1      2      6      8     15      8      1   2745
      2    148      1      2      7      6     16      5      0   4896
      2    148      1      2      8      4      5      7      0   2629
      2    148      1      2      9      2      2      1      0  10179
      2    148      1      2     10      7      7      7      1   2513
      2    148      1      2     11      5      2      5      1   2313
      2    148      1      2     12      6     11      5      0  15079
      2    148      1      2     13      7     15      7      1   1479
      2    148      1      2     14      1      2      3      0   1779
      2    148      1      2     15      2     13      2      1   4062
      2    148      1      2     16      3      8      3      1   1079
      2    148      2      1      1      7     13      7      1   1773   6888
      2    148      2      1      2      5      7      5      1    953   1648
      2    148      2      1      3      2      1      1      0   5435    788
      2    148      2      1      4      2      8      2      1   1192   1327
      2    148      2      1      5      1      9      4      0   2920   1135
      2    148      2      1      6      1      3      3      0   1541    817
      2    148      2      1      7      2      1      1      0   1655   1183
      2    148      2      1      8      7      6      7      1   1172   1050
      2    148      2      1      9      6     10      6      1   3445   1077
      2    148      2      1     10      3     12      3      1   2416   2165
      2    148      2      1     11      7      5      7      1   1982   1089
      2    148      2      1     12      2     16      8      0   1618    723
      2    148      2      1     13      2     10      1      0   3572   1761
      2    148      2      1     14      1      9      1      1   1013   8536
      2    148      2      1     15      8      8      8      1   1565   1652
      2    148      2      1     16      1      3      1      1   1792    832
      2    148      2      2      1      6      8      6      1   7746
      2    148      2      2      2      7     16      7      1   1863
      2    148      2      2      3      8      2      8      1   1413
      2    148      2      2      4      4     11      2      0   3812
      2    148      2      2      5      7      4      2      0   4362
      2    148      2      2      6      6     15      6      1   9396
      2    148      2      2      7      3     10      1      0   2029
      2    148      2      2      8      1     10      1      1   6030
      2    148      2      2      9      2      4      2      1   1562
      2    148      2      2     10      5      5      5      1   1946
      2    148      2      2     11      3      6      3      1   1579
      2    148      2      2     12      2     14      2      1   2863
      2    148      2      2     13      5      6      5      1   1296
      2    148      2      2     14      1      5      1      1   3046
      2    148      2      2     15      8     13      8      1   1879
      2    148      2      2     16      4     12      1      0   7062
      2    148      3      1      1      8     16      8      1    689   1529
      2    148      3      1      2      1      7      1      1   1686    788
      2    148      3      1      3      5      7      5      1    726    534
      2    148      3      1      4      7     13      7      1    800    592
      2    148      3      1      5      8      8      8      1   1870   1084
      2    148      3      1      6      4      1      1      0   1938   1050
      2    148      3      1      7      7      6      7      1   1441    799
      2    148      3      1      8      4     16      2      0   2010    963
      2    148      3      1      9      2     16      2      1   1724   9248
      2    148      3      1     10      3      7      5      0   5704   1779
      2    148      3      1     11      6      6      6      1   4951   1716
      2    148      3      1     12      2      5      1      0   1393   1309
      2    148      3      1     13      3     13      7      0   1746  10869
      2    148      3      1     14      3     16      3      1   1891   5846
      2    148      3      1     15      3     13      3      1   1271   5931
      2    148      3      1     16      8     10      8      1    817   1501
      2    148      3      2      1      7     12      3      0   1980
      2    148      3      2      2      8      4      8      1   1046
      2    148      3      2      3      8      9      8      1   1746
      2    148      3      2      4      7     10      7      1   5213
      2    148      3      2      5      2      6      2      1   3431
      2    148      3      2      6      3     15      3      1   2113
      2    148      3      2      7      4      8      4      1   4896
      2    148      3      2      8      1      1      4      0   2496
      2    148      3      2      9      3     11      3      1   2946
      2    148      3      2     10      6     12      6      1   1797
      2    148      3      2     11      4     14      4      1  10262
      2    148      3      2     12      6      3      6      1   1529
      2    148      3      2     13      5     16      5      1   1612
      2    148      3      2     14      2      9      1      0   1379
      2    148      3      2     15      5     10      5      1   1446
      2    148      3      2     16      1     16      1      1   1780
      2    148      4      1      1      1     11      1      1   2074   1131
      2    148      4      1      2      3     16      3      1   1275    551
      2    148      4      1      3      4      3      3      0   1462    514
      2    148      4      1      4      3     16      3      1    819   3336
      2    148      4      1      5      2      3      1      0   1436   1318
      2    148      4      1      6      7     14      4      0   7131   1108
      2    148      4      1      7      7      5      7      1   1612   1142
      2    148      4      1      8      3     13      3      1   1219   2724
      2    148      4      1      9      8      8      8      1   2168   1203
      2    148      4      1     10      8      5      8      1   1943   1161
      2    148      4      1     11      6      6      7      0   1856    785
      2    148      4      1     12      2     10      2      1   2706   1363
      2    148      4      1     13      8     10      8      1   1059    781
      2    148      4      1     14      1      3      1      1   1643   1343
      2    148      4      1     15      6      5      6      1   2657    717
      2    148      4      1     16      5      9      5      1   1153    738
      2    148      4      2      1      2     13      2      1   1912
      2    148      4      2      2      7     12      3      0   1046
      2    148      4      2      3      5      5      5      1   1146
      2    148      4      2      4      8      2      8      1    962
      2    148      4      2      5      1      1      4      0   3613
      2    148      4      2      6      6     16      6      1   1946
      2    148      4      2      7      1      5      1      1   1830
      2    148      4      2      8      7     10      7      1   1130
      2    148      4      2      9      4     12      1      0   5646
      2    148      4      2     10      8      4      8      1   1079
      2    148      4      2     11      5      2      5      1   1979
      2    148      4      2     12      4      8      7      0   4430
      2    148      4      2     13      6     15      6      1   1414
      2    148      4      2     14      3      6      7      0   4229
      2    148      4      2     15      3     11      3      1   4280
      2    148      4      2     16      2      4      2      1   1729
      2    148      5      1      1      2      5      2      1   2255   1976
      2    148      5      1      2      2      8      2      1   3498    643
      2    148      5      1      3      4     16      2      0   2199   1106
      2    148      5      1      4      7      8      7      1   1416    858
      2    148      5      1      5      5      7      5      1    832    676
      2    148      5      1      6      6      9      6      1   2673   1628
      2    148      5      1      7      3      7      3      1   1862   1092
      2    148      5      1      8      7      6      7      1   1663   1306
      2    148      5      1      9      2      1      1      0   4940   1279
      2    148      5      1     10      5      4      5      1   1039   1563
      2    148      5      1     11      2      3      2      1   4467    807
      2    148      5      1     12      3     12      3      1   1388   1480
      2    148      5      1     13      4     10      2      0   7060   1458
      2    148      5      1     14      4     10      4      1   3199   1353
      2    148      5      1     15      4      3      4      1   2470   2160
      2    148      5      1     16      4      9      4      1   2603   8675
      2    148      5      2      1      3     10      3      1   1996
      2    148      5      2      2      5     16      5      1   1045
      2    148      5      2      3      4     11      4      1   1996
      2    148      5      2      4      6     12      6      1   1613
      2    148      5      2      5      7     15      7      1   1463
      2    148      5      2      6      2      6      2      1   2329
      2    148      5      2      7      8      6      8      1   1079
      2    148      5      2      8      1     16      1      1   2763
      2    148      5      2      9      3      9      3      1   1613
      2    148      5      2     10      6      8      6      1   1412
      2    148      5      2     11      1      2      3      0  10746
      2    148      5      2     12      8     13      8      1   1195
      2    148      5      2     13      7      7      7      1   1513
      2    148      5      2     14      5     10      5      1   1363
      2    148      5      2     15      4     14      4      1   2396
      2    148      5      2     16      2     14      8      0   1496
      2    148      6      1      1      4      1      1      0   3153   1499
      2    148      6      1      2      3      7      3      1   1365  17636
      2    148      6      1      3      4     16      2      0   1403   1516
      2    148      6      1      4      7     14      4      0   2870   1251
      2    148      6      1      5      2     16      2      1   1312   3194
      2    148      6      1      6      7      6      7      1   1317    625
      2    148      6      1      7      8     10      8      1    789   1264
      2    148      6      1      8      6      6      6      1    899   1106
      2    148      6      1      9      5      7      5      1    946    662
      2    148      6      1     10      7      5      7      1   1163   1059
      2    148      6      1     11      4      1      4      1   2585    822
      2    148      6      1     12      4     16      4      1   2020    506
      2    148      6      1     13      7     13      7      1   1339   2025
      2    148      6      1     14      1     11      1      1   4617   2759
      2    148      6      1     15      3     13      7      0   1591    932
      2    148      6      1     16      1     11      1      1   1330   1307
      2    148      6      2      1      6      3      6      1   1246
      2    148      6      2      2      4     13      4      1   1513
      2    148      6      2      3      7     16      4      0   3712
      2    148      6      2      4      1     14      1      1   2280
      2    148      6      2      5      3      8      3      1   1913
      2    148      6      2      6      1     10      1      1   3863
      2    148      6      2      7      2      9      2      1   3729
      2    148      6      2      8      8      9      8      1   1013
      2    148      6      2      9      5      8      5      1   1281
      2    148      6      2     10      6     11      6      1   1396
      2    148      6      2     11      5      6      5      1   1179
      2    148      6      2     12      3     15      3      1   1579
      2    148      6      2     13      4      5      4      1   1163
      2    148      6      2     14      2      2      2      1   3529
      2    148      6      2     15      8     15      8      1   1131
      2    148      6      2     16      7      4      2      0   5029
      2    148      7      1      1      7      8      7      1   1081   1983
      2    148      7      1      2      5      9      5      1   1071    737
      2    148      7      1      3      5     12      5      1   1042   1757
      2    148      7      1      4      1      4      2      0   3288   1729
      2    148      7      1      5      1      9      1      1   1370   3781
      2    148      7      1      6      6      9      6      1   1304   1266
      2    148      7      1      7      6      5      6      1   1260   1128
      2    148      7      1      8      1      3      1      1   1371    868
      2    148      7      1      9      4     10      4      1   2946   1639
      2    148      7      1     10      6      9      6      1   1070   1516
      2    148      7      1     11      4     10      4      1   1105   1232
      2    148      7      1     12      7      2      7      1   1014   3191
      2    148      7      1     13      3     16      3      1   1582   1586
      2    148      7      1     14      4      3      4      1   3874   2255
      2    148      7      1     15      8      8      8      1   1233   1022
      2    148      7      1     16      6      6      6      1   1086   1384
      2    148      7      2      1      8     13      8      1   2112
      2    148      7      2      2      8      9      8      1   1596
      2    148      7      2      3      4      8      4      1   1696
      2    148      7      2      4      1      2      1      1   2247
      2    148      7      2      5      1     16      1      1   1763
      2    148      7      2      6      3     10      3      1   1129
      2    148      7      2      7      7     12      7      1   1846
      2    148      7      2      8      7     10      7      1   1513
      2    148      7      2      9      2      6      2      1   1396
      2    148      7      2     10      5     10      5      1   1229
      2    148      7      2     11      6     11      6      1   1362
      2    148      7      2     12      6     12      6      1   1613
      2    148      7      2     13      2      9      2      1   2014
      2    148      7      2     14      4      5      4      1   1581
      2    148      7      2     15      5      8      5      1   1096
      2    148      7      2     16      3      9      3      1   1431
      2    148      8      1      1      7      8      7      1   1120   1250
      2    148      8      1      2      3     14      3      1   1499    775
      2    148      8      1      3      2     10      2      1   1393   1145
      2    148      8      1      4      7      2      7      1    880   1191
      2    148      8      1      5      7     13      7      1    839   1016
      2    148      8      1      6      5     11      5      1    869   1731
      2    148      8      1      7      1      4      1      1   1928   1391
      2    148      8      1      8      7      6      7      1    941    782
      2    148      8      1      9      8     10      8      1    982    742
      2    148      8      1     10      8      5      8      1   1185    822
      2    148      8      1     11      1      4      1      1   2038   1265
      2    148      8      1     12      5      4      5      1    878   1225
      2    148      8      1     13      5      9      5      1   1005   1017
      2    148      8      1     14      2      1      2      1   2097   1620
      2    148      8      1     15      3     13      3      1   1076   2436
      2    148      8      1     16      2      3      2      1   2103   1251
      2    148      8      2      1      1      5      1      1   5430
      2    148      8      2      2      8     15      8      1   1929
      2    148      8      2      3      6      8      6      1    879
      2    148      8      2      4      1     14      1      1   2863
      2    148      8      2      5      2      2      2      1   1113
      2    148      8      2      6      7     16      4      0   2514
      2    148      8      2      7      5      6      5      1   1079
      2    148      8      2      8      6     16      6      1   1729
      2    148      8      2      9      8      2      8      1   1195
      2    148      8      2     10      4     12      4      1   2245
      2    148      8      2     11      3     11      3      1   1279
      2    148      8      2     12      5      2      5      1   1429
      2    148      8      2     13      7     15      7      1   1030
      2    148      8      2     14      2     14      8      0   1196
      2    148      8      2     15      3     15      3      1   1113
      2    148      8      2     16      4     14      2      0   4545
      2    148      9      1      1      1      9      1      1   1354   1100
      2    148      9      1      2      4     15      3      0   1026   1095
      2    148      9      1      3      8     16      8      1    819    871
      2    148      9      1      4      6      5      6      1   1055    736
      2    148      9      1      5      5      7      5      1    808   1197
      2    148      9      1      6      6      9      6      1   2918   1153
      2    148      9      1      7      6      5      6      1   1271   1563
      2    148      9      1      8      5     11      5      1    980    943
      2    148      9      1      9      1      7      1      1   5396    663
      2    148      9      1     10      1      9      1      1    924    584
      2    148      9      1     11      7      2      7      1    823    552
      2    148      9      1     12      7     13      7      1   1599    774
      2    148      9      1     13      8      5      8      1    902   1532
      2    148      9      1     14      3     16      3      1   1410    367
      2    148      9      1     15      8     10      8      1    919    556
      2    148      9      1     16      4      3      4      1   1761    597
      2    148      9      2      1      3      6      7      0   4913
      2    148      9      2      2      6      3      6      1   1463
      2    148      9      2      3      3      8      3      1   3396
      2    148      9      2      4      5     16      5      1    995
      2    148      9      2      5      1      1      2      0   2529
      2    148      9      2      6      2      4      2      1   1362
      2    148      9      2      7      4     13      3      0   2413
      2    148      9      2      8      6     15      6      1   1196
      2    148      9      2      9      1     10      1      1   1596
      2    148      9      2     10      4     11      1      0   1879
      2    148      9      2     11      8      6      8      1    963
      2    148      9      2     12      7      7      7      1   1146
      2    148      9      2     13      2     13      2      1   1446
      2    148      9      2     14      7      4      2      0   1297
      2    148      9      2     15      5      5      5      1   1279
      2    148      9      2     16      8      4      8      1    946
