      1    141      1      1      1      2      9      2      1   2760
      1    141      1      1      2      7      7      3      0   2503
      1    141      1      1      3      1      4      1      1   3115
      1    141      1      1      4      5     11      5      1   2087
      1    141      1      1      5      1      5      7      0   4261
      1    141      1      1      6      8      2      8      1   2704
      1    141      1      1      7      3      6      3      1   6136
      1    141      1      1      8      2      1      4      0   2323
      1    141      1      1      9      8     15      8      1   1459
      1    141      1      1     10      3     14      4      0   1548
      1    141      1      1     11      6     15      4      0   2894
      1    141      1      1     12      4      1      3      0   3007
      1    141      1      1     13      6     11      6      1   2740
      1    141      1      1     14      7      8      3      0   5047
      1    141      1      1     15      5     16      5      1   1258
      1    141      1      1     16      4      9      5      0   1737
      1    141      1      2      1      1     10      2      0   4283
      1    141      1      2      2      2     10      4      0   3924
      1    141      1      2      3      7     10      7      1   4458
      1    141      1      2      4      5      2      5      1   1358
      1    141      1      2      5      8      8      8      1   2990
      1    141      1      2      6      4      5      1      0   2191
      1    141      1      2      7      7      4      7      1   4392
      1    141      1      2      8      6     12      6      1   3275
      1    141      1      2      9      1      2      6      0   1891
      1    141      1      2     10      2      6      2      1   1908
      1    141      1      2     11      6      6      6      1   3141
      1    141      1      2     12      5     14      5      1   1442
      1    141      1      2     13      3     12      1      0   2742
      1    141      1      2     14      3      8      1      0   2342
      1    141      1      2     15      4      3      2      0   1475
      1    141      1      2     16      8      5      8      1   1259
      1    141      2      1      1      8      9      8      1   1558
      1    141      2      1      2      7     13      7      1   4784
      1    141      2      1      3      6     10      6      1   3788
      1    141      2      1      4      5     10      5      1    983
      1    141      2      1      5      4     11      2      0   1433
      1    141      2      1      6      1      3      2      0   1478
      1    141      2      1      7      2      3      3      0   3071
      1    141      2      1      8      3      7      6      0   3525
      1    141      2      1      9      5      5      5      1   1351
      1    141      2      1     10      6      5      6      1   1596
      1    141      2      1     11      8     10      8      1   1598
      1    141      2      1     12      4     10      3      0   6086
      1    141      2      1     13      7      6      3      0   4020
      1    141      2      1     14      3     10      1      0   2047
      1    141      2      1     15      1      1      4      0   1941
      1    141      2      1     16      2     16      2      1   1454
      1    141      2      2      1      7     14      3      0   5911
      1    141      2      2      2      1      7      1      1   2778
      1    141      2      2      3      2      8      2      1   1945
      1    141      2      2      4      4     16      2      0   1709
      1    141      2      2      5      5      7      5      1   5709
      1    141      2      2      6      8     13      8      1   1124
      1    141      2      2      7      3     15      3      1   3108
      1    141      2      2      8      6     16      6      1   1526
      1    141      2      2      9      5      9      5      1   1277
      1    141      2      2     10      8      4      8      1   1076
      1    141      2      2     11      4     13      1      0   2509
      1    141      2      2     12      6      9      6      1   1309
      1    141      2      2     13      2      4      2      1   1075
      1    141      2      2     14      3      9      3      1   1625
      1    141      2      2     15      1     16      1      1   1112
      1    141      2      2     16      7      5      7      1   2725
      1    141      3      1      1      4     14      4      1   3244
      1    141      3      1      2      1      9      1      1   3408
      1    141      3      1      3      6      8      6      1   1223
      1    141      3      1      4      2      5      2      1   1123
      1    141      3      1      5      5      4      5      1   1058
      1    141      3      1      6      3     13      3      1   4096
      1    141      3      1      7      4      8      4      1   1857
      1    141      3      1      8      8     16      8      1    987
      1    141      3      1      9      6     13      6      1   1321
      1    141      3      1     10      3      2      1      0   2311
      1    141      3      1     11      7      2      7      1   1553
      1    141      3      1     12      8     14      8      1   1138
      1    141      3      1     13      7     16      7      1   2612
      1    141      3      1     14      2     13      2      1   1087
      1    141      3      1     15      5     12      5      1   1071
      1    141      3      1     16      1      6      1      1   3236
      1    141      3      2      1      2      2      2      1   1413
      1    141      3      2      2      4     12      4      1   2425
      1    141      3      2      3      5      8      5      1   1192
      1    141      3      2      4      4     15      3      0   1659
      1    141      3      2      5      7     12      7      1   1626
      1    141      3      2      6      5      6      5      1   1191
      1    141      3      2      7      7     15      7      1   1308
      1    141      3      2      8      3     11      1      0   1791
      1    141      3      2      9      1     14      6      0   2542
      1    141      3      2     10      8      6      8      1   1028
      1    141      3      2     11      6      7      6      1   1958
      1    141      3      2     12      3     16      3      1   2475
      1    141      3      2     13      8      3      8      1    975
      1    141      3      2     14      2     14      8      0   1779
      1    141      3      2     15      6      3      6      1   1112
      1    141      3      2     16      1     11      1      1   1811
      1    141      4      1      1      5      4      5      1    974
      1    141      4      1      2      2     16      2      1   1124
      1    141      4      1      3      6      5      6      1   1154
      1    141      4      1      4      4      9      4      1   1728
      1    141      4      1      5      4     10      4      1   1766
      1    141      4      1      6      7     16      6      0   1100
      1    141      4      1      7      3     13      3      1   2424
      1    141      4      1      8      8     10      8      1   1008
      1    141      4      1      9      8     14      8      1   1444
      1    141      4      1     10      5     11      5      1   1722
      1    141      4      1     11      6     13      6      1   2068
      1    141      4      1     12      1      3      1      1   2262
      1    141      4      1     13      7      6      6      0   1382
      1    141      4      1     14      1      5      3      0   2058
      1    141      4      1     15      3     14      1      0   2619
      1    141      4      1     16      2      1      2      1   1280
      1    141      4      2      1      7     12      6      0   1680
      1    141      4      2      2      5      2      5      1   1009
      1    141      4      2      3      6     12      3      0   2659
      1    141      4      2      4      2      8      2      1    942
      1    141      4      2      5      8      3      8      1    960
      1    141      4      2      6      6     16      6      1   1161
      1    141      4      2      7      4     15      1      0   3492
      1    141      4      2      8      4      3      1      0   1275
      1    141      4      2      9      7      4      3      0   1310
      1    141      4      2     10      1     16      1      1   1330
      1    141      4      2     11      8      4      8      1    925
      1    141      4      2     12      5      8      5      1   1025
      1    141      4      2     13      3     15      3      1   3358
      1    141      4      2     14      1     14      6      0   1228
      1    141      4      2     15      3     12      1      0   1693
      1    141      4      2     16      2      6      2      1   1330
      1    141      5      1      1      7      2      6      0   1143
      1    141      5      1      2      4     14      3      0   1636
      1    141      5      1      3      7     13      6      0    950
      1    141      5      1      4      5      5      5      1   1130
      1    141      5      1      5      2      3      1      0   2927
      1    141      5      1      6      3      2      3      1   1508
      1    141      5      1      7      1      4      1      1   1760
      1    141      5      1      8      8      9      8      1    987
      1    141      5      1      9      6     10      6      1   1053
      1    141      5      1     10      5     10      5      1   1291
      1    141      5      1     11      6     15      6      1   1576
      1    141      5      1     12      3      7      3      1   2757
      1    141      5      1     13      8     15      8      1   1318
      1    141      5      1     14      2      9      2      1   1451
      1    141      5      1     15      4      1      1      0   2930
      1    141      5      1     16      1      6      1      1   1853
      1    141      5      2      1      6      7      6      1   1429
      1    141      5      2      2      7     10      7      1   2675
      1    141      5      2      3      7     14      3      0   3159
      1    141      5      2      4      6      3      6      1    993
      1    141      5      2      5      3      8      3      1   1742
      1    141      5      2      6      5      7      5      1    959
      1    141      5      2      7      3     16      1      0   1259
      1    141      5      2      8      5      9      5      1   1158
      1    141      5      2      9      1      2      4      0   2310
      1    141      5      2     10      2      2      2      1    774
      1    141      5      2     11      8      5      8      1    959
      1    141      5      2     12      4     13      3      0   4025
      1    141      5      2     13      2      4      2      1   1209
      1    141      5      2     14      8      8      8      1   1342
      1    141      5      2     15      4     12      4      1   1896
      1    141      5      2     16      1     11      1      1   1528
      1    141      6      1      1      6     11      6      1   2198
      1    141      6      1      2      2     13      4      0   1497
      1    141      6      1      3      3      6      1      0   1469
      1    141      6      1      4      1      9      4      0   4070
      1    141      6      1      5      7      8      7      1   1299
      1    141      6      1      6      8     16      8      1    891
      1    141      6      1      7      4      8      3      0   2486
      1    141      6      1      8      3     10      1      0   1384
      1    141      6      1      9      5     16      5      1   1259
      1    141      6      1     10      5     12      5      1   1026
      1    141      6      1     11      4     11      4      1   3872
      1    141      6      1     12      7      7      7      1   1370
      1    141      6      1     13      8      2      8      1   1129
      1    141      6      1     14      1      1      3      0   1913
      1    141      6      1     15      6      8      6      1   1027
      1    141      6      1     16      2      5      2      1   2008
      1    141      6      2      1      2     14      8      0   2795
      1    141      6      2      2      4      5      1      0   2126
      1    141      6      2      3      8      6      8      1   1108
      1    141      6      2      4      2     10      2      1    993
      1    141      6      2      5      5     14      5      1   1091
      1    141      6      2      6      3     11      3      1   2109
      1    141      6      2      7      8     13      8      1    976
      1    141      6      2      8      7     15      7      1   1009
      1    141      6      2      9      6      9      6      1   1192
      1    141      6      2     10      5      6      5      1    909
      1    141      6      2     11      4     16      4      1   1529
      1    141      6      2     12      1     10      1      1   2025
      1    141      6      2     13      7      5      7      1   2340
      1    141      6      2     14      6      6      6      1   2724
      1    141      6      2     15      3      9      3      1   2712
      1    141      6      2     16      1      7      1      1   1691
      1    141      7      1      1      5     12      5      1    945
      1    141      7      1      2      8     10      8      1   1401
      1    141      7      1      3      3      7      1      0   1956
      1    141      7      1      4      2      3      4      0   1847
      1    141      7      1      5      1      5      1      1   1976
      1    141      7      1      6      7      6      7      1   3037
      1    141      7      1      7      3      2      3      1   1291
      1    141      7      1      8      6     15      6      1    934
      1    141      7      1      9      8      2      8      1    830
      1    141      7      1     10      5     10      5      1   1003
      1    141      7      1     11      1      6      1      1   1671
      1    141      7      1     12      6     10      6      1   1513
      1    141      7      1     13      7      8      7      1   1268
      1    141      7      1     14      4     10      4      1   1665
      1    141      7      1     15      4      9      4      1   2671
      1    141      7      1     16      2      1      2      1    865
      1    141      7      2      1      7     15      7      1   3394
      1    141      7      2      2      2      4      2      1    875
      1    141      7      2      3      3     11      3      1    974
      1    141      7      2      4      6      6      6      1   1442
      1    141      7      2      5      7     14      3      0   3257
      1    141      7      2      6      8      4      8      1   1309
      1    141      7      2      7      5      9      5      1   1043
      1    141      7      2      8      1     11      1      1   1810
      1    141      7      2      9      6      7      6      1    962
      1    141      7      2     10      4     13      1      0   4559
      1    141      7      2     11      1     14      6      0   1726
      1    141      7      2     12      8     13      8      1    980
      1    141      7      2     13      4      3      1      0   2795
      1    141      7      2     14      5      7      5      1    977
      1    141      7      2     15      3     12      3      1   1491
      1    141      7      2     16      2     10      2      1   1008
      1    141      8      1      1      6      8      6      1   1313
      1    141      8      1      2      2      9      2      1    793
      1    141      8      1      3      1      3      1      1   2304
      1    141      8      1      4      5     16      5      1    780
      1    141      8      1      5      7      2      7      1   2101
      1    141      8      1      6      6      5      6      1   1011
      1    141      8      1      7      5     11      5      1   2583
      1    141      8      1      8      1      1      3      0   1441
      1    141      8      1      9      2     16      2      1   2119
      1    141      8      1     10      8      9      8      1   1010
      1    141      8      1     11      4     11      4      1   1468
      1    141      8      1     12      4     14      1      0   2641
      1    141      8      1     13      3      6      1      0   1737
      1    141      8      1     14      3     13      3      1    993
      1    141      8      1     15      7     16      7      1   3188
      1    141      8      1     16      8     14      8      1    992
      1    141      8      2      1      6      9      6      1   1630
      1    141      8      2      2      4      5      4      1   1809
      1    141      8      2      3      2     14      8      0   1307
      1    141      8      2      4      1     16      1      1   1241
      1    141      8      2      5      8      8      8      1    924
      1    141      8      2      6      7     12      7      1   2424
      1    141      8      2      7      5     14      5      1   1092
      1    141      8      2      8      8      5      8      1    875
      1    141      8      2      9      4     15      3      0   1159
      1    141      8      2     10      5      2      5      1    943
      1    141      8      2     11      3      8      3      1    925
      1    141      8      2     12      1      2      1      1   1026
      1    141      8      2     13      2      2      2      1    676
      1    141      8      2     14      6     16      6      1   1376
      1    141      8      2     15      3     15      3      1   1030
      1    141      8      2     16      7      4      1      0   2456
      1    141      9      1      1      6     13      6      1   1300
      1    141      9      1      2      5      4      5      1    893
      1    141      9      1      3      1      9      1      1   1801
      1    141      9      1      4      2     13      2      1   2020
      1    141      9      1      5      7      7      7      1   1220
      1    141      9      1      6      3     10      3      1   1157
      1    141      9      1      7      1      4      1      1   1164
      1    141      9      1      8      4      1      4      1   1517
      1    141      9      1      9      7     13      7      1   1018
      1    141      9      1     10      3     14      3      1   1787
      1    141      9      1     11      8     15      8      1   1163
      1    141      9      1     12      4      8      4      1   1652
      1    141      9      1     13      2      5      2      1    883
      1    141      9      1     14      6     11      6      1   1052
      1    141      9      1     15      5      5      5      1   1079
      1    141      9      1     16      8     16      8      1   1256
      1    141      9      2      1      2      6      2      1   1613
      1    141      9      2      2      8      6      8      1   1959
      1    141      9      2      3      6      3      6      1   7060
      1    141      9      2      4      5      8      5      1    992
      1    141      9      2      5      6     12      1      0   3379
      1    141      9      2      6      1     10      1      1   1559
      1    141      9      2      7      5      6      5      1   1108
      1    141      9      2      8      8      3      8      1    842
      1    141      9      2      9      1      7      3      0   2158
      1    141      9      2     10      7     10      7      1   1292
      1    141      9      2     11      4     16      4      1   1609
      1    141      9      2     12      7      5      7      1   1207
      1    141      9      2     13      3     16      3      1   1174
      1    141      9      2     14      4     12      4      1   2191
      1    141      9      2     15      3      9      3      1   1359
      1    141      9      2     16      2      8      2      1    758
