      1    194      1      1      1      2      3      1      0   5286
      1    194      1      1      2      4     14      1      0   3903
      1    194      1      1      3      7     15      1      0   5979
      1    194      1      1      4      6     12      8      0   9042
      1    194      1      1      5      1     14      2      0   3717
      1    194      1      1      6      7      7      8      0   5313
      1    194      1      1      7      1      6      2      0   5490
      1    194      1      1      8      5      5      5      1   3991
      1    194      1      1      9      8      4      8      1   3157
      1    194      1      1     10      4     12      1      0   4086
      1    194      1      1     11      5      8      3      0   2682
      1    194      1      1     12      3      7      1      0   2995
      1    194      1      1     13      2     14      4      0   1780
      1    194      1      1     14      8      3      8      1   1414
      1    194      1      1     15      6      9      7      0   2868
      1    194      1      1     16      3     14      1      0   5464
      1    194      1      2      1      2      2      3      0  11078
      1    194      1      2      2      8     13      8      1   1578
      1    194      1      2      3      4      9      5      0   4591
      1    194      1      2      4      7      5      6      0   4325
      1    194      1      2      5      3     11      3      1   2228
      1    194      1      2      6      5      7      5      1   2089
      1    194      1      2      7      1      2      1      1   5792
      1    194      1      2      8      2      9      3      0  12342
      1    194      1      2      9      7      6      6      0   2009
      1    194      1      2     10      6     11      1      0  10728
      1    194      1      2     11      1      1      2      0   2926
      1    194      1      2     12      4     15      3      0   2146
      1    194      1      2     13      5     14      5      1   1194
      1    194      1      2     14      8      6      8      1   1392
      1    194      1      2     15      3     15      3      1   1426
      1    194      1      2     16      6     15      4      0   2008
      1    194      2      1      1      7     13      6      0   5308
      1    194      2      1      2      1     11      1      1   6605
      1    194      2      1      3      4     10      5      0   7381
      1    194      2      1      4      5      4      5      1   1253
      1    194      2      1      5      8     15      8      1   1226
      1    194      2      1      6      3     10      3      1   2266
      1    194      2      1      7      3      9      2      0   2154
      1    194      2      1      8      5      6      5      1   1673
      1    194      2      1      9      2      1      1      0   3362
      1    194      2      1     10      7      2      7      1   2579
      1    194      2      1     11      2     10      5      0   1658
      1    194      2      1     12      6     13      3      0   4089
      1    194      2      1     13      4      3      1      0   2274
      1    194      2      1     14      1      7      3      0   1274
      1    194      2      1     15      6      3      6      1   2907
      1    194      2      1     16      8      2      8      1   1022
      1    194      2      2      1      6      8      5      0   2596
      1    194      2      2      2      4     16      3      0   2696
      1    194      2      2      3      6      5      8      0   4225
      1    194      2      2      4      2      4      3      0   2244
      1    194      2      2      5      5      9      5      1   1143
      1    194      2      2      6      8      8      8      1   1128
      1    194      2      2      7      5     10      5      1   1976
      1    194      2      2      8      1      5      3      0   3362
      1    194      2      2      9      4      8      3      0   3160
      1    194      2      2     10      8      5      8      1    926
      1    194      2      2     11      7      4      4      0   4109
      1    194      2      2     12      3      6      1      0   3709
      1    194      2      2     13      1      3      2      0   2826
      1    194      2      2     14      2      8      3      0   1242
      1    194      2      2     15      7     12      7      1   4242
      1    194      2      2     16      3      8      2      0   2879
      1    194      3      1      1      5     11      5      1   1873
      1    194      3      1      2      1     16      3      0   1842
      1    194      3      1      3      6     10      6      1   1471
      1    194      3      1      4      4      5      4      1  14195
      1    194      3      1      5      7     10      6      0   2391
      1    194      3      1      6      6      7      5      0   8227
      1    194      3      1      7      3     12      3      1   3239
      1    194      3      1      8      5      2      5      1   1137
      1    194      3      1      9      1      9      3      0   1692
      1    194      3      1     10      8      9      8      1   1651
      1    194      3      1     11      2      6      3      0   1718
      1    194      3      1     12      3     16      1      0   4779
      1    194      3      1     13      4     11      3      0   2814
      1    194      3      1     14      2      5      3      0   1976
      1    194      3      1     15      8     14      8      1   1518
      1    194      3      1     16      7     14      7      1   5488
      1    194      3      2      1      5     12      5      1   1146
      1    194      3      2      2      2     13      1      0  28692
      1    194      3      2      3      4     13      5      0   2425
      1    194      3      2      4      2     16      4      0   7808
      1    194      3      2      5      8     10      8      1   1512
      1    194      3      2      6      7      8      7      1   2176
      1    194      3      2      7      7     16      6      0   1761
      1    194      3      2      8      6     16      4      0   5793
      1    194      3      2      9      3      2      3      1   3075
      1    194      3      2     10      1      4      1      1   1475
      1    194      3      2     11      5     16      5      1   1025
      1    194      3      2     12      3     13      4      0  10977
      1    194      3      2     13      8     16      8      1   2175
      1    194      3      2     14      1     10      2      0   1925
      1    194      3      2     15      6      6      4      0   9159
      1    194      3      2     16      4      1      2      0   2892
      1    194      4      1      1      7      2      6      0   1938
      1    194      4      1      2      3     16      3      1   3127
      1    194      4      1      3      7     10      7      1   1528
      1    194      4      1      4      4     14      3      0   4323
      1    194      4      1      5      5      8      5      1   1299
      1    194      4      1      6      6     12      2      0   2568
      1    194      4      1      7      2      1      3      0   1193
      1    194      4      1      8      1      7      1      1   2305
      1    194      4      1      9      6      3      6      1   1840
      1    194      4      1     10      4     10      4      1   3756
      1    194      4      1     11      1     14      2      0   4185
      1    194      4      1     12      5      6      5      1   1592
      1    194      4      1     13      2      3      2      1   4241
      1    194      4      1     14      8     15      8      1   1263
      1    194      4      1     15      8      2      8      1   1120
      1    194      4      1     16      3      7      3      1   2620
      1    194      4      2      1      4      8      4      1   3562
      1    194      4      2      2      3     13      2      0   4376
      1    194      4      2      3      8      6      8      1   1093
      1    194      4      2      4      3      8      2      0   4258
      1    194      4      2      5      7      5      4      0   3241
      1    194      4      2      6      6      8      7      0  11275
      1    194      4      2      7      4      1      1      0  10858
      1    194      4      2      8      5     14      5      1   1258
      1    194      4      2      9      2      9      2      1   7242
      1    194      4      2     10      6     15      4      0   4378
      1    194      4      2     11      7      8      7      1   2124
      1    194      4      2     12      1      1      3      0   3825
      1    194      4      2     13      2     16      4      0   1875
      1    194      4      2     14      5      9      5      1   1075
      1    194      4      2     15      1      2      2      0   1876
      1    194      4      2     16      8     13      8      1   1541
      1    194      5      1      1      2     10      4      0   1690
      1    194      5      1      2      1      9      1      1   1768
      1    194      5      1      3      3      9      3      1   2242
      1    194      5      1      4      7     13      6      0   1431
      1    194      5      1      5      6     13      3      0   5064
      1    194      5      1      6      8     14      8      1   1547
      1    194      5      1      7      4      3      2      0   1931
      1    194      5      1      8      2      6      3      0   2057
      1    194      5      1      9      1     11      1      1   1600
      1    194      5      1     10      7     15      7      1   1971
      1    194      5      1     11      6     10      6      1   1251
      1    194      5      1     12      3     12      2      0   3016
      1    194      5      1     13      4     12      1      0   2713
      1    194      5      1     14      5      4      5      1   1037
      1    194      5      1     15      8      3      8      1   1099
      1    194      5      1     16      5      5      5      1   1531
      1    194      5      2      1      7     12      6      0   2929
      1    194      5      2      2      3      6      1      0   4492
      1    194      5      2      3      4     16      4      1   1543
      1    194      5      2      4      6     11      6      1   1925
      1    194      5      2      5      8     10      8      1   1325
      1    194      5      2      6      5     16      5      1   1107
      1    194      5      2      7      5     12      5      1   1308
      1    194      5      2      8      2      4      2      1   3325
      1    194      5      2      9      6     16      6      1   1659
      1    194      5      2     10      2      2      4      0   3875
      1    194      5      2     11      3      2      3      1   1644
      1    194      5      2     12      8      5      8      1   1059
      1    194      5      2     13      1      3      1      1   1063
      1    194      5      2     14      7      4      2      0   4459
      1    194      5      2     15      4     15      3      0   1642
      1    194      5      2     16      1      4      1      1   1226
      1    194      6      1      1      5     11      5      1   1468
      1    194      6      1      2      1     16      1      1   1528
      1    194      6      1      3      3     14      3      1   1594
      1    194      6      1      4      8      4      8      1   1171
      1    194      6      1      5      7      7      7      1   1322
      1    194      6      1      6      7     14      6      0   1496
      1    194      6      1      7      1      6      1      1   1378
      1    194      6      1      8      5      2      5      1    945
      1    194      6      1      9      3     10      3      1   1516
      1    194      6      1     10      8      9      8      1    980
      1    194      6      1     11      4     11      2      0   2682
      1    194      6      1     12      2      5      2      1   1830
      1    194      6      1     13      6      7      6      1   1389
      1    194      6      1     14      4      5      7      0   3868
      1    194      6      1     15      2     14      4      0   1064
      1    194      6      1     16      6      9      6      1   1391
      1    194      6      2      1      6      5      6      1   3996
      1    194      6      2      2      7      6      7      1   1426
      1    194      6      2      3      8      8      8      1   1143
      1    194      6      2      4      4     13      4      1   4113
      1    194      6      2      5      5     10      5      1   1793
      1    194      6      2      6      3     15      3      1   2325
      1    194      6      2      7      1      5      1      1   1430
      1    194      6      2      8      3     11      3      1   4175
      1    194      6      2      9      2      8      2      1   1579
      1    194      6      2     10      2     13      2      1   1658
      1    194      6      2     11      1     10      2      0   6126
      1    194      6      2     12      6      6      6      1   1225
      1    194      6      2     13      5      7      5      1   1341
      1    194      6      2     14      7     16      7      1   1807
      1    194      6      2     15      8     16      8      1   2359
      1    194      6      2     16      4      9      4      1   1543
      1    194      7      1      1      2      6      2      1   2071
      1    194      7      1      2      6      9      6      1   1227
      1    194      7      1      3      1      6      1      1   1349
      1    194      7      1      4      6     12      6      1   2141
      1    194      7      1      5      2     14      4      0   1458
      1    194      7      1      6      7     15      7      1   1073
      1    194      7      1      7      3      7      3      1   1628
      1    194      7      1      8      8      4      8      1   1512
      1    194      7      1      9      7     14      7      1   1578
      1    194      7      1     10      4     12      2      0   4717
      1    194      7      1     11      4     14      4      1   1342
      1    194      7      1     12      1      9      1      1   1021
      1    194      7      1     13      5      2      5      1   1374
      1    194      7      1     14      5      6      5      1   1094
      1    194      7      1     15      8      3      8      1   1475
      1    194      7      1     16      3     10      3      1   2022
      1    194      7      2      1      5     12      5      1   1197
      1    194      7      2      2      2      9      4      0  11860
      1    194      7      2      3      1      4      1      1   1025
      1    194      7      2      4      6     15      6      1   1313
      1    194      7      2      5      5     10      5      1   1294
      1    194      7      2      6      3      8      3      1   1977
      1    194      7      2      7      6      5      6      1   2758
      1    194      7      2      8      7      6      7      1   1229
      1    194      7      2      9      8      8      8      1   1610
      1    194      7      2     10      7     12      7      1   1141
      1    194      7      2     11      2      4      2      1   3008
      1    194      7      2     12      4     13      4      1   1558
      1    194      7      2     13      4     16      4      1   1359
      1    194      7      2     14      1      1      2      0   2374
      1    194      7      2     15      8     13      8      1   1143
      1    194      7      2     16      3     15      3      1   1493
      1    194      8      1      1      4     10      4      1   2105
      1    194      8      1      2      1     16      1      1   1093
      1    194      8      1      3      4      3      3      0   1935
      1    194      8      1      4      2      5      2      1   1243
      1    194      8      1      5      6      7      6      1   1407
      1    194      8      1      6      7     10      7      1   1006
      1    194      8      1      7      8      9      8      1    908
      1    194      8      1      8      1     14      6      0   1204
      1    194      8      1      9      5      8      5      1    993
      1    194      8      1     10      3     12      3      1   1858
      1    194      8      1     11      7      7      7      1   1309
      1    194      8      1     12      3     14      3      1   1705
      1    194      8      1     13      8      2      8      1   1799
      1    194      8      1     14      6     13      6      1   1606
      1    194      8      1     15      5     11      5      1    866
      1    194      8      1     16      2      3      2      1   1534
      1    194      8      2      1      3      2      3      1   1346
      1    194      8      2      2      2      2      2      1   2158
      1    194      8      2      3      7     16      7      1   1876
      1    194      8      2      4      6     16      6      1    993
      1    194      8      2      5      1      2      1      1   1442
      1    194      8      2      6      1     10      2      0   3493
      1    194      8      2      7      8     10      8      1   1710
      1    194      8      2      8      2     16      4      0   1428
      1    194      8      2      9      6      6      1      0    708
      1    194      8      2     10      5     14      5      1    909
      1    194      8      2     11      8      5      8      1   1226
      1    194      8      2     12      3     13      6      0   2409
      1    194      8      2     13      4      8      4      1   1642
      1    194      8      2     14      7      4      6      0   1207
      1    194      8      2     15      5     16      5      1   1111
      1    194      8      2     16      4     15      3      0   2426
      1    194      9      1      1      1     11      1      1   1316
      1    194      9      1      2      6     10      6      1   1157
      1    194      9      1      3      3     16      3      1   1075
      1    194      9      1      4      5      5      5      1   1196
      1    194      9      1      5      1      7      1      1    855
      1    194      9      1      6      2      1      2      1   1344
      1    194      9      1      7      8     14      8      1   1645
      1    194      9      1      8      8     15      8      1   1049
      1    194      9      1      9      2     10      4      0   2028
      1    194      9      1     10      7      2      7      1   1090
      1    194      9      1     11      5      4      5      1   1211
      1    194      9      1     12      4      5      4      1   1982
      1    194      9      1     13      6      3      6      1   1723
      1    194      9      1     14      7     13      7      1   2273
      1    194      9      1     15      4     11      2      0   1899
      1    194      9      1     16      3      9      3      1   1941
      1    194      9      2      1      8     16      4      0   7863
      1    194      9      2      2      3      6      3      1   7442
      1    194      9      2      3      7      5      7      1   2358
      1    194      9      2      4      8      6      8      1   1176
      1    194      9      2      5      6     11      6      1   1440
      1    194      9      2      6      6      8      6      1   1675
      1    194      9      2      7      5      7      5      1   1327
      1    194      9      2      8      7      8      7      1   1626
      1    194      9      2      9      3     11      3      1   2474
      1    194      9      2     10      2      8      2      1   1642
      1    194      9      2     11      5      9      5      1   1208
      1    194      9      2     12      4      1      4      1   7524
      1    194      9      2     13      2     13      2      1   1275
      1    194      9      2     14      1      5      1      1   1193
      1    194      9      2     15      1      3      1      1   1291
      1    194      9      2     16      4      9      4      1   1875
