      2    177      1      1      1      8     15      5      0   5644   8030
      2    177      1      1      2      6     16      2      0   1490   8570
      2    177      1      1      3      1      7      1      1   1226  12014
      2    177      1      1      4      8      9      4      0   1305  18904
      2    177      1      1      5      5      4      3      0   1377   8571
      2    177      1      1      6      5     16      5      1   1549   3425
      2    177      1      1      7      6     12      3      0  12469   2623
      2    177      1      1      8      1      7      1      1   1883  12024
      2    177      1      1      9      6     16      6      1   2260   2616
      2    177      1      1     10      1      3      7      0   4132   5105
      2    177      1      1     11      7      2      2      0   2011   5044
      2    177      1      1     12      8     15      8      1   2307  11086
      2    177      1      1     13      3     13      7      0   1180   2146
      2    177      1      1     14      6      7      7      0   1960   1618
      2    177      1      1     15      7      2      6      0   1324   3400
      2    177      1      1     16      7     10      6      0   2714   1231
      2    177      1      2      1      7      8      7      1   4766
      2    177      1      2      2      7      7      7      1   1713
      2    177      1      2      3      4      5      6      0   1863
      2    177      1      2      4      5      7      2      0   5630
      2    177      1      2      5      3     10      5      0   2165
      2    177      1      2      6      4     12      5      0   2264
      2    177      1      2      7      1     11      8      0   2864
      2    177      1      2      8      2     16      3      0   2529
      2    177      1      2      9      8     14      8      1   3514
      2    177      1      2     10      8     16      8      1   1613
      2    177      1      2     11      6     10      6      1   4930
      2    177      1      2     12      5      6      6      0   1580
      2    177      1      2     13      2      3      3      0   1813
      2    177      1      2     14      1      9      2      0    830
      2    177      1      2     15      3     11      1      0   1846
      2    177      1      2     16      6      6      4      0   1513
      2    177      2      1      1      7      5      2      0   1382   3525
      2    177      2      1      2      4     16      7      0   3615   6254
      2    177      2      1      3      8      9      8      1   1688   3320
      2    177      2      1      4      6      3      2      0   1453   1524
      2    177      2      1      5      2      6      4      0   3858   2418
      2    177      2      1      6      8      8      5      0   1244   1035
      2    177      2      1      7      2     13      2      1   2393   5693
      2    177      2      1      8      5     16      6      0   2390   6494
      2    177      2      1      9      5     11      5      1   1418   3223
      2    177      2      1     10      2      5      7      0   7118  12818
      2    177      2      1     11      1      3      2      0   2030   4409
      2    177      2      1     12      2      1      2      1   1112   3411
      2    177      2      1     13      6     12      6      1   1572   9339
      2    177      2      1     14      3     13      1      0   2421   3619
      2    177      2      1     15      1      7      3      0    923   5830
      2    177      2      1     16      6      7      1      0   1819   2756
      2    177      2      2      1      7      6      1      0   4896
      2    177      2      2      2      7     12      1      0   2413
      2    177      2      2      3      4      3      7      0  13696
      2    177      2      2      4      6      5      1      0   3413
      2    177      2      2      5      6      8      1      0   2129
      2    177      2      2      6      5      8      5      1   2646
      2    177      2      2      7      3      2      3      1   3030
      2    177      2      2      8      2      9      2      1   6130
      2    177      2      2      9      8      2      8      1   1680
      2    177      2      2     10      5     10      5      1   1713
      2    177      2      2     11      1      2      1      1   2331
      2    177      2      2     12      8     13      8      1   1364
      2    177      2      2     13      1      1      6      0   1913
      2    177      2      2     14      4      8      6      0   1748
      2    177      2      2     15      3      6      7      0   2248
      2    177      2      2     16      2     10      4      0   3263
      2    177      3      1      1      1      3      2      0   3769   5866
      2    177      3      1      2      4     14      1      0   1141   4365
      2    177      3      1      3      2      1      1      0   1076   2133
      2    177      3      1      4      4     13      2      0   8195   3961
      2    177      3      1      5      4     14      4      1   1403   2024
      2    177      3      1      6      3      8      4      0   1212   1715
      2    177      3      1      7      3     16      3      1   3133   8098
      2    177      3      1      8      3     14      3      1    873   1405
      2    177      3      1      9      4      9      4      1   1004  12502
      2    177      3      1     10      1     16      4      0    693   1086
      2    177      3      1     11      3     13      3      1    994   3164
      2    177      3      1     12      4      1      3      0   2506   3218
      2    177      3      1     13      4     13      4      1    996   7370
      2    177      3      1     14      4     14      3      0   1761   7704
      2    177      3      1     15      3     16      3      1   1026   3281
      2    177      3      1     16      3     14      3      1   1639   2537
      2    177      3      2      1      4     15      4      1   4630
      2    177      3      2      2      8      6      8      1   1596
      2    177      3      2      3      1      6      3      0   3563
      2    177      3      2      4      1      4      1      1   1463
      2    177      3      2      5      3     12      4      0   3480
      2    177      3      2      6      6     13      1      0   2765
      2    177      3      2      7      2     14      3      0   2763
      2    177      3      2      8      3      9      4      0   1747
      2    177      3      2      9      7     13      2      0   1513
      2    177      3      2     10      7      4      1      0   2046
      2    177      3      2     11      2      8      6      0   3979
      2    177      3      2     12      5     14      5      1   1846
      2    177      3      2     13      6     11      1      0   1663
      2    177      3      2     14      5     12      5      1   1181
      2    177      3      2     15      8      3      8      1   1546
      2    177      3      2     16      4     10      4      1   3496
      2    177      4      1      1      2      4      6      0   1281   3176
      2    177      4      1      2      2      1      2      1   1634   1610
      2    177      4      1      3      1      3      2      0   1022   1805
      2    177      4      1      4      2      5      2      1   1231   3193
      2    177      4      1      5      7     16      6      0   1437   3021
      2    177      4      1      6      6      3      1      0   1950   1511
      2    177      4      1      7      6     16      6      1   1304   5465
      2    177      4      1      8      5      5      5      1   2631   7151
      2    177      4      1      9      6     15      6      1   3968   7980
      2    177      4      1     10      7      5      7      1   1648   5738
      2    177      4      1     11      4      9      7      0   1963   2463
      2    177      4      1     12      1     16      7      0   1869   6082
      2    177      4      1     13      6     12      7      0   1904   3552
      2    177      4      1     14      4      1      7      0   2308   3315
      2    177      4      1     15      6      9      6      1   3409   5095
      2    177      4      1     16      7     10      7      1   2883   5087
      2    177      4      2      1      4      3      1      0   6079
      2    177      4      2      2      8      2      8      1   1363
      2    177      4      2      3      2      8      2      1   1429
      2    177      4      2      4      6     11      6      1   4729
      2    177      4      2      5      1      4      7      0   2496
      2    177      4      2      6      7     13      7      1   2946
      2    177      4      2      7      6     13      6      1   2531
      2    177      4      2      8      2      9      2      1   1513
      2    177      4      2      9      3     11      1      0   5013
      2    177      4      2     10      8     16      8      1   1296
      2    177      4      2     11      7      8      7      1   2613
      2    177      4      2     12      4      5      7      0   3580
      2    177      4      2     13      5     12      5      1   1546
      2    177      4      2     14      3      2      1      0   1796
      2    177      4      2     15      5      6      5      1   1463
      2    177      4      2     16      1     11      3      0   4063
      2    177      5      1      1      3      8      1      0    946   1150
      2    177      5      1      2      3     14      3      1    807   1038
      2    177      5      1      3      4     11      1      0    779   5241
      2    177      5      1      4      1     10      4      0   3251   1893
      2    177      5      1      5      3      8      1      0   1869   4452
      2    177      5      1      6      4     16      3      0    781   7516
      2    177      5      1      7      4     11      1      0   5098   6852
      2    177      5      1      8      3     13      3      1   1211   9051
      2    177      5      1      9      8     10      1      0   1089   3069
      2    177      5      1     10      1      5      1      1   1292   6043
      2    177      5      1     11      7     10      7      1   2206   4282
      2    177      5      1     12      1      7      1      1   1214   4459
      2    177      5      1     13      1     16      7      0   1708   4164
      2    177      5      1     14      4      1      1      0   1100  10077
      2    177      5      1     15      4      1      4      1   3124   5362
      2    177      5      1     16      1     16      4      0   1858   2036
      2    177      5      2      1      8      6      8      1   1347
      2    177      5      2      2      4     15      4      1   4463
      2    177      5      2      3      3      9      3      1   3496
      2    177      5      2      4      8     13      8      1   1496
      2    177      5      2      5      1      1      3      0   5046
      2    177      5      2      6      2     14      8      0   1896
      2    177      5      2      7      6     10      6      1   5381
      2    177      5      2      8      2      3      1      0   4063
      2    177      5      2      9      5     10      5      1   1396
      2    177      5      2     10      4     10      3      0   1830
      2    177      5      2     11      1      9      1      1   1430
      2    177      5      2     12      5     14      5      1   1146
      2    177      5      2     13      7      4      6      0   3529
      2    177      5      2     14      3      6      3      1   3113
      2    177      5      2     15      7      6      7      1   2263
      2    177      5      2     16      6      8      6      1   2329
      2    177      6      1      1      4     11      2      0   1007   1853
      2    177      6      1      2      8      8      8      1   1725   5328
      2    177      6      1      3      3     15      1      0   2275   6226
      2    177      6      1      4      2      4      2      1   1857   8554
      2    177      6      1      5      6      7      6      1   1469   6182
      2    177      6      1      6      8     10      8      1   1322   3552
      2    177      6      1      7      1     14      1      1   5785   1610
      2    177      6      1      8      7     14      1      0   1264   2895
      2    177      6      1      9      1      3      2      0   1263   1581
      2    177      6      1     10      3     13      3      1   1692   8240
      2    177      6      1     11      3      7      3      1   1250   3623
      2    177      6      1     12      1     10      1      1   1712   3097
      2    177      6      1     13      8      5      8      1    821   2172
      2    177      6      1     14      2     13      2      1   3054   1674
      2    177      6      1     15      7     14      7      1   2433   1745
      2    177      6      1     16      6     16      1      0   4571   1390
      2    177      6      2      1      7     12      7      1   3464
      2    177      6      2      2      1      2      1      1   3596
      2    177      6      2      3      4      8      1      0   1880
      2    177      6      2      4      3     10      3      1   2196
      2    177      6      2      5      6      6      6      1   2163
      2    177      6      2      6      3     12      3      1   5380
      2    177      6      2      7      8      3      8      1   1646
      2    177      6      2      8      5      8      5      1   1213
      2    177      6      2      9      2     10      2      1   1880
      2    177      6      2     10      4     12      1      0   6096
      2    177      6      2     11      5      7      5      1   1046
      2    177      6      2     12      2     16      4      0   3613
      2    177      6      2     13      7      7      7      1   2497
      2    177      6      2     14      6      5      6      1   1429
      2    177      6      2     15      8     14      8      1   1147
      2    177      6      2     16      1      6      1      1   3896
      2    177      7      1      1      4     16      4      1    991   1869
      2    177      7      1      2      4     14      4      1    935   1176
      2    177      7      1      3      4     13      4      1   1002   1808
      2    177      7      1      4      5      5      6      0   1556   5580
      2    177      7      1      5      6     16      1      0   1091   1204
      2    177      7      1      6      4     11      2      0   1536   3221
      2    177      7      1      7      4     14      4      1   1440   2851
      2    177      7      1      8      3     14      3      1   1092   6708
      2    177      7      1      9      7     14      7      1   1522   1240
      2    177      7      1     10      7     10      7      1   1526   3630
      2    177      7      1     11      3     15      4      0   3371   2837
      2    177      7      1     12      1      3      1      1   1346   4858
      2    177      7      1     13      1      5      1      1   1283   5870
      2    177      7      1     14      6     15      6      1   1792   1884
      2    177      7      1     15      6     12      6      1   1767   3174
      2    177      7      1     16      6      9      6      1    956   2237
      2    177      7      2      1      7      4      6      0   2446
      2    177      7      2      2      1      2      6      0   2330
      2    177      7      2      3      2     14      4      0   2613
      2    177      7      2      4      3     12      3      1   4630
      2    177      7      2      5      7     12      7      1   3180
      2    177      7      2      6      1      4      3      0   2613
      2    177      7      2      7      6      8      6      1   1529
      2    177      7      2      8      4      3      3      0   1796
      2    177      7      2      9      4     12      1      0   4096
      2    177      7      2     10      5     14      5      1   1496
      2    177      7      2     11      5     10      5      1   1746
      2    177      7      2     12      8     16      8      1   1313
      2    177      7      2     13      8     13      8      1   1463
      2    177      7      2     14      6     13      6      1   1846
      2    177      7      2     15      2     16      4      0   1380
      2    177      7      2     16      3     10      3      1   2013
      2    177      8      1      1      1      3      4      0    884   2010
      2    177      8      1      2      6     15      6      1   2450   1627
      2    177      8      1      3      4     16      4      1   1151   1277
      2    177      8      1      4      7      5      7      1   1174   1537
      2    177      8      1      5      2      6      2      1    855   1906
      2    177      8      1      6      6      7      6      1   1468   1127
      2    177      8      1      7      3      8      3      1    976   1036
      2    177      8      1      8      6     12      6      1   1398    865
      2    177      8      1      9      4     13      4      1   1800   1611
      2    177      8      1     10      3     15      1      0   2449   1079
      2    177      8      1     11      1      5      1      1    828   1151
      2    177      8      1     12      3     13      6      0   1995   1101
      2    177      8      1     13      6      9      6      1   1175   3981
      2    177      8      1     14      8      4      8      1    911   1916
      2    177      8      1     15      3     13      3      1   2835   1127
      2    177      8      1     16      5     16      5      1   1067    862
      2    177      8      2      1      7      7      7      1   2047
      2    177      8      2      2      3     11      3      1   1263
      2    177      8      2      3      8      2      8      1   1096
      2    177      8      2      4      5      6      5      1   1197
      2    177      8      2      5      1     11      1      1   2863
      2    177      8      2      6      2      9      2      1   1398
      2    177      8      2      7      5      7      5      1    913
      2    177      8      2      8      4     10      1      0   4046
      2    177      8      2      9      4     15      1      0   5813
      2    177      8      2     10      2     10      2      1   1597
      2    177      8      2     11      8     14      8      1   1013
      2    177      8      2     12      3      9      3      1   2115
      2    177      8      2     13      1      1      3      0   2030
      2    177      8      2     14      7      6      7      1   2563
      2    177      8      2     15      6      5      6      1   1563
      2    177      8      2     16      6     10      6      1   1264
      2    177      9      1      1      4     16      4      1    925   2002
      2    177      9      1      2      1      5      1      1   1196   6305
      2    177      9      1      3      4     16      4      1   1913    850
      2    177      9      1      4      1     10      1      1   1752   1160
      2    177      9      1      5      4     14      4      1   3138   1256
      2    177      9      1      6      4     11      2      0   4401   1277
      2    177      9      1      7      4     11      4      1   1114    599
      2    177      9      1      8      4     11      4      1   3160    703
      2    177      9      1      9      1     10      1      1   1404   1041
      2    177      9      1     10      1      5      1      1   1437   1740
      2    177      9      1     11      4     16      4      1   1814    682
      2    177      9      1     12      1      3      1      1   2924   4131
      2    177      9      1     13      4     13      4      1   2536   2806
      2    177      9      1     14      4     16      4      1   1241    805
      2    177      9      1     15      4     11      3      0   2974   2120
      2    177      9      1     16      4     14      4      1   1483   2193
      2    177      9      2      1      7     13      7      1   2346
      2    177      9      2      2      6      6      6      1   1846
      2    177      9      2      3      3      2      3      1   1396
      2    177      9      2      4      8      3      8      1    997
      2    177      9      2      5      4      5      4      1   5396
      2    177      9      2      6      7      8      7      1   1596
      2    177      9      2      7      3      6      3      1   2163
      2    177      9      2      8      5      8      5      1    996
      2    177      9      2      9      2      8      2      1   1145
      2    177      9      2     10      1      6      1      1   4096
      2    177      9      2     11      2      3      4      0   3397
      2    177      9      2     12      6     11      6      1   1479
      2    177      9      2     13      4      8      4      1   5480
      2    177      9      2     14      1      9      1      1   1880
      2    177      9      2     15      8      6      8      1   1130
      2    177      9      2     16      5     12      5      1   1113
