      2     31      1      1      1      6     15      6      1   6426   2583
      2     31      1      1      2      6     15      6      1   1225   1819
      2     31      1      1      3      6     15      6      1   2970   1743
      2     31      1      1      4      6     10      6      1    892   2984
      2     31      1      1      5      6     10      6      1   1246    908
      2     31      1      1      6      6      9      6      1   1442   4656
      2     31      1      1      7      8     10      8      1   1253   4450
      2     31      1      1      8      8     10      8      1    684    880
      2     31      1      1      9      5      8      5      1   1576    822
      2     31      1      1     10      8      2      8      1    836   1895
      2     31      1      1     11      4      8      2      0   8405   1272
      2     31      1      1     12      4      8      4      1   1628    958
      2     31      1      1     13      4      8      4      1    914    621
      2     31      1      1     14      7     10      2      0   4140   1069
      2     31      1      1     15      7     10      7      1    756   1236
      2     31      1      1     16      7     10      7      1    710   1394
      2     31      1      2      1      7     16      7      1   3163     -1
      2     31      1      2      2      1      6      2      0  17357     -1
      2     31      1      2      3      4     15      3      0   5091     -1
      2     31      1      2      4      2      9      1      0   6592     -1
      2     31      1      2      5      8      5      8      1   1924     -1
      2     31      1      2      6      4      3      3      0   1973     -1
      2     31      1      2      7      3      7      6      0   4026     -1
      2     31      1      2      8      2      5      2      1   5209     -1
      2     31      1      2      9      6     13      6      1   9392     -1
      2     31      1      2     10      5      5      5      1   1829     -1
      2     31      1      2     11      3      6      6      0   2574     -1
      2     31      1      2     12      7     14      4      0  10677     -1
      2     31      1      2     13      1     16      3      0   4609     -1
      2     31      1      2     14      5     11      5      1   1161     -1
      2     31      1      2     15      8     15      8      1   2342     -1
      2     31      1      2     16      6      8      6      1   2425     -1
      2     31      2      1      1      4      8      4      1   4476   3297
      2     31      2      1      2      6     15      6      1   1122    857
      2     31      2      1      3      7     10      4      0   1007   4691
      2     31      2      1      4      7     10      7      1   1315    883
      2     31      2      1      5      7     10      7      1   1378    947
      2     31      2      1      6      2     14      8      0   3714    816
      2     31      2      1      7      2     14      2      1   1752    602
      2     31      2      1      8      2     14      2      1   3045   1001
      2     31      2      1      9      3      9      3      1   1588   1629
      2     31      2      1     10      3      9      3      1   1009    610
      2     31      2      1     11      1     10      4      0   2719    862
      2     31      2      1     12      1     10      1      1    942    759
      2     31      2      1     13      4     11      2      0   3029   1033
      2     31      2      1     14      4     11      4      1    866    933
      2     31      2      1     15      4      8      4      1   1345   1018
      2     31      2      1     16      4     11      4      1    807    761
      2     31      2      2      1      2     10      1      0   6210     -1
      2     31      2      2      2      5      6      5      1   1660     -1
      2     31      2      2      3      1      9      2      0   4944     -1
      2     31      2      2      4      7      4      4      0  12359     -1
      2     31      2      2      5      4     10      4      1   2493     -1
      2     31      2      2      6      2      2      1      0   5593     -1
      2     31      2      2      7      6     12      6      1   3242     -1
      2     31      2      2      8      7      2      7      1   7976     -1
      2     31      2      2      9      8      3      8      1   1576     -1
      2     31      2      2     10      3     13      4      0   4159     -1
      2     31      2      2     11      6      7      6      1   1892     -1
      2     31      2      2     12      8     13      8      1   2227     -1
      2     31      2      2     13      4     14      1      0  10625     -1
      2     31      2      2     14      3     11      4      0   3575     -1
      2     31      2      2     15      1      7      4      0   1859     -1
      2     31      2      2     16      5     12      5      1   1042     -1
      2     31      3      1      1      6     16      6      1   2361   3289
      2     31      3      1      2      1      4      4      0   8391    807
      2     31      3      1      3      7      5      7      1   2849   1777
      2     31      3      1      4      3      8      4      0   1661   1020
      2     31      3      1      5      1      2      4      0   3105   2675
      2     31      3      1      6      2     13      2      1   1526    968
      2     31      3      1      7      1      2      1      1   5239    564
      2     31      3      1      8      2     14      1      0   1440    530
      2     31      3      1      9      3     14      4      0   2940    495
      2     31      3      1     10      6     11      6      1   3415   2435
      2     31      3      1     11      1      1      3      0   4051    601
      2     31      3      1     12      7     12      7      1   1435    795
      2     31      3      1     13      1      5      3      0  11959    562
      2     31      3      1     14      7      5      7      1   1022   4612
      2     31      3      1     15      2      3      1      0   2341    660
      2     31      3      1     16      4     13      2      0  23206   4999
      2     31      3      2      1      1     14      1      1   3063     -1
      2     31      3      2      2      3     16      3      1   2627     -1
      2     31      3      2      3      6      3      6      1   2747     -1
      2     31      3      2      4      2      8      2      1   3229     -1
      2     31      3      2      5      6      5      6      1   2292     -1
      2     31      3      2      6      5      4      5      1   1342     -1
      2     31      3      2      7      3      2      3      1   1797     -1
      2     31      3      2      8      8      8      8      1   1041     -1
      2     31      3      2      9      5      9      5      1    892     -1
      2     31      3      2     10      1     11      1      1  21942     -1
      2     31      3      2     11      4      5      7      0   1575     -1
      2     31      3      2     12      7      7      7      1    942     -1
      2     31      3      2     13      7      6      6      0   3591     -1
      2     31      3      2     14      8      4      8      1   1112     -1
      2     31      3      2     15      2     16      2      1   2474     -1
      2     31      3      2     16      4      9      4      1   4624     -1
      2     31      4      1      1      3     14      3      1    989   3966
      2     31      4      1      2      8     16      2      0   1106   1792
      2     31      4      1      3      1      5      3      0   1676   1234
      2     31      4      1      4      1      5      1      1    929   1147
      2     31      4      1      5      1      3      2      0   4320   1239
      2     31      4      1      6      5      7      5      1    991   1398
      2     31      4      1      7      1      3      1      1    772    859
      2     31      4      1      8      2      3      7      0   3536   1976
      2     31      4      1      9      3     15      7      0   1783   1518
      2     31      4      1     10      3     15      3      1   1044   1018
      2     31      4      1     11      7     13      7      1    859   2494
      2     31      4      1     12      8      6      8      1    750   7495
      2     31      4      1     13      8     14      8      1    911   1428
      2     31      4      1     14      2      1      2      1   1537   1484
      2     31      4      1     15      1      1      4      0   4177   1232
      2     31      4      1     16      1      1      1      1    852    781
      2     31      4      2      1      6     13      6      1   4230     -1
      2     31      4      2      2      7      6      6      0   1376     -1
      2     31      4      2      3      4     15      1      0  18092     -1
      2     31      4      2      4      2     16      2      1   4259     -1
      2     31      4      2      5      7     16      7      1   1346     -1
      2     31      4      2      6      3      2      3      1   1209     -1
      2     31      4      2      7      1     11      1      1   4776     -1
      2     31      4      2      8      6      3      6      1   2593     -1
      2     31      4      2      9      5      4      5      1   1243     -1
      2     31      4      2     10      3     13      3      1   1343     -1
      2     31      4      2     11      4      9      4      1   9776     -1
      2     31      4      2     12      5      6      5      1   1209     -1
      2     31      4      2     13      1     16      1      1  24592     -1
      2     31      4      2     14      2      5      2      1   1177     -1
      2     31      4      2     15      8      8      8      1   1057     -1
      2     31      4      2     16      8     15      8      1    876     -1
      2     31      5      1      1      1      5      1      1   1911   7056
      2     31      5      1      2      1     10      1      1   1233   7649
      2     31      5      1      3      2      3      1      0    777   4969
      2     31      5      1      4      2      3      2      1    687   1254
      2     31      5      1      5      4     12      2      0    738   1597
      2     31      5      1      6      4     12      4      1    689    942
      2     31      5      1      7      4      1      1      0    999   1830
      2     31      5      1      8      4     12      4      1    974    711
      2     31      5      1      9      4      1      4      1    828    639
      2     31      5      1     10      4      8      4      1    847   2277
      2     31      5      1     11      2      1      2      1    809   2726
      2     31      5      1     12      2      4      2      1    791   3316
      2     31      5      1     13      3     14      3      1    640   4099
      2     31      5      1     14      3      8      3      1    824   3202
      2     31      5      1     15      1     10      1      1   3076   8884
      2     31      5      1     16      4     11      4      1   2480   1376
      2     31      5      2      1      8      3      8      1   1027     -1
      2     31      5      2      2      7      2      7      1   2229     -1
      2     31      5      2      3      3      7      3      1   1491     -1
      2     31      5      2      4      4     10      4      1   1592     -1
      2     31      5      2      5      1      9      1      1   1693     -1
      2     31      5      2      6      6      7      6      1   1275     -1
      2     31      5      2      7      2      9      2      1   2675     -1
      2     31      5      2      8      8      4      8      1   1026     -1
      2     31      5      2      9      6      5      3      0   1358     -1
      2     31      5      2     10      5      5      5      1   1042     -1
      2     31      5      2     11      3     11      7      0   3425     -1
      2     31      5      2     12      2     10      2      1    942     -1
      2     31      5      2     13      4      5      4      1   2313     -1
      2     31      5      2     14      1      6      1      1   2258     -1
      2     31      5      2     15      7      4      1      0   1092     -1
      2     31      5      2     16      5      9      5      1   1009     -1
      2     31      6      1      1      6     15      6      1   1396   2115
      2     31      6      1      2      2      6      2      1    590   2603
      2     31      6      1      3      4     12      4      1   1752    893
      2     31      6      1      4      2     13      4      0   1319   1747
      2     31      6      1      5      4     12      4      1    632   1406
      2     31      6      1      6      1      1      1      1   2479   1131
      2     31      6      1      7      2     13      2      1   1975    786
      2     31      6      1      8      8      6      8      1    598   1735
      2     31      6      1      9      2      1      2      1   2639   1707
      2     31      6      1     10      1      3      1      1    951   4221
      2     31      6      1     11      1      5      1      1    773    826
      2     31      6      1     12      2      4      2      1   1420   2352
      2     31      6      1     13      3     15      3      1   1654   1288
      2     31      6      1     14      7     13      7      1    784   2847
      2     31      6      1     15      1      1      1      1   2348   4883
      2     31      6      1     16      3     10      3      1   2609   1444
      2     31      6      2      1      7      7      7      1   8847     -1
      2     31      6      2      2      5     11      5      1   1025     -1
      2     31      6      2      3      8      5      8      1   1146     -1
      2     31      6      2      4      3      6      3      1   1108     -1
      2     31      6      2      5      1      7      1      1   1059     -1
      2     31      6      2      6      4     14      2      0   8111     -1
      2     31      6      2      7      4      3      4      1   1492     -1
      2     31      6      2      8      1     14      1      1   2161     -1
      2     31      6      2      9      6      8      6      1   1242     -1
      2     31      6      2     10      6     12      3      0   4659     -1
      2     31      6      2     11      5     12      5      1    975     -1
      2     31      6      2     12      7     14      4      0   3628     -1
      2     31      6      2     13      2      8      2      1   1029     -1
      2     31      6      2     14      8     13      8      1   1459     -1
      2     31      6      2     15      2      2      2      1   1592     -1
      2     31      6      2     16      3     16      3      1   1126     -1
      2     31      7      1      1      4     11      4      1   2392   3252
      2     31      7      1      2      1     10      1      1   1319   1354
      2     31      7      1      3      7     12      7      1   3338    828
      2     31      7      1      4      7     15      7      1    918    667
      2     31      7      1      5      6     10      6      1    658    905
      2     31      7      1      6      2      1      2      1    654   1041
      2     31      7      1      7      1      2      1      1    869   3436
      2     31      7      1      8      3     12      3      1   1315   3556
      2     31      7      1      9      2     13      2      1   2111   1116
      2     31      7      1     10      3     14      3      1   1064   1113
      2     31      7      1     11      1      4      1      1   1395   1295
      2     31      7      1     12      4      1      4      1    936   1683
      2     31      7      1     13      6     11      6      1    821   2304
      2     31      7      1     14      7      5      4      0   1072   1003
      2     31      7      1     15      7      5      7      1    878    704
      2     31      7      1     16      7      5      7      1   1818    520
      2     31      7      2      1      2      2      2      1   1311     -1
      2     31      7      2      2      8      4      8      1    875     -1
      2     31      7      2      3      6     13      6      1   1093     -1
      2     31      7      2      4      4      9      4      1   1510     -1
      2     31      7      2      5      6      5      3      0   2810     -1
      2     31      7      2      6      5     11      5      1    808     -1
      2     31      7      2      7      3     11      4      0   2012     -1
      2     31      7      2      8      2      8      2      1    808     -1
      2     31      7      2      9      7      6      7      1   1792     -1
      2     31      7      2     10      8      5      8      1    893     -1
      2     31      7      2     11      7      7      7      1    992     -1
      2     31      7      2     12      1      6      1      1    958     -1
      2     31      7      2     13      4     14      4      1   3992     -1
      2     31      7      2     14      5      5      5      1   1042     -1
      2     31      7      2     15      3      6      3      1   1212     -1
      2     31      7      2     16      1     16      1      1    993     -1
      2     31      8      1      1      8      6      8      1    773    895
      2     31      8      1      2      7      5      7      1   1943   2165
      2     31      8      1      3      7     13      7      1    903   3288
      2     31      8      1      4      3      8      3      1    754   1187
      2     31      8      1      5      4     13      4      1    853   1125
      2     31      8      1      6      6     16      3      0   1107   1188
      2     31      8      1      7      6     16      6      1    922    892
      2     31      8      1      8      6     16      6      1   1277    595
      2     31      8      1      9      2      6      2      1   1158    693
      2     31      8      1     10      4     16      4      1   2344   1360
      2     31      8      1     11      7      8      7      1   1141   1509
      2     31      8      1     12      8     16      4      0    995   1540
      2     31      8      1     13      8     16      8      1    890    957
      2     31      8      1     14      1      5      1      1    919   1633
      2     31      8      1     15      1      3      1      1   1207   1856
      2     31      8      1     16      2      4      2      1    781   8131
      2     31      8      2      1      2     16      4      0   2413     -1
      2     31      8      2      2      4      3      4      1   3142     -1
      2     31      8      2      3      7     14      4      0   1124     -1
      2     31      8      2      4      4     10      4      1   1193     -1
      2     31      8      2      5      1     11      1      1   1046     -1
      2     31      8      2      6      6      8      6      1   1896     -1
      2     31      8      2      7      5     12      5      1    825     -1
      2     31      8      2      8      3      7      3      1   1459     -1
      2     31      8      2      9      2     10      2      1   1475     -1
      2     31      8      2     10      8      3      8      1   1059     -1
      2     31      8      2     11      5      4      5      1   1225     -1
      2     31      8      2     12      8     15      8      1   1091     -1
      2     31      8      2     13      6      7      6      1   2442     -1
      2     31      8      2     14      3      2      3      1   1324     -1
      2     31      8      2     15      7      2      7      1    892     -1
      2     31      8      2     16      1      9      1      1   1276     -1
      2     31      9      1      1      7      5      3      0    885   8014
      2     31      9      1      2      7      5      7      1    646    491
      2     31      9      1      3      7      5      7      1    582   1343
      2     31      9      1      4      7     15      7      1    750   3078
      2     31      9      1      5      2      4      2      1    944    626
      2     31      9      1      6      8      6      8      1    967    879
      2     31      9      1      7      7     13      7      1   1126    710
      2     31      9      1      8      5     14      5      1   1270    307
      2     31      9      1      9      6      6      6      1   8844    594
      2     31      9      1     10      1      1      1      1    884  16773
      2     31      9      1     11      7     15      7      1    955   2301
      2     31      9      1     12      7      5      7      1   1144    574
      2     31      9      1     13      2      1      2      1    949    506
      2     31      9      1     14      3     15      4      0   1405    940
      2     31      9      1     15      3      8      3      1    769   2206
      2     31      9      1     16      3     15      3      1    803    716
      2     31      9      2      1      4     15      4      1   1661     -1
      2     31      9      2      2      4      5      4      1   1876     -1
      2     31      9      2      3      8      8      8      1    925     -1
      2     31      9      2      4      2      5      2      1   1012     -1
      2     31      9      2      5      3     16      3      1    945     -1
      2     31      9      2      6      1     14      1      1   1212     -1
      2     31      9      2      7      6     12      6      1   5475     -1
      2     31      9      2      8      2      9      2      1    826     -1
      2     31      9      2      9      3     13      3      1   1075     -1
      2     31      9      2     10      5      6      5      1    942     -1
      2     31      9      2     11      6      3      6      1    960     -1
      2     31      9      2     12      7      4      1      0    975     -1
      2     31      9      2     13      1      7      1      1   1042     -1
      2     31      9      2     14      5      9      5      1    893     -1
      2     31      9      2     15      7     16      7      1   3726     -1
      2     31      9      2     16      8     13      8      1   1009     -1
