      1    166      1      1      1      1      7      1      1   1565
      1    166      1      1      2      1     14      2      0   1087
      1    166      1      1      3      5     16      7      0   1967
      1    166      1      1      4      2      3      5      0   1312
      1    166      1      1      5      6     12      3      0   2762
      1    166      1      1      6      8      9      4      0   1539
      1    166      1      1      7      3      8      2      0   1398
      1    166      1      1      8      7     14      7      1   1489
      1    166      1      1      9      4      9      5      0   1721
      1    166      1      1     10      7     16      8      0   3026
      1    166      1      1     11      3     13      2      0   1250
      1    166      1      1     12      4      8      6      0   2248
      1    166      1      1     13      5      2      5      1   1094
      1    166      1      1     14      8      5      2      0   1245
      1    166      1      1     15      6      6      2      0    966
      1    166      1      1     16      2      4      5      0   1056
      1    166      1      2      1      8     10      3      0   5414
      1    166      1      2      2      3     12      8      0   3092
      1    166      1      2      3      5      9      5      1   1225
      1    166      1      2      4      7      4      1      0   1544
      1    166      1      2      5      7      2      7      1   1207
      1    166      1      2      6      2      1      4      0   7607
      1    166      1      2      7      1      3      2      0   1694
      1    166      1      2      8      6     10      1      0   2044
      1    166      1      2      9      5     10      5      1   1344
      1    166      1      2     10      6      5      8      0   2477
      1    166      1      2     11      4     13      2      0    845
      1    166      1      2     12      3     15      3      1    912
      1    166      1      2     13      8      4      2      0    894
      1    166      1      2     14      1      2      3      0    777
      1    166      1      2     15      2      5      4      0   3011
      1    166      1      2     16      4     14      1      0   1077
      1    166      2      1      1      1     16      1      1   1460
      1    166      2      1      2      7     15      2      0   1257
      1    166      2      1      3      8     13      2      0   1249
      1    166      2      1      4      2     13      3      0   1065
      1    166      2      1      5      1      4      3      0   1574
      1    166      2      1      6      8      2      6      0   2629
      1    166      2      1      7      3     14      4      0   3329
      1    166      2      1      8      6      8      7      0   2764
      1    166      2      1      9      7      5      2      0  12555
      1    166      2      1     10      4      5      2      0   2145
      1    166      2      1     11      6     13      4      0   1180
      1    166      2      1     12      3      7      7      0   1535
      1    166      2      1     13      5      6      5      1   1263
      1    166      2      1     14      4     15      2      0   1219
      1    166      2      1     15      5     12      5      1   1136
      1    166      2      1     16      2     16      7      0   1619
      1    166      2      2      1      4      3      1      0   2530
      1    166      2      2      2      2     14      7      0   4910
      1    166      2      2      3      4     11      1      0   2727
      1    166      2      2      4      1     10      6      0   4478
      1    166      2      2      5      3      6      3      1   4244
      1    166      2      2      6      3     10      2      0   2962
      1    166      2      2      7      5      8      5      1   1276
      1    166      2      2      8      8     16      4      0   2393
      1    166      2      2      9      7      6      1      0   2761
      1    166      2      2     10      2     10      8      0   4542
      1    166      2      2     11      8      3      2      0   1527
      1    166      2      2     12      7      8      7      1   3593
      1    166      2      2     13      6     15      2      0   1527
      1    166      2      2     14      1      5      1      1   1576
      1    166      2      2     15      5      5      5      1   1777
      1    166      2      2     16      6      3      6      1   2193
      1    166      3      1      1      2      6      4      0   2434
      1    166      3      1      2      7     13      6      0   1596
      1    166      3      1      3      6      7      7      0   1294
      1    166      3      1      4      2      8      7      0   3540
      1    166      3      1      5      1     11      3      0   1827
      1    166      3      1      6      3     16      2      0   1116
      1    166      3      1      7      5      4      5      1   1170
      1    166      3      1      8      4      1      2      0   6735
      1    166      3      1      9      8      6      8      1   3146
      1    166      3      1     10      7      7      3      0   2809
      1    166      3      1     11      3     11      2      0   1591
      1    166      3      1     12      5     14      5      1   1247
      1    166      3      1     13      1      1      6      0   7346
      1    166      3      1     14      4     16      1      0   1916
      1    166      3      1     15      6      9      7      0   3969
      1    166      3      1     16      8     14      8      1   1440
      1    166      3      2      1      6     11      6      1   2880
      1    166      3      2      2      7     10      7      1   4044
      1    166      3      2      3      8     15      8      1   1693
      1    166      3      2      4      4     10      7      0   4210
      1    166      3      2      5      4     12      3      0   2343
      1    166      3      2      6      3      9      1      0   1693
      1    166      3      2      7      1      6      1      1   1877
      1    166      3      2      8      5      7      5      1   1395
      1    166      3      2      9      5     11      5      1   1328
      1    166      3      2     10      2      9      3      0   7393
      1    166      3      2     11      8      8      8      1   1962
      1    166      3      2     12      1      9      1      1   1460
      1    166      3      2     13      6     16      7      0   3276
      1    166      3      2     14      2      2      3      0   1927
      1    166      3      2     15      3      2      2      0   2493
      1    166      3      2     16      7     12      1      0   2777
      1    166      4      1      1      1      4      3      0   3391
      1    166      4      1      2      7      7      1      0   1567
      1    166      4      1      3      3      7      7      0   2189
      1    166      4      1      4      5      2      5      1   1333
      1    166      4      1      5      4      1      1      0   2391
      1    166      4      1      6      3     13      7      0   4856
      1    166      4      1      7      4      8      1      0   4755
      1    166      4      1      8      2      6      4      0   1865
      1    166      4      1      9      7     16      7      1   1570
      1    166      4      1     10      2      8      2      1   1274
      1    166      4      1     11      6     12      3      0   1796
      1    166      4      1     12      8     13      8      1   1022
      1    166      4      1     13      5     12      5      1   1336
      1    166      4      1     14      6      7      6      1   3580
      1    166      4      1     15      8      9      8      1   1131
      1    166      4      1     16      1     11      1      1   3662
      1    166      4      2      1      7     12      7      1   2963
      1    166      4      2      2      3      2      3      1   7314
      1    166      4      2      3      5     10      5      1   1345
      1    166      4      2      4      2      2      2      1   1578
      1    166      4      2      5      5      8      5      1   1111
      1    166      4      2      6      6     15      6      1   4277
      1    166      4      2      7      3      9      1      0   2477
      1    166      4      2      8      8      8      8      1   1295
      1    166      4      2      9      1      3      2      0   2478
      1    166      4      2     10      2     10      2      1   2144
      1    166      4      2     11      8     15      8      1   1227
      1    166      4      2     12      1      9      1      1   3578
      1    166      4      2     13      4     10      4      1   2529
      1    166      4      2     14      6     10      7      0   1326
      1    166      4      2     15      4     11      2      0   1211
      1    166      4      2     16      7      6      7      1   1343
      1    166      5      1      1      5     14      5      1   1444
      1    166      5      1      2      1      7      6      0   9694
      1    166      5      1      3      7     15      7      1   1302
      1    166      5      1      4      4     16      2      0   1195
      1    166      5      1      5      3     16      3      1   1210
      1    166      5      1      6      3     11      3      1    882
      1    166      5      1      7      7     13      7      1   1008
      1    166      5      1      8      6      6      6      1   2345
      1    166      5      1      9      4      5      4      1   3463
      1    166      5      1     10      2     16      2      1    882
      1    166      5      1     11      8      2      8      1   1173
      1    166      5      1     12      5      4      5      1    907
      1    166      5      1     13      6     13      6      1   1616
      1    166      5      1     14      1     14      3      0   3950
      1    166      5      1     15      8     14      8      1    954
      1    166      5      1     16      2      4      2      1   1085
      1    166      5      2      1      6      5      6      1   5195
      1    166      5      2      2      5      5      5      1   1109
      1    166      5      2      3      6      3      7      0   1544
      1    166      5      2      4      1      5      3      0   5411
      1    166      5      2      5      4      3      4      1   2727
      1    166      5      2      6      7      2      7      1   1560
      1    166      5      2      7      4     13      6      0   4560
      1    166      5      2      8      8     16      8      1   2245
      1    166      5      2      9      7      4      6      0   1478
      1    166      5      2     10      2     14      4      0   1829
      1    166      5      2     11      3     12      1      0   2210
      1    166      5      2     12      8      3      8      1   1211
      1    166      5      2     13      1      2      3      0   2011
      1    166      5      2     14      5     11      5      1    910
      1    166      5      2     15      3     15      3      1   2492
      1    166      5      2     16      2      9      2      1   1032
      1    166      6      1      1      7      5      7      1   1597
      1    166      6      1      2      7     14      7      1   3039
      1    166      6      1      3      8      6      8      1   1009
      1    166      6      1      4      5      6      5      1   1048
      1    166      6      1      5      6      9      7      0   1173
      1    166      6      1      6      1     16      3      0   1835
      1    166      6      1      7      1      1      4      0   1826
      1    166      6      1      8      8      5      8      1   1360
      1    166      6      1      9      2     13      2      1   1125
      1    166      6      1     10      6      8      6      1   1996
      1    166      6      1     11      3     14      3      1   2138
      1    166      6      1     12      4     15      3      0   2017
      1    166      6      1     13      3      8      1      0   1412
      1    166      6      1     14      5     16      5      1   1364
      1    166      6      1     15      4      9      4      1   3532
      1    166      6      1     16      2      3      4      0   2203
      1    166      6      2      1      7      8      7      1   1747
      1    166      6      2      2      5      7      5      1   1061
      1    166      6      2      3      6     11      6      1   1946
      1    166      6      2      4      8     10      8      1   2993
      1    166      6      2      5      6     16      6      1   2161
      1    166      6      2      6      2      1      2      1   1526
      1    166      6      2      7      7     10      7      1   1279
      1    166      6      2      8      1      6      1      1   3994
      1    166      6      2      9      2      5      2      1   1097
      1    166      6      2     10      8      4      8      1   1127
      1    166      6      2     11      3     10      3      1   1494
      1    166      6      2     12      3      6      1      0   1194
      1    166      6      2     13      4     12      2      0   3277
      1    166      6      2     14      4     14      4      1   1960
      1    166      6      2     15      1     10      2      0   2911
      1    166      6      2     16      5      9      5      1   1243
      1    166      7      1      1      8      2      8      1   1185
      1    166      7      1      2      6     13      6      1   1557
      1    166      7      1      3      4      1      1      0   3095
      1    166      7      1      4      1      4      3      0   3107
      1    166      7      1      5      4      5      4      1   1549
      1    166      7      1      6      3     14      3      1   1143
      1    166      7      1      7      6     12      3      0   2122
      1    166      7      1      8      3      7      6      0   2232
      1    166      7      1      9      1     16      1      1   2880
      1    166      7      1     10      7      7      7      1   1146
      1    166      7      1     11      2      3      2      1   1578
      1    166      7      1     12      8      9      8      1   1090
      1    166      7      1     13      5     16      5      1    989
      1    166      7      1     14      2      8      2      1    959
      1    166      7      1     15      7     14      7      1    967
      1    166      7      1     16      5      4      5      1    904
      1    166      7      2      1      2      2      2      1   2181
      1    166      7      2      2      1      6      1      1   4395
      1    166      7      2      3      5     11      5      1   1060
      1    166      7      2      4      7      6      7      1   1297
      1    166      7      2      5      2     10      2      1   1727
      1    166      7      2      6      6      5      6      1   1727
      1    166      7      2      7      3     15      3      1   2810
      1    166      7      2      8      1      3      2      0   7696
      1    166      7      2      9      3      9      3      1   3077
      1    166      7      2     10      8      8      8      1   1245
      1    166      7      2     11      4     12      2      0   1743
      1    166      7      2     12      4     13      4      1   1178
      1    166      7      2     13      7      2      7      1   1462
      1    166      7      2     14      5     10      5      1   1345
      1    166      7      2     15      8      3      8      1   1596
      1    166      7      2     16      6     11      6      1   1344
      1    166      8      1      1      1     11      1      1   3977
      1    166      8      1      2      1      1      4      0   2654
      1    166      8      1      3      5      6      5      1   1156
      1    166      8      1      4      6      7      7      0   1279
      1    166      8      1      5      7      5      7      1    912
      1    166      8      1      6      2     13      2      1   1159
      1    166      8      1      7      2      6      2      1    947
      1    166      8      1      8      8      6      8      1    901
      1    166      8      1      9      8     13      8      1   1295
      1    166      8      1     10      7     16      7      1   1327
      1    166      8      1     11      3     16      1      0   4586
      1    166      8      1     12      5     14      5      1   1098
      1    166      8      1     13      4      9      2      0   1702
      1    166      8      1     14      4     15      4      1   1498
      1    166      8      1     15      3      8      3      1   2140
      1    166      8      1     16      6      6      6      1   2008
      1    166      8      2      1      8     10      8      1   1264
      1    166      8      2      2      3     12      1      0   3361
      1    166      8      2      3      2      1      2      1   1327
      1    166      8      2      4      6     15      6      1   5761
      1    166      8      2      5      7      8      7      1   1396
      1    166      8      2      6      4      3      4      1   4476
      1    166      8      2      7      2      5      2      1   1080
      1    166      8      2      8      1      5      7      0   1446
      1    166      8      2      9      5      9      5      1   1045
      1    166      8      2     10      4     11      4      1   4144
      1    166      8      2     11      8     15      8      1   1161
      1    166      8      2     12      3      2      7      0   1344
      1    166      8      2     13      6      3      7      0   1276
      1    166      8      2     14      5      7      5      1   2860
      1    166      8      2     15      1     10      4      0   6878
      1    166      8      2     16      7     10      7      1   1178
      1    166      9      1      1      6      8      3      0   1511
      1    166      9      1      2      5     12      5      1    973
      1    166      9      1      3      3     11      3      1   1312
      1    166      9      1      4      2     16      2      1   1250
      1    166      9      1      5      6      9      7      0   1000
      1    166      9      1      6      4      8      4      1   1463
      1    166      9      1      7      3     13      3      1   1331
      1    166      9      1      8      1      7      1      1   1017
      1    166      9      1      9      1     14      1      1   2330
      1    166      9      1     10      8     14      8      1    955
      1    166      9      1     11      7     13      7      1    922
      1    166      9      1     12      8      5      8      1    905
      1    166      9      1     13      7     15      7      1    796
      1    166      9      1     14      2      4      2      1    877
      1    166      9      1     15      5      2      5      1   1010
      1    166      9      1     16      4     16      4      1   1403
      1    166      9      2      1      1      9      1      1   3681
      1    166      9      2      2      1      2      1      1   2061
      1    166      9      2      3      4     10      4      1   2810
      1    166      9      2      4      5      5      5      1   1211
      1    166      9      2      5      7     12      7      1   1677
      1    166      9      2      6      4     14      4      1   2728
      1    166      9      2      7      6     10      7      0   1194
      1    166      9      2      8      8      4      8      1   1127
      1    166      9      2      9      3      6      3      1   1994
      1    166      9      2     10      6     16      6      1   1479
      1    166      9      2     11      2     14      2      1   5893
      1    166      9      2     12      5      8      5      1   1279
      1    166      9      2     13      7      4      6      0   1394
      1    166      9      2     14      3     10      3      1   1960
      1    166      9      2     15      2      9      2      1    893
      1    166      9      2     16      8     16      8      1   1213
