      2    196      1      1      1      5      4      5      1   5396   2927
      2    196      1      1      2      4      3      1      0   2488   3488
      2    196      1      1      3      3     14      3      1   2601   2963
      2    196      1      1      4      7     15      2      0   2542   1033
      2    196      1      1      5      3      8      7      0   3173   5975
      2    196      1      1      6      8      8      2      0   4204   1998
      2    196      1      1      7      4     11      4      1   5125   5939
      2    196      1      1      8      6     10      6      1   2320   1006
      2    196      1      1      9      3     13      8      0   2450   2318
      2    196      1      1     10      3     11      8      0   6651   5565
      2    196      1      1     11      3     13      3      1   2431   1458
      2    196      1      1     12      7     15      6      0   8442   2059
      2    196      1      1     13      6     10      6      1   1687    989
      2    196      1      1     14      7     15      7      1   7011    815
      2    196      1      1     15      8      8      4      0   2259   3652
      2    196      1      1     16      6      3      2      0   1520   1420
      2    196      1      2      1      6     12      2      0   7052
      2    196      1      2      2      8      6      8      1   5407
      2    196      1      2      3      2      2      3      0   3060
      2    196      1      2      4      7     14      7      1   3945
      2    196      1      2      5      5      6      5      1   2414
      2    196      1      2      6      1      2      8      0   2974
      2    196      1      2      7      3      2      8      0   6611
      2    196      1      2      8      8      4      8      1   3259
      2    196      1      2      9      2      6      5      0   1909
      2    196      1      2     10      7      7      6      0   2493
      2    196      1      2     11      5      9      5      1   1594
      2    196      1      2     12      4     13      1      0   2943
      2    196      1      2     13      4     14      1      0   1509
      2    196      1      2     14      1      9      4      0   3047
      2    196      1      2     15      6      6      2      0   7143
      2    196      1      2     16      3      7      7      0   4110
      2    196      2      1      1      8     16      3      0   4952   3393
      2    196      2      1      2      8      3      8      1   1277   2473
      2    196      2      1      3      2      5      1      0   1108   1000
      2    196      2      1      4      1      4      2      0   1006   1384
      2    196      2      1      5      2      9      2      1   1030   1062
      2    196      2      1      6      8      5      8      1   1492   2144
      2    196      2      1      7      5      5      5      1   1703   1387
      2    196      2      1      8      1      3      2      0   7670   1186
      2    196      2      1      9      2      1      1      0   1055   1733
      2    196      2      1     10      1      3      1      1   2098   1674
      2    196      2      1     11      1     16      3      0   2603   1337
      2    196      2      1     12      2      1      2      1   1376   2624
      2    196      2      1     13      4      3      2      0   1521   1037
      2    196      2      1     14      3     10      7      0   8327   1661
      2    196      2      1     15      3      8      3      1   1157   1299
      2    196      2      1     16      3     13      3      1   1025   1365
      2    196      2      2      1      3     15      3      1   2410
      2    196      2      2      2      1     14      4      0   4260
      2    196      2      2      3      6     13      4      0   1877
      2    196      2      2      4      2     14      7      0   5996
      2    196      2      2      5      5     10      5      1   1976
      2    196      2      2      6      7     13      6      0   3025
      2    196      2      2      7      7      4      6      0   1659
      2    196      2      2      8      8     10      6      0   3843
      2    196      2      2      9      4     12      1      0   4958
      2    196      2      2     10      1     10      1      1   1998
      2    196      2      2     11      2      3      1      0   1892
      2    196      2      2     12      8     15      8      1   2093
      2    196      2      2     13      6      9      7      0   1677
      2    196      2      2     14      3     16      3      1   3193
      2    196      2      2     15      5     16      5      1   1111
      2    196      2      2     16      4      5      4      1   3228
      2    196      3      1      1      7     15      6      0   2217   1920
      2    196      3      1      2      7      2      7      1   1108   2128
      2    196      3      1      3      7      6      7      1    888   5563
      2    196      3      1      4      3      9      3      1   1044   2158
      2    196      3      1      5      2      5      1      0   1350   1075
      2    196      3      1      6      4      3      1      0    923   1135
      2    196      3      1      7      4     11      4      1   1139   1650
      2    196      3      1      8      2      8      2      1   2454   1568
      2    196      3      1      9      2      9      2      1   1287   1436
      2    196      3      1     10      2      4      2      1   1380   2635
      2    196      3      1     11      4     10      2      0   1920   2199
      2    196      3      1     12      6     16      3      0   4514   1591
      2    196      3      1     13      1      7      6      0   1684   1041
      2    196      3      1     14      4     10      2      0   1978   3152
      2    196      3      1     15      3     11      3      1   3280   1840
      2    196      3      1     16      7      6      6      0   2295   1793
      2    196      3      2      1      1      6      3      0   7991
      2    196      3      2      2      4      9      4      1   3225
      2    196      3      2      3      8      2      8      1   1212
      2    196      3      2      4      3      6      3      1   3214
      2    196      3      2      5      3     12      3      1   1781
      2    196      3      2      6      2     13      4      0   3275
      2    196      3      2      7      8     14      8      1   1193
      2    196      3      2      8      6      8      5      0   1858
      2    196      3      2      9      7     12      7      1   4743
      2    196      3      2     10      6     15      5      0   2543
      2    196      3      2     11      5      7      5      1   1481
      2    196      3      2     12      7     16      7      1   4291
      2    196      3      2     13      1     11      4      0   3976
      2    196      3      2     14      2     16      1      0   3962
      2    196      3      2     15      5     12      5      1   1214
      2    196      3      2     16      4      8      4      1   2677
      2    196      4      1      1      1      7      6      0   1192   1199
      2    196      4      1      2      7     15      6      0    842   1133
      2    196      4      1      3      7      8      6      0    975   1548
      2    196      4      1      4      7      6      7      1   1410   1164
      2    196      4      1      5      3      8      3      1    992   1050
      2    196      4      1      6      5      5      5      1   1006   1069
      2    196      4      1      7      6      3      6      1   1229   2886
      2    196      4      1      8      4      1      6      0   2025   7399
      2    196      4      1      9      7      8      6      0   1009   1530
      2    196      4      1     10      7      5      6      0   1038   1187
      2    196      4      1     11      3     10      6      0   1096   1062
      2    196      4      1     12      8     16      6      0   1043   1877
      2    196      4      1     13      6     10      6      1    940   1085
      2    196      4      1     14      7      2      7      1   2617   1721
      2    196      4      1     15      1      5      6      0   1231   5305
      2    196      4      1     16      5     14      5      1    869   1751
      2    196      4      2      1      7     14      6      0   4993
      2    196      4      2      2      8      6      8      1    914
      2    196      4      2      3      5      9      5      1    877
      2    196      4      2      4      6      8      5      0    991
      2    196      4      2      5      4     14      4      1   5425
      2    196      4      2      6      3      2      3      1   1059
      2    196      4      2      7      3     16      3      1    796
      2    196      4      2      8      1      9      2      0   3976
      2    196      4      2      9      7     12      6      0   5229
      2    196      4      2     10      2     16      7      0   2258
      2    196      4      2     11      1     10      4      0   1960
      2    196      4      2     12      8     15      8      1   1192
      2    196      4      2     13      5      6      5      1    875
      2    196      4      2     14      6      9      7      0   2927
      2    196      4      2     15      4      9      5      0   3131
      2    196      4      2     16      2     14      7      0   3059
      2    196      5      1      1      1      3      2      0   1614   1359
      2    196      5      1      2      1     16      1      1   1425   6901
      2    196      5      1      3      1      5      1      1   1310   3701
      2    196      5      1      4      3     10      3      1   4822   3224
      2    196      5      1      5      8      8      8      1   4153    972
      2    196      5      1      6      8     16      8      1   4352   1901
      2    196      5      1      7      3     13      3      1    632   4193
      2    196      5      1      8      6     10      6      1   1167   1556
      2    196      5      1      9      4     15      7      0   2941   3652
      2    196      5      1     10      7     10      7      1   2681   3730
      2    196      5      1     11      4      3      4      1   2200   1190
      2    196      5      1     12      2      9      2      1   1512    749
      2    196      5      1     13      3     11      3      1    898   3215
      2    196      5      1     14      3      9      3      1    915   1359
      2    196      5      1     15      4      1      4      1   1377   2409
      2    196      5      1     16      8      9      8      1   1407    902
      2    196      5      2      1      4      8      4      1   2876
      2    196      5      2      2      4      5      4      1   3246
      2    196      5      2      3      1      6      3      0   3725
      2    196      5      2      4      6     12      4      0   2126
      2    196      5      2      5      5     10      5      1   1443
      2    196      5      2      6      2      6      2      1   1292
      2    196      5      2      7      1      2      4      0   1641
      2    196      5      2      8      7     16      7      1   4124
      2    196      5      2      9      6     13      4      0   2198
      2    196      5      2     10      3     15      3      1   1098
      2    196      5      2     11      5     16      5      1    908
      2    196      5      2     12      2     13      4      0   5860
      2    196      5      2     13      3      6      3      1   1248
      2    196      5      2     14      7      4      4      0   5109
      2    196      5      2     15      8      4      8      1    977
      2    196      5      2     16      8     10      8      1   1542
      2    196      6      1      1      6      5      5      0   2763   4857
      2    196      6      1      2      7      6      6      0   1850   2566
      2    196      6      1      3      7     15      6      0    793   1298
      2    196      6      1      4      3     11      3      1   1029   3018
      2    196      6      1      5      7      2      7      1   1726   1165
      2    196      6      1      6      7      5      1      0   1408   2078
      2    196      6      1      7      6     16      5      0   1509   3984
      2    196      6      1      8      1      3      2      0   2163   2520
      2    196      6      1      9      4     11      2      0   1134   1754
      2    196      6      1     10      2      1      2      1    881   1259
      2    196      6      1     11      7     10      7      1   2001   2019
      2    196      6      1     12      2      5      4      0   1214   2304
      2    196      6      1     13      4      3      4      1    898    944
      2    196      6      1     14      3     10      3      1   2318   3227
      2    196      6      1     15      8      3      8      1   1222   2347
      2    196      6      1     16      5     14      5      1    889   1168
      2    196      6      2      1      2      2      2      1   1692
      2    196      6      2      2      8     14      8      1   1863
      2    196      6      2      3      4     12      4      1   3064
      2    196      6      2      4      1     11      1      1   3731
      2    196      6      2      5      6      6      4      0   1560
      2    196      6      2      6      5      7      5      1   1081
      2    196      6      2      7      8      2      8      1   1114
      2    196      6      2      8      6     15      4      0   6009
      2    196      6      2      9      2      3      1      0   1708
      2    196      6      2     10      4     13      4      1   1943
      2    196      6      2     11      3      7      3      1   1464
      2    196      6      2     12      7     13      7      1   1808
      2    196      6      2     13      7      7      7      1   1065
      2    196      6      2     14      5     12      5      1    976
      2    196      6      2     15      3     12      3      1   1210
      2    196      6      2     16      1     14      4      0   3760
      2    196      7      1      1      7      5      7      1   1132   2915
      2    196      7      1      2      3     10      3      1   3071    838
      2    196      7      1      3      5      5      5      1   1046    831
      2    196      7      1      4      4     10      4      1   3435   3113
      2    196      7      1      5      1      4      4      0   3673   2312
      2    196      7      1      6      8      8      4      0   1052   2598
      2    196      7      1      7      6      3      6      1   1227   2441
      2    196      7      1      8      6     10      6      1    725    835
      2    196      7      1      9      2      8      2      1    925   1265
      2    196      7      1     10      1     16      1      1   1194   1678
      2    196      7      1     11      6     16      4      0   2630   3664
      2    196      7      1     12      6      7      6      1   1219   7785
      2    196      7      1     13      6      5      6      1   1741   2293
      2    196      7      1     14      7      6      6      0   1957   9489
      2    196      7      1     15      4      3      4      1    617   2699
      2    196      7      1     16      4     16      4      1    858   1995
      2    196      7      2      1      2     16      4      0   2375
      2    196      7      2      2      7      4      6      0   3098
      2    196      7      2      3      4     12      4      1   3508
      2    196      7      2      4      5      9      5      1   1315
      2    196      7      2      5      6     12      6      1   2614
      2    196      7      2      6      1     14      4      0   2164
      2    196      7      2      7      4     13      4      1   1980
      2    196      7      2      8      7     12      7      1   2611
      2    196      7      2      9      1      6      1      1   2160
      2    196      7      2     10      8     14      8      1   1110
      2    196      7      2     11      5      6      5      1   1043
      2    196      7      2     12      8     10      8      1   1642
      2    196      7      2     13      3      7      6      0   3276
      2    196      7      2     14      2      2      2      1   1309
      2    196      7      2     15      3     12      3      1   2196
      2    196      7      2     16      6      6      6      1   3014
      2    196      8      1      1      6      5      6      1   1113   8339
      2    196      8      1      2      1      7      4      0   1404    822
      2    196      8      1      3      4     15      4      1   4064   1890
      2    196      8      1      4      1      1      4      0   1176   1298
      2    196      8      1      5      1      5      1      1   1233   4060
      2    196      8      1      6      4      3      4      1    969   2316
      2    196      8      1      7      4     10      4      1  11615   1838
      2    196      8      1      8      7     15      7      1   1029   1394
      2    196      8      1      9      7      2      7      1    981   2470
      2    196      8      1     10      4      1      1      0   4455   2529
      2    196      8      1     11      3      8      3      1    743    982
      2    196      8      1     12      7      8      7      1    790    903
      2    196      8      1     13      1     16      1      1   2252   1736
      2    196      8      1     14      1      1      1      1   2266   2286
      2    196      8      1     15      4     11      2      0   1154   3276
      2    196      8      1     16      3     11      3      1   1071   3656
      2    196      8      2      1      3      6      3      1   4192
      2    196      8      2      2      4      5      4      1   3093
      2    196      8      2      3      2      3      1      0   2560
      2    196      8      2      4      6      8      5      0   1140
      2    196      8      2      5      1      9      1      1   2914
      2    196      8      2      6      6      9      7      0  10993
      2    196      8      2      7      8      6      8      1    909
      2    196      8      2      8      7     14      7      1   2512
      2    196      8      2      9      1     10      4      0   2360
      2    196      8      2     10      5     16      5      1   1014
      2    196      8      2     11      3      2      3      1   1063
      2    196      8      2     12      4      9      4      1   2378
      2    196      8      2     13      8     15      8      1   1224
      2    196      8      2     14      7     13      7      1   1091
      2    196      8      2     15      2      6      2      1    977
      2    196      8      2     16      5      7      5      1   1010
      2    196      9      1      1      3     10      3      1   2109   2524
      2    196      9      1      2      1      4      1      1   4054   1352
      2    196      9      1      3      7     10      7      1    946   3765
      2    196      9      1      4      2      4      4      0    849   3628
      2    196      9      1      5      2      8      2      1    634   1189
      2    196      9      1      6      2     10      2      1    931   1194
      2    196      9      1      7      4     11      4      1   1282   1441
      2    196      9      1      8      4      1      1      0    861   2257
      2    196      9      1      9      2     10      2      1   4823   6025
      2    196      9      1     10      4     16      4      1   1360   1165
      2    196      9      1     11      4     15      1      0   1975   3902
      2    196      9      1     12      4     10      4      1   1375   8527
      2    196      9      1     13      3     10      3      1   1524   3936
      2    196      9      1     14      7      6      7      1   1230  18585
      2    196      9      1     15      5      5      5      1   1021   4420
      2    196      9      1     16      4      1      4      1   1355   2231
      2    196      9      2      1      1     11      1      1   2193
      2    196      9      2      2      4     14      4      1   2347
      2    196      9      2      3      3     15      3      1    964
      2    196      9      2      4      8      2      8      1    981
      2    196      9      2      5      1      2      4      0   3107
      2    196      9      2      6      4      8      4      1   5276
      2    196      9      2      7      8      4      8      1   1147
      2    196      9      2      8      5     10      5      1   1093
      2    196      9      2      9      7     16      7      1   5359
      2    196      9      2     10      7      7      7      1   1244
      2    196      9      2     11      2     14      4      0   1794
      2    196      9      2     12      3     16      3      1   1426
      2    196      9      2     13      5     12      5      1   1014
      2    196      9      2     14      6     15      6      1   2644
      2    196      9      2     15      6     13      6      1   1227
      2    196      9      2     16      2     13      2      1   2293
