      2     78      1      1      1      2      3      4      0   2877   3683
      2     78      1      1      2      8      3      2      0   2135   4020
      2     78      1      1      3      8     16      7      0   2403   2166
      2     78      1      1      4      2      5      1      0   3515   3644
      2     78      1      1      5      8     15      8      1   1133   5186
      2     78      1      1      6      1      9      5      0   2891   2194
      2     78      1      1      7      3     14      1      0   1889   1798
      2     78      1      1      8      8     14      8      1   1035   1472
      2     78      1      1      9      5     14      5      1   2735   1288
      2     78      1      1     10      5      2      5      1    884    892
      2     78      1      1     11      5      5      4      0   1600   1042
      2     78      1      1     12      6     11      3      0   3218   1421
      2     78      1      1     13      7     13      2      0   3315   1673
      2     78      1      1     14      4     14      8      0    816   2551
      2     78      1      1     15      2      5      3      0   3801   8300
      2     78      1      1     16      6     10      7      0   1417   1373
      2     78      1      2      1      7     12      6      0   9337     -1
      2     78      1      2      2      5      7      5      1   2862     -1
      2     78      1      2      3      8      2      8      1   1998     -1
      2     78      1      2      4      4     16      3      0   5292     -1
      2     78      1      2      5      3      6      2      0   6896     -1
      2     78      1      2      6      8     10      8      1   2544     -1
      2     78      1      2      7      7     10      6      0   3010     -1
      2     78      1      2      8      5     12      5      1   2160     -1
      2     78      1      2      9      2      8      2      1   8561     -1
      2     78      1      2     10      2      1      2      1   1231     -1
      2     78      1      2     11      3      9      6      0   5394     -1
      2     78      1      2     12      6     16      7      0   2577     -1
      2     78      1      2     13      1     10      3      0   2594     -1
      2     78      1      2     14      6      3      1      0   2765     -1
      2     78      1      2     15      1      1      6      0   1864     -1
      2     78      1      2     16      4     12      2      0   1948     -1
      2     78      2      1      1      7     15      3      0   2202   2315
      2     78      2      1      2      7      7      8      0   2577   2076
      2     78      2      1      3      8      4      8      1   1688   1319
      2     78      2      1      4      4      8      3      0   1943   1812
      2     78      2      1      5      1      7      1      1   2134   2019
      2     78      2      1      6      3     13      1      0    747   6034
      2     78      2      1      7      3      7      1      0    980   2023
      2     78      2      1      8      3     14      1      0   1061   1164
      2     78      2      1      9      1      7      1      1   2066   2186
      2     78      2      1     10      6      5      1      0   2715   5717
      2     78      2      1     11      2     10      2      1   1144   2240
      2     78      2      1     12      2     13      2      1   1406   1118
      2     78      2      1     13      5      8      5      1   1324   2078
      2     78      2      1     14      3     11      1      0   1111   1595
      2     78      2      1     15      3     15      3      1   1017   1356
      2     78      2      1     16      1     14      1      1   1185   1819
      2     78      2      2      1      5     11      5      1   1543     -1
      2     78      2      2      2      7     14      3      0   6526     -1
      2     78      2      2      3      6      7      1      0   3226     -1
      2     78      2      2      4      7      8      6      0   3546     -1
      2     78      2      2      5      2      2      2      1   1676     -1
      2     78      2      2      6      6     12      1      0   2678     -1
      2     78      2      2      7      8      8      4      0   5226     -1
      2     78      2      2      8      1      5      1      1   4827     -1
      2     78      2      2      9      2      6      2      1   1193     -1
      2     78      2      2     10      1      2      3      0   2947     -1
      2     78      2      2     11      3      2      3      1   2209     -1
      2     78      2      2     12      5     16      5      1   1626     -1
      2     78      2      2     13      3     12      7      0   4496     -1
      2     78      2      2     14      4     10      8      0   2297     -1
      2     78      2      2     15      8      5      8      1   1043     -1
      2     78      2      2     16      4      5      6      0   1764     -1
      2     78      3      1      1      6      6      7      0   2978   3533
      2     78      3      1      2      6     13      6      1    982   2486
      2     78      3      1      3      6     10      6      1   1275   2144
      2     78      3      1      4      6      5      6      1   1380   1940
      2     78      3      1      5      6      8      6      1    782   2700
      2     78      3      1      6      6     11      6      1    981   1142
      2     78      3      1      7      1      6      7      0   1570   2463
      2     78      3      1      8      3     14      1      0   1241   1763
      2     78      3      1      9      4     14      1      0   2435   6807
      2     78      3      1     10      5     10      5      1   1346   1642
      2     78      3      1     11      4     13      7      0   1136   2366
      2     78      3      1     12      2     16      4      0   1135   3758
      2     78      3      1     13      2     13      4      0   1343    783
      2     78      3      1     14      7     13      7      1   1645   1079
      2     78      3      1     15      7     15      7      1   1014   6663
      2     78      3      1     16      3     11      3      1   3507   1880
      2     78      3      2      1      4     11      2      0   2460     -1
      2     78      3      2      2      3      8      3      1   4244     -1
      2     78      3      2      3      5      6      5      1   1981     -1
      2     78      3      2      4      2      4      2      1   2444     -1
      2     78      3      2      5      7      2      7      1   2476     -1
      2     78      3      2      6      8     13      8      1   3047     -1
      2     78      3      2      7      1      3      1      1  11875     -1
      2     78      3      2      8      4      9      4      1   6125     -1
      2     78      3      2      9      6      9      6      1   4060     -1
      2     78      3      2     10      7      5      7      1   3077     -1
      2     78      3      2     11      6     15      6      1   1510     -1
      2     78      3      2     12      2     14      4      0   6259     -1
      2     78      3      2     13      8      9      8      1   1610     -1
      2     78      3      2     14      3     16      3      1   1398     -1
      2     78      3      2     15      5      9      5      1   1481     -1
      2     78      3      2     16      1     11      1      1   2527     -1
      2     78      4      1      1      3     10      3      1   1969   2233
      2     78      4      1      2      3     11      3      1    633    909
      2     78      4      1      3      1      7      3      0    938    788
      2     78      4      1      4      3     14      1      0   1132   1093
      2     78      4      1      5      3     15      3      1   1384   3096
      2     78      4      1      6      5      5      5      1   1228   2241
      2     78      4      1      7      7      4      7      1   1623   1019
      2     78      4      1      8      7      6      7      1   1298   1358
      2     78      4      1      9      8     16      8      1   1129    914
      2     78      4      1     10      8      4      8      1    950   1125
      2     78      4      1     11      2     16      4      0    877   1479
      2     78      4      1     12      1      9      3      0   2924    918
      2     78      4      1     13      4      3      3      0    906   2841
      2     78      4      1     14      1      9      4      0    816   4656
      2     78      4      1     15      4     13      4      1   1432   1193
      2     78      4      1     16      2     10      2      1   2042   1149
      2     78      4      2      1      2     14      4      0   7326     -1
      2     78      4      2      2      6      9      6      1   5244     -1
      2     78      4      2      3      6     15      6      1   1227     -1
      2     78      4      2      4      5     11      5      1   1414     -1
      2     78      4      2      5      4     11      2      0   3881     -1
      2     78      4      2      6      8      9      8      1   1626     -1
      2     78      4      2      7      2      1      2      1   1559     -1
      2     78      4      2      8      7      5      7      1   1392     -1
      2     78      4      2      9      3      9      1      0   5331     -1
      2     78      4      2     10      7      2      7      1   1493     -1
      2     78      4      2     11      1      1      3      0   1727     -1
      2     78      4      2     12      4      5      3      0   5263     -1
      2     78      4      2     13      8     10      8      1   1697     -1
      2     78      4      2     14      5      9      5      1   1510     -1
      2     78      4      2     15      3      8      1      0   6925     -1
      2     78      4      2     16      1     10      1      1  10426     -1
      2     78      5      1      1      3     10      4      0    870   2548
      2     78      5      1      2      4      1      3      0   3224    935
      2     78      5      1      3      2      3      4      0    951   1439
      2     78      5      1      4      8      3      8      1    845    963
      2     78      5      1      5      2     10      2      1   1299   1208
      2     78      5      1      6      7      6      7      1   1042   1497
      2     78      5      1      7      5     10      5      1   1587   1320
      2     78      5      1      8      3     15      3      1   1329   1129
      2     78      5      1      9      2     13      4      0   2365   1523
      2     78      5      1     10      2     16      2      1   1880   3133
      2     78      5      1     11      2      5      2      1    997   1873
      2     78      5      1     12      3     10      3      1   1466   1755
      2     78      5      1     13      3     14      3      1    960    767
      2     78      5      1     14      1     14      1      1   1183   2218
      2     78      5      1     15      3     13      3      1   1231   2719
      2     78      5      1     16      1      7      3      0   1096   1494
      2     78      5      2      1      3      2      3      1   3543     -1
      2     78      5      2      2      4     16      2      0   1612     -1
      2     78      5      2      3      1      5      1      1   2177     -1
      2     78      5      2      4      7      8      7      1   2126     -1
      2     78      5      2      5      5      6      5      1   1530     -1
      2     78      5      2      6      7     14      7      1   4944     -1
      2     78      5      2      7      1      3      1      1   7859     -1
      2     78      5      2      8      2      4      2      1   1792     -1
      2     78      5      2      9      8     13      8      1   1275     -1
      2     78      5      2     10      4      9      4      1   6859     -1
      2     78      5      2     11      8      5      8      1    976     -1
      2     78      5      2     12      6      7      6      1   2463     -1
      2     78      5      2     13      3     12      3      1   1448     -1
      2     78      5      2     14      5     16      5      1   1246     -1
      2     78      5      2     15      6     16      6      1   1543     -1
      2     78      5      2     16      2      2      2      1    961     -1
      2     78      6      1      1      6      8      6      1   1078   3798
      2     78      6      1      2      3     14      3      1   1616   2120
      2     78      6      1      3      8      6      8      1    826    767
      2     78      6      1      4      2     10      2      1   1016    844
      2     78      6      1      5      4     13      4      1   1391   1166
      2     78      6      1      6      2      3      1      0   5268   1205
      2     78      6      1      7      7     15      7      1   1038   1352
      2     78      6      1      8      3     13      3      1    756   1069
      2     78      6      1      9      6     11      6      1    901   1273
      2     78      6      1     10      4      8      4      1   1420   1055
      2     78      6      1     11      2      5      2      1    836    657
      2     78      6      1     12      7      7      7      1   1164    763
      2     78      6      1     13      5      8      5      1    798   1027
      2     78      6      1     14      3     10      3      1   3619   1487
      2     78      6      1     15      4      1      3      0   2269    808
      2     78      6      1     16      2      9      2      1   2149   1274
      2     78      6      2      1      3     16      3      1   2742     -1
      2     78      6      2      2      4     10      4      1   1743     -1
      2     78      6      2      3      8      2      8      1   1212     -1
      2     78      6      2      4      2      8      2      1   1064     -1
      2     78      6      2      5      3      6      7      0   8825     -1
      2     78      6      2      6      5      7      5      1   1194     -1
      2     78      6      2      7      8      8      8      1   1226     -1
      2     78      6      2      8      4     12      2      0   1092     -1
      2     78      6      2      9      1      2      1      1   4860     -1
      2     78      6      2     10      1     11      1      1   1411     -1
      2     78      6      2     11      2      6      2      1   1061     -1
      2     78      6      2     12      7     12      6      0   2127     -1
      2     78      6      2     13      5     12      5      1   1147     -1
      2     78      6      2     14      6      3      6      1   1297     -1
      2     78      6      2     15      6     12      6      1   1131     -1
      2     78      6      2     16      7     10      7      1   1610     -1
      2     78      7      1      1      4      1      3      0   3739   3720
      2     78      7      1      2      2      9      2      1    750   1042
      2     78      7      1      3      3     15      3      1   1746   2471
      2     78      7      1      4      8     14      8      1    726    850
      2     78      7      1      5      4     14      4      1    906    672
      2     78      7      1      6      1      9      2      0   1457   1565
      2     78      7      1      7      5     14      5      1    990   3257
      2     78      7      1      8      4      3      3      0   1394    716
      2     78      7      1      9      1     14      6      0   1680   2173
      2     78      7      1     10      1      7      1      1   2022   2744
      2     78      7      1     11      8     16      8      1    904   1270
      2     78      7      1     12      6     13      6      1    917    876
      2     78      7      1     13      8      3      8      1    957   1233
      2     78      7      1     14      3     11      3      1   1894    799
      2     78      7      1     15      2     16      2      1   1428   2456
      2     78      7      1     16      7     16      7      1   1481   1209
      2     78      7      2      1      5     12      5      1   1743     -1
      2     78      7      2      2      1     10      1      1  10309     -1
      2     78      7      2      3      1      3      4      0   9446     -1
      2     78      7      2      4      6      9      6      1   1144     -1
      2     78      7      2      5      8     10      8      1   1011     -1
      2     78      7      2      6      8      8      8      1    893     -1
      2     78      7      2      7      4     16      2      0   4247     -1
      2     78      7      2      8      4      9      4      1   3259     -1
      2     78      7      2      9      7      2      7      1   1160     -1
      2     78      7      2     10      7      8      7      1   1044     -1
      2     78      7      2     11      2      2      2      1   1277     -1
      2     78      7      2     12      3      8      3      1   1110     -1
      2     78      7      2     13      6     15      6      1   1193     -1
      2     78      7      2     14      5      9      5      1   1210     -1
      2     78      7      2     15      2     14      4      0   2626     -1
      2     78      7      2     16      3      6      7      0   6425     -1
      2     78      8      1      1      6      6      6      1    820   2430
      2     78      8      1      2      3     11      3      1   3857   1913
      2     78      8      1      3      3     14      3      1   1599   2551
      2     78      8      1      4      1     16      1      1   1068    974
      2     78      8      1      5      1      7      1      1    875    768
      2     78      8      1      6      2     13      4      0   1685   2084
      2     78      8      1      7      4     13      4      1   2687   3673
      2     78      8      1      8      4     14      4      1    645   1344
      2     78      8      1      9      4     15      4      1    840   1251
      2     78      8      1     10      6      5      6      1    967    976
      2     78      8      1     11      1      6      3      0    971   1751
      2     78      8      1     12      1     16      1      1   1100    959
      2     78      8      1     13      3     11      3      1   1236   1437
      2     78      8      1     14      4      3      3      0   1252   1902
      2     78      8      1     15      3     15      3      1   1021   2628
      2     78      8      1     16      3     10      3      1   1177   2175
      2     78      8      2      1      4     10      4      1   5326     -1
      2     78      8      2      2      5      6      5      1   1176     -1
      2     78      8      2      3      2      1      2      1   1142     -1
      2     78      8      2      4      1     11      1      1   4527     -1
      2     78      8      2      5      6     16      6      1   1093     -1
      2     78      8      2      6      6      3      6      1   1014     -1
      2     78      8      2      7      2      8      2      1   1276     -1
      2     78      8      2      8      1      2      1      1   2025     -1
      2     78      8      2      9      4      5      4      1   5778     -1
      2     78      8      2     10      5     11      5      1   1043     -1
      2     78      8      2     11      8      5      8      1   1097     -1
      2     78      8      2     12      3      9      3      1   1243     -1
      2     78      8      2     13      7     10      7      1   1177     -1
      2     78      8      2     14      3     12      3      1   1314     -1
      2     78      8      2     15      8     13      8      1   1030     -1
      2     78      8      2     16      7     12      7      1   3664     -1
      2     78      9      1      1      1     16      1      1   1473   5627
      2     78      9      1      2      5     14      5      1   1655   2844
      2     78      9      1      3      6     13      6      1    754   1949
      2     78      9      1      4      2      9      2      1   1686   1469
      2     78      9      1      5      1      9      4      0    936    724
      2     78      9      1      6      1      9      1      1   3037   1551
      2     78      9      1      7      2     13      4      0   1578   2108
      2     78      9      1      8      4      3      4      1   3507   3918
      2     78      9      1      9      7      7      7      1    988   1386
      2     78      9      1     10      3     14      3      1   1786   1056
      2     78      9      1     11      4      1      1      0   3041   1979
      2     78      9      1     12      3     10      3      1   1095   2439
      2     78      9      1     13      1      9      1      1   2262   2721
      2     78      9      1     14      1     16      1      1    934   1670
      2     78      9      1     15      2      9      2      1   1443   1596
      2     78      9      1     16      7      6      7      1   1411   1726
      2     78      9      2      1      4     11      2      0   2876     -1
      2     78      9      2      2      2      6      2      1   1127     -1
      2     78      9      2      3      5     16      5      1   1191     -1
      2     78      9      2      4      1      1      3      0   3231     -1
      2     78      9      2      5      6      7      6      1   1176     -1
      2     78      9      2      6      5      7      5      1   1129     -1
      2     78      9      2      7      4     12      4      1   8458     -1
      2     78      9      2      8      7     14      7      1   1610     -1
      2     78      9      2      9      3      2      3      1   1031     -1
      2     78      9      2     10      7      5      7      1   1276     -1
      2     78      9      2     11      1      5      1      1   1462     -1
      2     78      9      2     12      2      4      2      1   1259     -1
      2     78      9      2     13      8      9      8      1   1060     -1
      2     78      9      2     14      8      2      8      1   1027     -1
      2     78      9      2     15      3     16      3      1   5310     -1
      2     78      9      2     16      6     12      6      1   1314     -1
