      1    150      1      1      1      1     11      2      0   5685
      1    150      1      1      2      2      9      3      0   3724
      1    150      1      1      3      5      9      5      1   2519
      1    150      1      1      4      7     10      3      0   3676
      1    150      1      1      5      6      7      4      0   3950
      1    150      1      1      6      3      6      3      1   3996
      1    150      1      1      7      4     13      4      1   2059
      1    150      1      1      8      4      5      8      0   3018
      1    150      1      1      9      1      7      8      0   1275
      1    150      1      1     10      2     14      6      0   3897
      1    150      1      1     11      8      8      3      0   3896
      1    150      1      1     12      7      2      7      1   2968
      1    150      1      1     13      6     12      2      0   2435
      1    150      1      1     14      5     16      5      1   2148
      1    150      1      1     15      8      5      8      1   3129
      1    150      1      1     16      3     11      3      1   2411
      1    150      1      2      1      6     15      6      1   6105
      1    150      1      2      2      4      3      1      0   3061
      1    150      1      2      3      1     10      7      0   4496
      1    150      1      2      4      7     16      4      0   3312
      1    150      1      2      5      5      4      5      1   1746
      1    150      1      2      6      3      9      7      0   4979
      1    150      1      2      7      4     11      2      0   2296
      1    150      1      2      8      2      4      4      0   4196
      1    150      1      2      9      8     13      8      1   1896
      1    150      1      2     10      7      4      6      0   5812
      1    150      1      2     11      5     10      5      1   2963
      1    150      1      2     12      2      1      1      0   2062
      1    150      1      2     13      1      2      7      0   7029
      1    150      1      2     14      6      3      4      0   4513
      1    150      1      2     15      3      2      3      1   5379
      1    150      1      2     16      8      9      8      1   1946
      1    150      2      1      1      1      6      2      0   3616
      1    150      2      1      2      3     13      7      0   4522
      1    150      2      1      3      8      2      8      1   1520
      1    150      2      1      4      1      5      6      0   3247
      1    150      2      1      5      5      2      5      1   1553
      1    150      2      1      6      7     14      1      0   2146
      1    150      2      1      7      2      6      5      0   1760
      1    150      2      1      8      4     15      7      0   3679
      1    150      2      1      9      3     12      1      0   3439
      1    150      2      1     10      7     12      6      0   2223
      1    150      2      1     11      5      5      5      1   1500
      1    150      2      1     12      6      5      3      0   2257
      1    150      2      1     13      4      9      5      0   7200
      1    150      2      1     14      2      2      3      0   1625
      1    150      2      1     15      8     15      8      1   1231
      1    150      2      1     16      6     16      6      1   2483
      1    150      2      2      1      2      5      2      1   3812
      1    150      2      2      2      5      7      5      1   2663
      1    150      2      2      3      6     11      6      1   4564
      1    150      2      2      4      7     15      4      0   3597
      1    150      2      2      5      1      4      1      1   4196
      1    150      2      2      6      4     16      1      0   2379
      1    150      2      2      7      3     16      2      0   1312
      1    150      2      2      8      8      6      8      1   1179
      1    150      2      2      9      8     16      8      1   1162
      1    150      2      2     10      2      3      3      0   1995
      1    150      2      2     11      1     14      7      0   2396
      1    150      2      2     12      6      9      6      1   2113
      1    150      2      2     13      4     14      2      0   2379
      1    150      2      2     14      7      7      1      0   4363
      1    150      2      2     15      3      7      3      1   1813
      1    150      2      2     16      5      6      5      1   1679
      1    150      3      1      1      3     10      1      0   3082
      1    150      3      1      2      6     13      6      1   3158
      1    150      3      1      3      2     13      2      1   1929
      1    150      3      1      4      1     16      4      0   1697
      1    150      3      1      5      2     10      7      0   3105
      1    150      3      1      6      5     12      5      1   1066
      1    150      3      1      7      8     10      8      1   1816
      1    150      3      1      8      6     10      4      0   3414
      1    150      3      1      9      4     12      1      0   1425
      1    150      3      1     10      8      4      8      1   1214
      1    150      3      1     11      5      8      5      1   1019
      1    150      3      1     12      7     13      6      0   2808
      1    150      3      1     13      4     10      1      0   1841
      1    150      3      1     14      1      3      2      0   1067
      1    150      3      1     15      3     15      2      0   1402
      1    150      3      1     16      7      6      6      0   1858
      1    150      3      2      1      3      8      3      1   4479
      1    150      3      2      2      4      1      4      1   1780
      1    150      3      2      3      2     16      1      0   1796
      1    150      3      2      4      7      5      1      0   4113
      1    150      3      2      5      5     14      5      1    996
      1    150      3      2      6      6      8      6      1   1581
      1    150      3      2      7      7      8      7      1   1396
      1    150      3      2      8      4      8      2      0   1964
      1    150      3      2      9      5     11      5      1   1029
      1    150      3      2     10      8      3      8      1   1413
      1    150      3      2     11      6      6      6      1   6346
      1    150      3      2     12      1      1      3      0   1798
      1    150      3      2     13      3     14      2      0   1846
      1    150      3      2     14      1      9      1      1   2196
      1    150      3      2     15      2      8      4      0   1678
      1    150      3      2     16      8     14      8      1   1596
      1    150      4      1      1      6      7      6      1   6630
      1    150      4      1      2      7     12      7      1   1954
      1    150      4      1      3      8     15      8      1   1283
      1    150      4      1      4      7     14      3      0   2541
      1    150      4      1      5      1     16      3      0   2391
      1    150      4      1      6      5     16      5      1   1213
      1    150      4      1      7      5      2      5      1    953
      1    150      4      1      8      4      9      4      1   2561
      1    150      4      1      9      6     12      3      0   3448
      1    150      4      1     10      1      3      2      0   2116
      1    150      4      1     11      3     10      3      1   1487
      1    150      4      1     12      3     13      7      0   2542
      1    150      4      1     13      2      2      1      0   1772
      1    150      4      1     14      4      5      7      0   8566
      1    150      4      1     15      8      4      8      1   1566
      1    150      4      1     16      2     14      4      0   1917
      1    150      4      2      1      3      8      7      0  14246
      1    150      4      2      2      6     15      6      1   2646
      1    150      4      2      3      8     13      8      1   2762
      1    150      4      2      4      5     10      5      1   1796
      1    150      4      2      5      5      6      5      1   1148
      1    150      4      2      6      1     14      2      0   3363
      1    150      4      2      7      2     16      1      0   2662
      1    150      4      2      8      4      8      4      1   1446
      1    150      4      2      9      2      8      2      1   1862
      1    150      4      2     10      4     11      1      0   1113
      1    150      4      2     11      8      6      8      1   1563
      1    150      4      2     12      6      9      6      1   1614
      1    150      4      2     13      1      2      3      0   2462
      1    150      4      2     14      7      5      4      0   1562
      1    150      4      2     15      7      7      7      1    963
      1    150      4      2     16      3      7      3      1   2013
      1    150      5      1      1      7     10      6      0   1791
      1    150      5      1      2      6     16      3      0   2746
      1    150      5      1      3      3     15      7      0   1799
      1    150      5      1      4      3     12      7      0   2503
      1    150      5      1      5      5      8      5      1   1062
      1    150      5      1      6      2      6      2      1   1729
      1    150      5      1      7      5     12      5      1   1793
      1    150      5      1      8      4     10      4      1   2293
      1    150      5      1      9      4     12      1      0   1280
      1    150      5      1     10      8      8      2      0   3053
      1    150      5      1     11      1      7      3      0   2349
      1    150      5      1     12      8      5      8      1   1711
      1    150      5      1     13      6     13      6      1   3039
      1    150      5      1     14      1      6      2      0   1706
      1    150      5      1     15      2     10      4      0   2109
      1    150      5      1     16      7     13      7      1   1348
      1    150      5      2      1      6     11      6      1   5379
      1    150      5      2      2      8      3      8      1   1247
      1    150      5      2      3      2      3      1      0   2512
      1    150      5      2      4      3     14      3      1   2113
      1    150      5      2      5      1      1      1      1   3663
      1    150      5      2      6      3      9      3      1   2530
      1    150      5      2      7      8      9      8      1   1396
      1    150      5      2      8      4     14      2      0   2313
      1    150      5      2      9      2      1      2      1    879
      1    150      5      2     10      4      3      4      1   1679
      1    150      5      2     11      1     10      4      0   1880
      1    150      5      2     12      7      4      3      0   3062
      1    150      5      2     13      5     11      5      1   1163
      1    150      5      2     14      5      7      5      1   1296
      1    150      5      2     15      6      6      6      1   2646
      1    150      5      2     16      7     15      7      1   1229
      1    150      6      1      1      6      5      6      1   2556
      1    150      6      1      2      2     13      2      1   1442
      1    150      6      1      3      1     11      1      1   3691
      1    150      6      1      4      2      9      2      1   1520
      1    150      6      1      5      7      6      7      1   1538
      1    150      6      1      6      6     10      6      1   1801
      1    150      6      1      7      8      2      8      1   2618
      1    150      6      1      8      7      2      7      1   1108
      1    150      6      1      9      5      5      5      1   1204
      1    150      6      1     10      4     13      3      0   3142
      1    150      6      1     11      4     15      3      0   1711
      1    150      6      1     12      5      9      5      1   1156
      1    150      6      1     13      8     10      8      1   1534
      1    150      6      1     14      1      5      6      0   1831
      1    150      6      1     15      3     11      1      0   1957
      1    150      6      1     16      3      6      1      0   2681
      1    150      6      2      1      2      5      2      1   1746
      1    150      6      2      2      7      8      7      1   1746
      1    150      6      2      3      5     14      5      1   1012
      1    150      6      2      4      4      1      4      1   1380
      1    150      6      2      5      8     16      8      1   1046
      1    150      6      2      6      4     16      2      0   3562
      1    150      6      2      7      7     16      4      0   2579
      1    150      6      2      8      6      8      6      1   1346
      1    150      6      2      9      1      9      1      1   1513
      1    150      6      2     10      1      4      4      0   2163
      1    150      6      2     11      2      4      2      1   1096
      1    150      6      2     12      3      2      3      1   3229
      1    150      6      2     13      6      3      6      1   1413
      1    150      6      2     14      8     14      8      1   1346
      1    150      6      2     15      3     16      3      1   1047
      1    150      6      2     16      5      4      5      1   1196
      1    150      7      1      1      3     11      3      1   4537
      1    150      7      1      2      4     15      4      1   2959
      1    150      7      1      3      5      5      5      1   1592
      1    150      7      1      4      8     15      8      1   1181
      1    150      7      1      5      7     13      7      1   2082
      1    150      7      1      6      2     10      2      1   1524
      1    150      7      1      7      4      9      4      1   1534
      1    150      7      1      8      1      3      1      1   2522
      1    150      7      1      9      2     14      4      0   2071
      1    150      7      1     10      7     10      7      1   1462
      1    150      7      1     11      6     10      6      1   3330
      1    150      7      1     12      8      2      8      1   1237
      1    150      7      1     13      6     13      6      1   1636
      1    150      7      1     14      5     16      5      1   1147
      1    150      7      1     15      1     11      1      1   2566
      1    150      7      1     16      3     10      3      1   2314
      1    150      7      2      1      6      8      6      1   1246
      1    150      7      2      2      3     16      3      1   1079
      1    150      7      2      3      2      4      2      1   1262
      1    150      7      2      4      1      9      1      1   1964
      1    150      7      2      5      4     14      1      0   3995
      1    150      7      2      6      7      8      7      1   1146
      1    150      7      2      7      2      5      2      1   1079
      1    150      7      2      8      7      5      7      1   1596
      1    150      7      2      9      6      9      6      1   1463
      1    150      7      2     10      1     10      4      0   3247
      1    150      7      2     11      4      3      4      1   2379
      1    150      7      2     12      5      6      5      1    946
      1    150      7      2     13      8      3      8      1   1079
      1    150      7      2     14      8     13      8      1   1496
      1    150      7      2     15      5     14      5      1    979
      1    150      7      2     16      3      8      3      1   1946
      1    150      8      1      1      4      5      4      1   3105
      1    150      8      1      2      1      6      3      0   2341
      1    150      8      1      3      7     12      6      0   1048
      1    150      8      1      4      5      8      5      1   1438
      1    150      8      1      5      7     14      7      1   2439
      1    150      8      1      6      3      6      3      1     78
      1    150      8      1      7      2      6      1      0   1684
      1    150      8      1      8      2      2      2      1   1794
      1    150      8      1      9      8      5      8      1   1004
      1    150      8      1     10      6      7      6      1   1029
      1    150      8      1     11      6     12      3      0   2086
      1    150      8      1     12      1      5      7      0   1583
      1    150      8      1     13      3     15      6      0   3185
      1    150      8      1     14      5      9      5      1   1564
      1    150      8      1     15      8      8      8      1   1177
      1    150      8      1     16      4     12      1      0   1673
      1    150      8      2      1      5     11      5      1   1096
      1    150      8      2      2      7      4      3      0  13996
      1    150      8      2      3      6      3      6      1   1380
      1    150      8      2      4      8      9      8      1    946
      1    150      8      2      5      3     14      3      1   1498
      1    150      8      2      6      4     16      4      1   1797
      1    150      8      2      7      8     14      8      1    929
      1    150      8      2      8      6     11      6      1   1645
      1    150      8      2      9      3      7      3      1   1030
      1    150      8      2     10      5      7      5      1   1413
      1    150      8      2     11      4     11      2      0   1229
      1    150      8      2     12      1      4      4      0   1279
      1    150      8      2     13      7      7      7      1   1115
      1    150      8      2     14      1      1      3      0   1213
      1    150      8      2     15      2      8      2      1   1395
      1    150      8      2     16      2     16      1      0    996
      1    150      9      1      1      1     16      6      0   2502
      1    150      9      1      2      3     12      3      1   1559
      1    150      9      1      3      4     10      4      1   1770
      1    150      9      1      4      1      7      3      0   1609
      1    150      9      1      5      2      9      2      1   1491
      1    150      9      1      6      5     12      5      1   1171
      1    150      9      1      7      4     13      6      0   1994
      1    150      9      1      8      3     13      6      0   1639
      1    150      9      1      9      7      6      7      1   1121
      1    150      9      1     10      8     10      8      1   1368
      1    150      9      1     11      6      5      3      0   2238
      1    150      9      1     12      8      4      8      1    896
      1    150      9      1     13      2     13      2      1   1433
      1    150      9      1     14      5      2      5      1   1308
      1    150      9      1     15      6     16      6      1   1926
      1    150      9      1     16      7      2      7      1   2222
      1    150      9      2      1      1     14      1      1   4046
      1    150      9      2      2      8     16      8      1   1430
      1    150      9      2      3      6      6      6      1   1630
      1    150      9      2      4      7     16      7      1   1313
      1    150      9      2      5      2      1      2      1    979
      1    150      9      2      6      3      9      3      1    796
      1    150      9      2      7      1      2      1      1   2845
      1    150      9      2      8      4      8      4      1   1013
      1    150      9      2      9      5      4      5      1   1196
      1    150      9      2     10      2      3      4      0   2030
      1    150      9      2     11      8      6      8      1   1346
      1    150      9      2     12      7     15      7      1   1746
      1    150      9      2     13      5     10      5      1   1112
      1    150      9      2     14      3      2      3      1   1296
      1    150      9      2     15      4      1      4      1   2429
      1    150      9      2     16      6     15      6      1   1446
