      1    180      1      1      1      6      6      4      0   2401
      1    180      1      1      2      3      7      5      0   2539
      1    180      1      1      3      8      9      8      1   2786
      1    180      1      1      4      1      7      2      0   4970
      1    180      1      1      5      3      6      1      0   2625
      1    180      1      1      6      1     14      4      0   1847
      1    180      1      1      7      8     13      7      0   4514
      1    180      1      1      8      7      8      2      0   2709
      1    180      1      1      9      5     16      5      1  19412
      1    180      1      1     10      4     15      4      1   1807
      1    180      1      1     11      4     12      6      0   3250
      1    180      1      1     12      5      8      5      1   1579
      1    180      1      1     13      2      2      3      0   4215
      1    180      1      1     14      7      5      1      0   3598
      1    180      1      1     15      6     11      5      0   7212
      1    180      1      1     16      2     16      2      1   4748
      1    180      1      2      1      4     11      2      0   2683
      1    180      1      2      2      1      2      7      0   2824
      1    180      1      2      3      7     12      1      0   4293
      1    180      1      2      4      6      7      6      1   2777
      1    180      1      2      5      5     10      5      1   1609
      1    180      1      2      6      6     15      6      1   2814
      1    180      1      2      7      3     14      4      0   5192
      1    180      1      2      8      8     14      8      1   1576
      1    180      1      2      9      7      7      6      0   2760
      1    180      1      2     10      4      5      4      1   1681
      1    180      1      2     11      1      9      3      0   3397
      1    180      1      2     12      2      1      3      0   1829
      1    180      1      2     13      2     14      8      0   1744
      1    180      1      2     14      8      5      8      1   1298
      1    180      1      2     15      3      9      4      0   5813
      1    180      1      2     16      5     14      5      1   1497
      1    180      2      1      1      3     15      4      0   1687
      1    180      2      1      2      5      6      5      1   1433
      1    180      2      1      3      1      5      1      1   2387
      1    180      2      1      4      2      6      3      0   1275
      1    180      2      1      5      8      8      8      1   1589
      1    180      2      1      6      2      5      2      1   1729
      1    180      2      1      7      8      4      8      1   1276
      1    180      2      1      8      7     10      1      0   1654
      1    180      2      1      9      1     10      1      1   1914
      1    180      2      1     10      4     16      3      0   1912
      1    180      2      1     11      5      4      5      1   1230
      1    180      2      1     12      4      8      2      0   3391
      1    180      2      1     13      7     15      6      0   1823
      1    180      2      1     14      3     10      6      0   3515
      1    180      2      1     15      6      3      1      0   3892
      1    180      2      1     16      6     10      6      1   2179
      1    180      2      2      1      8     16      8      1   1359
      1    180      2      2      2      1      1      4      0   8312
      1    180      2      2      3      3      2      1      0   2664
      1    180      2      2      4      2      9      2      1   1913
      1    180      2      2      5      7      4      7      1   3559
      1    180      2      2      6      2     10      2      1   3080
      1    180      2      2      7      1     11      3      0   3577
      1    180      2      2      8      4     13      1      0   3030
      1    180      2      2      9      6      5      6      1   1627
      1    180      2      2     10      8      3      8      1   1193
      1    180      2      2     11      4      1      3      0   2028
      1    180      2      2     12      6      8      6      1   1109
      1    180      2      2     13      7      6      7      1   1976
      1    180      2      2     14      3     16      4      0   1831
      1    180      2      2     15      5     11      5      1   1326
      1    180      2      2     16      5      2      5      1   1359
      1    180      3      1      1      4     10      3      0   7145
      1    180      3      1      2      5     12      5      1   1124
      1    180      3      1      3      6      9      6      1   1450
      1    180      3      1      4      2     13      3      0   1718
      1    180      3      1      5      3     13      6      0   2622
      1    180      3      1      6      5      5      5      1   2058
      1    180      3      1      7      3     12      7      0   3460
      1    180      3      1      8      7      2      6      0   2381
      1    180      3      1      9      1     16      1      1   2015
      1    180      3      1     10      8     10      8      1   2251
      1    180      3      1     11      1      4      1      1   2956
      1    180      3      1     12      2      8      2      1   1696
      1    180      3      1     13      7     14      3      0   2177
      1    180      3      1     14      6     13      6      1   2477
      1    180      3      1     15      8      6      8      1   1148
      1    180      3      1     16      4      9      4      1   1791
      1    180      3      2      1      8      2      8      1   1392
      1    180      3      2      2      6     12      6      1   2810
      1    180      3      2      3      4      3      1      0   4547
      1    180      3      2      4      1      6      1      1   2076
      1    180      3      2      5      5      7      5      1   1660
      1    180      3      2      6      7     16      6      0   3711
      1    180      3      2      7      8     15      8      1   1392
      1    180      3      2      8      5      9      5      1   1464
      1    180      3      2      9      1      3      4      0   2795
      1    180      3      2     10      3     11      1      0   2813
      1    180      3      2     11      3      8      5      0   4009
      1    180      3      2     12      7     13      6      0   2114
      1    180      3      2     13      6     16      2      0   1127
      1    180      3      2     14      4     14      4      1   6280
      1    180      3      2     15      2      4      2      1   1597
      1    180      3      2     16      2      3      3      0   1393
      1    180      4      1      1      2     13      2      1   1719
      1    180      4      1      2      8     13      8      1   1458
      1    180      4      1      3      6     13      6      1   1892
      1    180      4      1      4      5      6      5      1   2352
      1    180      4      1      5      5     12      5      1   1503
      1    180      4      1      6      3      7      1      0   1937
      1    180      4      1      7      3     10      1      0   1185
      1    180      4      1      8      7      8      6      0   1315
      1    180      4      1      9      7     14      7      1   2355
      1    180      4      1     10      4     16      4      1   1493
      1    180      4      1     11      6     10      6      1   1154
      1    180      4      1     12      8     10      8      1   1211
      1    180      4      1     13      4     15      3      0   4661
      1    180      4      1     14      1      7      1      1   2666
      1    180      4      1     15      2      5      2      1   1216
      1    180      4      1     16      1     16      3      0   4305
      1    180      4      2      1      7     16      6      0   4093
      1    180      4      2      2      3     16      3      1   4259
      1    180      4      2      3      4     14      4      1   1459
      1    180      4      2      4      1      6      7      0   6375
      1    180      4      2      5      8      3      8      1   1362
      1    180      4      2      6      2     10      2      1   1614
      1    180      4      2      7      3     14      3      1   3730
      1    180      4      2      8      5     10      5      1   1597
      1    180      4      2      9      8     16      8      1   1030
      1    180      4      2     10      5      9      5      1   1246
      1    180      4      2     11      6      8      6      1   1212
      1    180      4      2     12      7     13      6      0   1511
      1    180      4      2     13      4      3      4      1   7091
      1    180      4      2     14      6     12      6      1   1197
      1    180      4      2     15      1      2      3      0   4625
      1    180      4      2     16      2      1      2      1   1162
      1    180      5      1      1      3     15      3      1   2522
      1    180      5      1      2      4     12      4      1   1245
      1    180      5      1      3      7     15      6      0   1755
      1    180      5      1      4      3     13      7      0   2091
      1    180      5      1      5      8      4      8      1   1455
      1    180      5      1      6      1     10      7      0   4409
      1    180      5      1      7      8      8      8      1   1353
      1    180      5      1      8      1      5      1      1   1669
      1    180      5      1      9      6      6      6      1   1261
      1    180      5      1     10      4     10      4      1   4577
      1    180      5      1     11      2      2      2      1   1160
      1    180      5      1     12      5     16      5      1   1157
      1    180      5      1     13      5      8      5      1   1176
      1    180      5      1     14      7      5      7      1   1826
      1    180      5      1     15      2      6      2      1   1516
      1    180      5      1     16      6     11      5      0   3372
      1    180      5      2      1      1      9      3      0   4893
      1    180      5      2      2      4      1      3      0   4343
      1    180      5      2      3      5      2      5      1   1260
      1    180      5      2      4      2      3      3      0   4580
      1    180      5      2      5      4      5      4      1   2243
      1    180      5      2      6      7      7      7      1   1998
      1    180      5      2      7      8     15      8      1   1077
      1    180      5      2      8      2     14      8      0   1476
      1    180      5      2      9      1     11      1      1   3561
      1    180      5      2     10      5     11      5      1   1493
      1    180      5      2     11      8      2      8      1   1281
      1    180      5      2     12      3      2      7      0   3128
      1    180      5      2     13      6     15      6      1   3347
      1    180      5      2     14      7     12      7      1   2577
      1    180      5      2     15      3      9      3      1   1594
      1    180      5      2     16      6      5      6      1   1776
      1    180      6      1      1      5      4      5      1   1699
      1    180      6      1      2      2     16      4      0   1118
      1    180      6      1      3      3      6      3      1   1965
      1    180      6      1      4      3     12      3      1   1196
      1    180      6      1      5      1      4      1      1   1905
      1    180      6      1      6      4      9      4      1   3742
      1    180      6      1      7      8      6      8      1   1171
      1    180      6      1      8      7      2      7      1   1533
      1    180      6      1      9      6      3      6      1   1136
      1    180      6      1     10      4      8      4      1   1889
      1    180      6      1     11      7     10      7      1   1311
      1    180      6      1     12      8      9      8      1   1011
      1    180      6      1     13      2      8      2      1   1303
      1    180      6      1     14      1     14      1      1   1941
      1    180      6      1     15      5      5      5      1   1604
      1    180      6      1     16      6      9      6      1   1444
      1    180      6      2      1      4     13      3      0   4144
      1    180      6      2      2      7      6      7      1   1331
      1    180      6      2      3      4     11      4      1   2143
      1    180      6      2      4      2      9      2      1    996
      1    180      6      2      5      3      8      3      1   3364
      1    180      6      2      6      6     16      6      1   1514
      1    180      6      2      7      7      4      3      0   5164
      1    180      6      2      8      3     11      7      0   1864
      1    180      6      2      9      6      7      6      1   2298
      1    180      6      2     10      8      5      8      1   1709
      1    180      6      2     11      5      7      5      1   1793
      1    180      6      2     12      8     14      8      1   1426
      1    180      6      2     13      1      1      7      0   6397
      1    180      6      2     14      2      4      2      1   1147
      1    180      6      2     15      5     14      5      1   1211
      1    180      6      2     16      1      3      1      1   1776
      1    180      7      1      1      1     14      1      1   2056
      1    180      7      1      2      3     13      7      0   1056
      1    180      7      1      3      6      3      6      1    962
      1    180      7      1      4      7      2      7      1   1610
      1    180      7      1      5      6     10      6      1   1217
      1    180      7      1      6      2     13      2      1   1094
      1    180      7      1      7      5     16      5      1   1236
      1    180      7      1      8      3     15      3      1   2794
      1    180      7      1      9      2      8      2      1   1086
      1    180      7      1     10      8      4      8      1   1158
      1    180      7      1     11      4      8      4      1   1262
      1    180      7      1     12      1      4      1      1   1415
      1    180      7      1     13      8      6      8      1    980
      1    180      7      1     14      5      6      5      1   1313
      1    180      7      1     15      4     16      4      1   1548
      1    180      7      1     16      7     15      7      1   1181
      1    180      7      2      1      4      5      4      1   1510
      1    180      7      2      2      8     15      8      1    892
      1    180      7      2      3      2      9      2      1   1876
      1    180      7      2      4      1      3      1      1   1829
      1    180      7      2      5      7      6      7      1   7742
      1    180      7      2      6      1      9      1      1   1944
      1    180      7      2      7      5     14      5      1   1142
      1    180      7      2      8      6     12      6      1   1293
      1    180      7      2      9      4     14      4      1   1760
      1    180      7      2     10      8      3      8      1   1059
      1    180      7      2     11      3     14      3      1   4210
      1    180      7      2     12      2      1      2      1    913
      1    180      7      2     13      7     13      7      1   1142
      1    180      7      2     14      6     16      6      1   1676
      1    180      7      2     15      3     11      7      0   1343
      1    180      7      2     16      5     11      5      1   1114
      1    180      8      1      1      7     10      7      1   1583
      1    180      8      1      2      2      5      2      1   1102
      1    180      8      1      3      3     10      3      1   3180
      1    180      8      1      4      8     13      8      1   1163
      1    180      8      1      5      4     15      1      0   1718
      1    180      8      1      6      2     16      4      0   1574
      1    180      8      1      7      5      8      5      1   1322
      1    180      8      1      8      6      9      6      1   1086
      1    180      8      1      9      8     10      8      1   1065
      1    180      8      1     10      1     10      1      1   1275
      1    180      8      1     11      1      5      1      1   1480
      1    180      8      1     12      4     12      4      1   1325
      1    180      8      1     13      5      5      5      1   1038
      1    180      8      1     14      3      7      1      0   7065
      1    180      8      1     15      7      8      7      1    981
      1    180      8      1     16      6     11      6      1   2671
      1    180      8      2      1      8     14      8      1   1160
      1    180      8      2      2      3      2      3      1   2480
      1    180      8      2      3      2     14      8      0   1112
      1    180      8      2      4      2     10      2      1   1196
      1    180      8      2      5      8      5      8      1   1476
      1    180      8      2      6      5     10      5      1   1094
      1    180      8      2      7      1      2      1      1   2075
      1    180      8      2      8      4     11      4      1   1709
      1    180      8      2      9      4      1      7      0   5876
      1    180      8      2     10      3      9      3      1   2093
      1    180      8      2     11      6     15      6      1   1048
      1    180      8      2     12      5      7      5      1   1631
      1    180      8      2     13      6      8      6      1   1378
      1    180      8      2     14      7     12      7      1   1144
      1    180      8      2     15      1      6      1      1   1197
      1    180      8      2     16      7      4      3      0   1312
      1    180      9      1      1      8      8      8      1   1177
      1    180      9      1      2      8      9      8      1    976
      1    180      9      1      3      6      6      6      1   1004
      1    180      9      1      4      4      9      4      1   1590
      1    180      9      1      5      5      4      5      1   1875
      1    180      9      1      6      7      5      7      1   1380
      1    180      9      1      7      1     16      1      1   1400
      1    180      9      1      8      2      2      2      1   1108
      1    180      9      1      9      6     13      6      1   1518
      1    180      9      1     10      1      7      1      1   1288
      1    180      9      1     11      4     10      4      1   1075
      1    180      9      1     12      5     12      5      1   1153
      1    180      9      1     13      2      6      2      1   1050
      1    180      9      1     14      3      6      3      1   1517
      1    180      9      1     15      7     14      7      1   1097
      1    180      9      1     16      3     12      3      1   1073
      1    180      9      2      1      1      1      3      0   2144
      1    180      9      2      2      5      2      5      1   1445
      1    180      9      2      3      2      4      2      1   1226
      1    180      9      2      4      6      5      6      1   1131
      1    180      9      2      5      2      3      3      0   4160
      1    180      9      2      6      3      8      7      0   1343
      1    180      9      2      7      4      3      4      1   1228
      1    180      9      2      8      3     16      3      1   3963
      1    180      9      2      9      8      2      8      1   1127
      1    180      9      2     10      7     16      7      1   2326
      1    180      9      2     11      8     16      8      1   1130
      1    180      9      2     12      6      7      6      1   1576
      1    180      9      2     13      4     13      1      0   1696
      1    180      9      2     14      7      7      7      1   1294
      1    180      9      2     15      5      9      5      1    945
      1    180      9      2     16      1     11      1      1   1181
