      2    178      1      1      1      1     14      5      0   4705   2628
      2    178      1      1      2      6      9      3      0   1066   4077
      2    178      1      1      3      5      2      3      0    651   1040
      2    178      1      1      4      2      5      4      0   1433    994
      2    178      1      1      5      3      7      4      0   1914    780
      2    178      1      1      6      1     16      4      0   1162    557
      2    178      1      1      7      3      7      3      1    615   1012
      2    178      1      1      8      2      8      4      0    926    888
      2    178      1      1      9      6      3      4      0    648    916
      2    178      1      1     10      6      3      4      0    883    520
      2    178      1      1     11      1     16      3      0    568     61
      2    178      1      1     12      2     13      4      0    776    313
      2    178      1      1     13      6      3      3      0    395    771
      2    178      1      1     14      7     16      3      0    343    248
      2    178      1      1     15      1     16      7      0    526    102
      2    178      1      1     16      6      3      3      0    246     98
      2    178      1      2      1      1      2      2      0    793
      2    178      1      2      2      1      5      3      0    509
      2    178      1      2      3      2     10      2      1    543
      2    178      1      2      4      4      8      2      0    609
      2    178      1      2      5      8      2      2      0    625
      2    178      1      2      6      7      6      2      0    460
      2    178      1      2      7      2     14      8      0    545
      2    178      1      2      8      5      7      3      0    281
      2    178      1      2      9      8      6      2      0    561
      2    178      1      2     10      3      9      3      1    362
      2    178      1      2     11      4     16      2      0    330
      2    178      1      2     12      6     10      3      0    363
      2    178      1      2     13      5      5      2      0    428
      2    178      1      2     14      3      8      3      1    162
      2    178      1      2     15      7     12      2      0    462
      2    178      1      2     16      6     13      6      1    764
      2    178      2      1      1      6      3      3      0    733    145
      2    178      2      1      2      6      9      5      0    267    259
      2    178      2      1      3      8     15      3      0    536     58
      2    178      2      1      4      6      3      3      0    306    334
      2    178      2      1      5      5      4      3      0    152    681
      2    178      2      1      6      8     16      8      1   1151    749
      2    178      2      1      7      1     16      2      0   1398     14
      2    178      2      1      8      1     14      3      0    811     35
      2    178      2      1      9      1     16      2      0    383     78
      2    178      2      1     10      2     13      4      0    535    371
      2    178      2      1     11      1     16      6      0    804    204
      2    178      2      1     12      6      9      6      1    287    451
      2    178      2      1     13      6      3      4      0    488    172
      2    178      2      1     14      1     16      3      0    627    182
      2    178      2      1     15      3      7      7      0    809    118
      2    178      2      1     16      1     16      2      0    445    198
      2    178      2      2      1      4      1      3      0    447
      2    178      2      2      2      3     16      2      0   3629
      2    178      2      2      3      2      9      3      0    364
      2    178      2      2      4      5      8      2      0    330
      2    178      2      2      5      7      7      3      0    462
      2    178      2      2      6      8     13      4      0    462
      2    178      2      2      7      3     14      3      1    294
      2    178      2      2      8      1      4      3      0    647
      2    178      2      2      9      5     12      2      0    111
      2    178      2      2     10      4     12      7      0    727
      2    178      2      2     11      7      4      2      0    445
      2    178      2      2     12      1      6      3      0    377
      2    178      2      2     13      8     14      3      0    294
      2    178      2      2     14      6     16      3      0    445
      2    178      2      2     15      6      6      2      0    311
      2    178      2      2     16      2      3      3      0    428
      2    178      3      1      1      1     16      8      0   1028    362
      2    178      3      1      2      7     15      8      0    482    341
      2    178      3      1      3      4     13      7      0   1507   2202
      2    178      3      1      4      7     10      3      0   1300     94
      2    178      3      1      5      1     14      3      0    872    104
      2    178      3      1      6      1      3      7      0    628    214
      2    178      3      1      7      8     15      3      0    903    353
      2    178      3      1      8      1     14      3      0    230    228
      2    178      3      1      9      1     16      3      0    791     71
      2    178      3      1     10      1     14      3      0    429    344
      2    178      3      1     11      1     16      3      0    425     70
      2    178      3      1     12      1     16      3      0    290    137
      2    178      3      1     13      1     14      2      0    758    332
      2    178      3      1     14      1     14      3      0    613    622
      2    178      3      1     15      1     14      7      0    338    336
      2    178      3      1     16      1     16      3      0    318    290
      2    178      3      2      1      1     10      7      0    747
      2    178      3      2      2      8      9      2      0    577
      2    178      3      2      3      4      3      3      0    460
      2    178      3      2      4      7      2      2      0    395
      2    178      3      2      5      6      7      3      0    311
      2    178      3      2      6      3     10      2      0    345
      2    178      3      2      7      6      8      3      0    311
      2    178      3      2      8      2      2      3      0    744
      2    178      3      2      9      4      9      2      0    244
      2    178      3      2     10      1     11      3      0    343
      2    178      3      2     11      5     10      2      0    343
      2    178      3      2     12      2      4      3      0    493
      2    178      3      2     13      7      8      2      0    478
      2    178      3      2     14      5     11      7      0    794
      2    178      3      2     15      8      3      1      0   1028
      2    178      3      2     16      3     11      1      0   1495
      2    178      4      1      1      1     14      4      0    381    604
      2    178      4      1      2      1     16      3      0    280    113
      2    178      4      1      3      6      3      3      0    180    180
      2    178      4      1      4      1     16      3      0    800   1042
      2    178      4      1      5      7     14      6      0    954   1237
      2    178      4      1      6      7     10      2      0    519   1305
      2    178      4      1      7      4     10      5      0   1517    732
      2    178      4      1      8      1      7      8      0   1166   1160
      2    178      4      1      9      5     16      7      0   3316    767
      2    178      4      1     10      5     14      3      0   1618    928
      2    178      4      1     11      5     14      5      1   1602    846
      2    178      4      1     12      5     14      5      1    775    856
      2    178      4      1     13      5     14      5      1    965    916
      2    178      4      1     14      5     14      5      1   1509    789
      2    178      4      1     15      5     14      5      1    790    710
      2    178      4      1     16      5     14      6      0   1156    694
      2    178      4      2      1      3     14      4      0   2811
      2    178      4      2      2      8      3      8      1   1594
      2    178      4      2      3      6     13      2      0   1695
      2    178      4      2      4      7      8      3      0   1027
      2    178      4      2      5      4      1      7      0    727
      2    178      4      2      6      5     10      5      1   1077
      2    178      4      2      7      8     14      4      0    594
      2    178      4      2      8      4      8      3      0    410
      2    178      4      2      9      7     12      2      0    545
      2    178      4      2     10      1     11      7      0    977
      2    178      4      2     11      6     16      6      1    528
      2    178      4      2     12      1      4      2      0    493
      2    178      4      2     13      2     14      2      1   1443
      2    178      4      2     14      5      7      3      0    361
      2    178      4      2     15      2      9      3      0    376
      2    178      4      2     16      3     11      6      0    662
      2    178      5      1      1      8      8      7      0   1018    453
      2    178      5      1      2      1     16      2      0    580   1031
      2    178      5      1      3      8      8      2      0    894    264
      2    178      5      1      4      8     10      3      0    894    559
      2    178      5      1      5      5      4      2      0    397    113
      2    178      5      1      6      5      2      2      0    683    226
      2    178      5      1      7      5      4      3      0    379   2882
      2    178      5      1      8      6      3      1      0    424    235
      2    178      5      1      9      6      3      7      0    463    278
      2    178      5      1     10      7     13      3      0    604    369
      2    178      5      1     11      8      4      2      0    927   1115
      2    178      5      1     12      1     16      5      0    855    286
      2    178      5      1     13      1     16      6      0    762     99
      2    178      5      1     14      6      9      7      0    726    150
      2    178      5      1     15      5      4      5      1    846    672
      2    178      5      1     16      5     14      5      1   1009    756
      2    178      5      2      1      5     11      5      1   1562
      2    178      5      2      2      7      7      6      0    894
      2    178      5      2      3      1      6      7      0    460
      2    178      5      2      4      1      2      4      0    510
      2    178      5      2      5      8      2      2      0    444
      2    178      5      2      6      4      3      1      0    510
      2    178      5      2      7      6     10      3      0    628
      2    178      5      2      8      3     16      8      0    395
      2    178      5      2      9      2     10      7      0    710
      2    178      5      2     10      6      6      6      1    409
      2    178      5      2     11      4      9      2      0    677
      2    178      5      2     12      3      8      3      1    960
      2    178      5      2     13      2      3      3      0    245
      2    178      5      2     14      7      2      2      0    410
      2    178      5      2     15      5      8      3      0    278
      2    178      5      2     16      8     13      2      0    526
      2    178      6      1      1      3      7      2      0    413    458
      2    178      6      1      2      6      3      3      0   1313    507
      2    178      6      1      3      8     10      3      0    921   1383
      2    178      6      1      4      1     16      2      0    619    451
      2    178      6      1      5      4     11      8      0    496    605
      2    178      6      1      6      4     13      5      0    546   1293
      2    178      6      1      7      7     14      4      0   1240   1137
      2    178      6      1      8      1      9      8      0   1701   1503
      2    178      6      1      9      5      9      3      0    566    832
      2    178      6      1     10      5     16      2      0    901   1158
      2    178      6      1     11      5      2      5      1    944    888
      2    178      6      1     12      5      4      5      1    866   1587
      2    178      6      1     13      5     16      5      1    878   1166
      2    178      6      1     14      5     14      5      1   1142    822
      2    178      6      1     15      5      9      5      1    782    700
      2    178      6      1     16      5     16      5      1    796   3327
      2    178      6      2      1      2      2      3      0   1313
      2    178      6      2      2      6      8      2      0   1095
      2    178      6      2      3      3     10      3      1    810
      2    178      6      2      4      8      9      2      0    876
      2    178      6      2      5      3      9      3      1    798
      2    178      6      2      6      6      7      5      0   1827
      2    178      6      2      7      2      4      2      1   1077
      2    178      6      2      8      1      5      2      0    594
      2    178      6      2      9      5      5      5      1   1296
      2    178      6      2     10      4     16      2      0    911
      2    178      6      2     11      5     12      5      1    913
      2    178      6      2     12      8      6      2      0    593
      2    178      6      2     13      1     10      5      0    661
      2    178      6      2     14      7      4      2      0    895
      2    178      6      2     15      4     12      2      0    626
      2    178      6      2     16      7      6      2      0    876
      2    178      7      1      1      7     14      3      0   1319    976
      2    178      7      1      2      7     14      2      0   1778   2130
      2    178      7      1      3      7     14      4      0    906    760
      2    178      7      1      4      7     14      8      0   1208   1003
      2    178      7      1      5      7     14      7      1    718   1207
      2    178      7      1      6      7     15      6      0   2005   8877
      2    178      7      1      7      7     14      6      0   1870   3025
      2    178      7      1      8      7     14      7      1   1139   1120
      2    178      7      1      9      8     15      1      0   1349    618
      2    178      7      1     10      6      9      4      0   2188   2089
      2    178      7      1     11      6     11      2      0    849   7649
      2    178      7      1     12      6     11      8      0   1368    813
      2    178      7      1     13      6     11      1      0   1445    754
      2    178      7      1     14      6     11      6      1   1602    517
      2    178      7      1     15      6      5      6      1    967   1783
      2    178      7      1     16      3      7      6      0   1704  10013
      2    178      7      2      1      6     13      3      0   3247
      2    178      7      2      2      2     10      8      0   3061
      2    178      7      2      3      3     14      8      0   1295
      2    178      7      2      4      5     10      5      1   1476
      2    178      7      2      5      8      2      7      0   1161
      2    178      7      2      6      4     16      1      0   1811
      2    178      7      2      7      5     11      7      0    695
      2    178      7      2      8      7      6      7      1   1627
      2    178      7      2      9      7      8      6      0   4060
      2    178      7      2     10      6      6      6      1   1061
      2    178      7      2     11      2      3      2      1   1094
      2    178      7      2     12      8      3      3      0   1594
      2    178      7      2     13      1      6      3      0    762
      2    178      7      2     14      4     12      3      0    911
      2    178      7      2     15      3      9      7      0   2512
      2    178      7      2     16      1      5      4      0   2161
      2    178      8      1      1      6      3      7      0   1851   2601
      2    178      8      1      2      6      3      6      1    778    754
      2    178      8      1      3      5      6      5      1   1497   1801
      2    178      8      1      4      8      5      3      0   2250   1634
      2    178      8      1      5      8      5      2      0    633   1011
      2    178      8      1      6      8      5      1      0    951    469
      2    178      8      1      7      8      5      4      0   1000    553
      2    178      8      1      8      8      5      8      1   2492    871
      2    178      8      1      9      8     15      8      1   1285   1534
      2    178      8      1     10      8      4      8      1    860   2609
      2    178      8      1     11      8     16      8      1    791   6873
      2    178      8      1     12      2      1      4      0   1854   7416
      2    178      8      1     13      2      1      3      0   1105   1286
      2    178      8      1     14      2      1      1      0   7378    722
      2    178      8      1     15      2      1      2      1   1107   1202
      2    178      8      1     16      2      5      2      1    911    655
      2    178      8      2      1      6      8      6      1   1811
      2    178      8      2      2      5      7      6      0   1276
      2    178      8      2      3      3      8      7      0   1427
      2    178      8      2      4      2      9      2      1   1577
      2    178      8      2      5      7      7      7      1   3611
      2    178      8      2      6      3     16      4      0   1727
      2    178      8      2      7      1     11      2      0   3327
      2    178      8      2      8      8      6      8      1   1094
      2    178      8      2      9      4      3      2      0   1262
      2    178      8      2     10      7     12      7      1   2043
      2    178      8      2     11      1      4      2      0   2461
      2    178      8      2     12      2     14      8      0   1877
      2    178      8      2     13      8     14      8      1   1043
      2    178      8      2     14      4      9      4      1   3477
      2    178      8      2     15      5      5      5      1   2046
      2    178      8      2     16      6     10      5      0   3378
      2    178      9      1      1      2      8      2      1   1451   1354
      2    178      9      1      2      6     11      7      0   1193   2245
      2    178      9      1      3      6      9      6      1    943   1607
      2    178      9      1      4      6      3      6      1    995    654
      2    178      9      1      5      3     12      4      0   2088   6105
      2    178      9      1      6      3     13      3      1   5316    882
      2    178      9      1      7      1      7      3      0    837   1222
      2    178      9      1      8      3     13      7      0   3767    815
      2    178      9      1      9      3     13      6      0   1904   1156
      2    178      9      1     10      3     13      1      0   1380    950
      2    178      9      1     11      8     16      8      1    895   2885
      2    178      9      1     12      3      2      5      0   2389    858
      2    178      9      1     13      3      2      3      1    733    980
      2    178      9      1     14      1      9      2      0   1067   2026
      2    178      9      1     15      1      9      5      0   1327    770
      2    178      9      1     16      1      9      1      1   1316   1635
      2    178      9      2      1      6      7      6      1   1730
      2    178      9      2      2      4      1      1      0   2143
      2    178      9      2      3      5      8      5      1   1145
      2    178      9      2      4      4      8      4      1   2027
      2    178      9      2      5      6     16      2      0   1111
      2    178      9      2      6      3     11      5      0   1678
      2    178      9      2      7      1     10      5      0   1728
      2    178      9      2      8      2      4      2      1   1878
      2    178      9      2      9      1      2      2      0   2560
      2    178      9      2     10      5     12      5      1   1143
      2    178      9      2     11      2      2      2      1    994
      2    178      9      2     12      8      9      8      1   1011
      2    178      9      2     13      7      4      6      0   1910
      2    178      9      2     14      7      2      7      1   1195
      2    178      9      2     15      3     10      5      0   1744
      2    178      9      2     16      8     13      8      1   1078
