      1     29      1      1      1      8      2      2      0   4463
      1     29      1      1      2      6     13      6      1   5720
      1     29      1      1      3      6      9      4      0   4955
      1     29      1      1      4      3     12      1      0   5510
      1     29      1      1      5      1     11      7      0   2848
      1     29      1      1      6      7     10      6      0   2610
      1     29      1      1      7      8      6      4      0   2884
      1     29      1      1      8      4     11      5      0   1549
      1     29      1      1      9      3     11      6      0   6115
      1     29      1      1     10      2      6      5      0   1338
      1     29      1      1     11      4      5      7      0   5171
      1     29      1      1     12      1     14      3      0   5513
      1     29      1      1     13      7     16      4      0   2971
      1     29      1      1     14      5      9      5      1   1552
      1     29      1      1     15      5      6      3      0   1540
      1     29      1      1     16      2      4      4      0   4691
      1     29      1      2      1      7     12      7      1   2703
      1     29      1      2      2      2      1      2      1   2533
      1     29      1      2      3      6      3      3      0   1580
      1     29      1      2      4      3      2      6      0   4001
      1     29      1      2      5      6      7      6      1  15044
      1     29      1      2      6      4     15      8      0   3464
      1     29      1      2      7      5      5      5      1   1982
      1     29      1      2      8      3      7      1      0   7938
      1     29      1      2      9      1      5      1      1   1932
      1     29      1      2     10      8      8      4      0   4514
      1     29      1      2     11      1      6      1      1   2415
      1     29      1      2     12      7      2      7      1   3917
      1     29      1      2     13      4      9      5      0   2616
      1     29      1      2     14      8      3      8      1   1316
      1     29      1      2     15      5      7      5      1   1264
      1     29      1      2     16      2     13      2      1   1081
      1     29      2      1      1      7     15      7      1   6416
      1     29      2      1      2      6     11      3      0   5317
      1     29      2      1      3      4     14      4      1   1972
      1     29      2      1      4      6      5      6      1   1593
      1     29      2      1      5      5     12      5      1   1247
      1     29      2      1      6      5     10      5      1   2505
      1     29      2      1      7      1      2      2      0   3289
      1     29      2      1      8      3     15      4      0   6353
      1     29      2      1      9      7      6      1      0   7270
      1     29      2      1     10      1      7      3      0   1363
      1     29      2      1     11      2     16      2      1   1711
      1     29      2      1     12      3      8      6      0   1652
      1     29      2      1     13      4     12      2      0   1493
      1     29      2      1     14      2      8      2      1   1093
      1     29      2      1     15      8      9      8      1   1229
      1     29      2      1     16      8     10      7      0   2393
      1     29      2      2      1      1     16      1      1   2936
      1     29      2      2      2      5      8      5      1   1782
      1     29      2      2      3      4      1      1      0   4797
      1     29      2      2      4      3      6      3      1   1747
      1     29      2      2      5      3     14      6      0   1398
      1     29      2      2      6      2      9      2      1   2966
      1     29      2      2      7      6      8      7      0   3733
      1     29      2      2      8      5      2      5      1   1081
      1     29      2      2      9      8     14      8      1   1231
      1     29      2      2     10      8     13      8      1   1177
      1     29      2      2     11      4      3      4      1   2567
      1     29      2      2     12      7     14      1      0   4331
      1     29      2      2     13      7      4      1      0   2517
      1     29      2      2     14      2     10      2      1   1081
      1     29      2      2     15      1      3      1      1   1593
      1     29      2      2     16      6     15      3      0   1082
      1     29      3      1      1      8     15      8      1   1480
      1     29      3      1      2      3      9      7      0   1208
      1     29      3      1      3      5     14      5      1   1240
      1     29      3      1      4      2     14      2      1   1481
      1     29      3      1      5      3     13      3      1   4307
      1     29      3      1      6      7     13      7      1   1463
      1     29      3      1      7      8     16      8      1   2667
      1     29      3      1      8      1     10      1      1   1704
      1     29      3      1      9      2      5      2      1   1073
      1     29      3      1     10      7      7      7      1   2485
      1     29      3      1     11      4     16      2      0   1489
      1     29      3      1     12      6      6      6      1   6876
      1     29      3      1     13      1      9      1      1   2096
      1     29      3      1     14      6     16      3      0   2735
      1     29      3      1     15      4     10      2      0   3018
      1     29      3      1     16      5     11      5      1   1617
      1     29      3      2      1      4     13      4      1   9238
      1     29      3      2      2      7      8      7      1   1398
      1     29      3      2      3      7      5      7      1   3584
      1     29      3      2      4      2      2      1      0   2400
      1     29      3      2      5      5     16      5      1   1265
      1     29      3      2      6      3     10      3      1   5152
      1     29      3      2      7      3     16      3      1   4868
      1     29      3      2      8      6     10      6      1   1748
      1     29      3      2      9      5      4      5      1    960
      1     29      3      2     10      6     12      6      1   5898
      1     29      3      2     11      2      3      1      0   1799
      1     29      3      2     12      1      4      4      0   3295
      1     29      3      2     13      1      1      3      0   3801
      1     29      3      2     14      8      4      8      1   1165
      1     29      3      2     15      8      5      8      1    945
      1     29      3      2     16      4      8      4      1   4818
      1     29      4      1      1      2      8      2      1   4947
      1     29      4      1      2      8     10      3      0   4578
      1     29      4      1      3      4     12      2      0   2777
      1     29      4      1      4      5      6      5      1   1098
      1     29      4      1      5      3     15      3      1   1834
      1     29      4      1      6      7     16      6      0   3462
      1     29      4      1      7      1      9      1      1   1116
      1     29      4      1      8      8     16      8      1   1271
      1     29      4      1      9      7      6      7      1   1215
      1     29      4      1     10      6      6      6      1   2447
      1     29      4      1     11      4     11      1      0    947
      1     29      4      1     12      2      6      2      1    937
      1     29      4      1     13      1     14      6      0   2833
      1     29      4      1     14      6      9      6      1   1147
      1     29      4      1     15      5     12      5      1   1028
      1     29      4      1     16      3     11      7      0   4277
      1     29      4      2      1      8     13      8      1   1552
      1     29      4      2      2      4      9      4      1   5268
      1     29      4      2      3      7      8      7      1   1514
      1     29      4      2      4      5      8      5      1   1131
      1     29      4      2      5      5     16      5      1   1231
      1     29      4      2      6      1      3      1      1   1398
      1     29      4      2      7      6      3      6      1   1665
      1     29      4      2      8      8      4      8      1   1114
      1     29      4      2      9      2     10      2      1   1381
      1     29      4      2     10      2      3      1      0   1499
      1     29      4      2     11      7      2      7      1   4718
      1     29      4      2     12      4     15      3      0   1678
      1     29      4      2     13      3     16      3      1   2750
      1     29      4      2     14      6      8      6      1   1849
      1     29      4      2     15      3      2      4      0   5766
      1     29      4      2     16      1      4      4      0   2966
      1     29      5      1      1      3      8      4      0   1176
      1     29      5      1      2      1     10      1      1   1867
      1     29      5      1      3      8     15      8      1   1443
      1     29      5      1      4      2      4      2      1   1045
      1     29      5      1      5      4     16      4      1   1819
      1     29      5      1      6      7      7      7      1   1139
      1     29      5      1      7      7     10      7      1    976
      1     29      5      1      8      4     14      4      1   3607
      1     29      5      1      9      6     11      6      1   1452
      1     29      5      1     10      5     14      5      1   1661
      1     29      5      1     11      5     10      5      1   1245
      1     29      5      1     12      1      2      1      1   1916
      1     29      5      1     13      6     16      6      1   1414
      1     29      5      1     14      3     12      3      1   2130
      1     29      5      1     15      8      6      8      1   1179
      1     29      5      1     16      2     16      4      0   2120
      1     29      5      2      1      8      5      8      1   1316
      1     29      5      2      2      8      3      8      1    996
      1     29      5      2      3      7     14      1      0  10340
      1     29      5      2      4      5      2      5      1   1414
      1     29      5      2      5      4     13      6      0   7766
      1     29      5      2      6      3     10      4      0   5236
      1     29      5      2      7      2      1      2      1   1931
      1     29      5      2      8      6     10      6      1   1229
      1     29      5      2      9      6      7      6      1   1631
      1     29      5      2     10      3      6      7      0   2799
      1     29      5      2     11      2      9      2      1   1081
      1     29      5      2     12      5      5      5      1   1043
      1     29      5      2     13      1      6      1      1   1732
      1     29      5      2     14      1      1      3      0   2400
      1     29      5      2     15      4      1      1      0   2016
      1     29      5      2     16      7      4      6      0   2799
      1     29      6      1      1      3      9      3      1   1307
      1     29      6      1      2      7     13      7      1   1179
      1     29      6      1      3      2      5      2      1    825
      1     29      6      1      4      3     13      7      0   1208
      1     29      6      1      5      1      7      6      0   5973
      1     29      6      1      6      4      5      4      1   3532
      1     29      6      1      7      5      9      5      1   1003
      1     29      6      1      8      8      2      8      1   1101
      1     29      6      1      9      4     10      2      0   1963
      1     29      6      1     10      8      9      8      1   1246
      1     29      6      1     11      2     14      4      0   2949
      1     29      6      1     12      1     11      1      1   1145
      1     29      6      1     13      6      5      6      1   1828
      1     29      6      1     14      5     11      5      1   1149
      1     29      6      1     15      7     15      6      0   1571
      1     29      6      1     16      6     13      6      1   1236
      1     29      6      2      1      1      5      1      1   1134
      1     29      6      2      2      2     13      2      1   1681
      1     29      6      2      3      1     16      1      1   2248
      1     29      6      2      4      8      8      8      1   1360
      1     29      6      2      5      4      3      2      0   1882
      1     29      6      2      6      7     12      7      1   1093
      1     29      6      2      7      7      5      7      1   1350
      1     29      6      2      8      6     12      6      1   1082
      1     29      6      2      9      3      7      6      0   1327
      1     29      6      2     10      3     14      6      0   1480
      1     29      6      2     11      5      7      5      1    743
      1     29      6      2     12      5      4      5      1   1127
      1     29      6      2     13      8     14      8      1   1365
      1     29      6      2     14      2      2      1      0   2661
      1     29      6      2     15      4      8      4      1   1933
      1     29      6      2     16      6     15      6      1    998
      1     29      7      1      1      7      6      3      0    826
      1     29      7      1      2      7     10      7      1    793
      1     29      7      1      3      1      9      1      1   1075
      1     29      7      1      4      5     12      5      1    837
      1     29      7      1      5      3      8      3      1   1689
      1     29      7      1      6      4     12      2      0   3001
      1     29      7      1      7      3      9      3      1   2078
      1     29      7      1      8      5     11      5      1    908
      1     29      7      1      9      8     16      8      1   1064
      1     29      7      1     10      2     14      8      0    849
      1     29      7      1     11      6     11      6      1    960
      1     29      7      1     12      6     13      6      1    825
      1     29      7      1     13      2      4      2      1    779
      1     29      7      1     14      4     14      4      1   2051
      1     29      7      1     15      8      6      8      1    991
      1     29      7      1     16      1     11      1      1    914
      1     29      7      2      1      6     12      6      1    984
      1     29      7      2      2      5      2      5      1    781
      1     29      7      2      3      4     15      4      1   2066
      1     29      7      2      4      8      8      8      1   3099
      1     29      7      2      5      5     16      5      1    881
      1     29      7      2      6      2     13      2      1   1732
      1     29      7      2      7      7      8      7      1    994
      1     29      7      2      8      8      3      8      1   1098
      1     29      7      2      9      7      5      7      1   1715
      1     29      7      2     10      1      3      1      1    981
      1     29      7      2     11      2      3      1      0    982
      1     29      7      2     12      3     10      3      1   1415
      1     29      7      2     13      3      2      3      1    847
      1     29      7      2     14      1      6      1      1   1048
      1     29      7      2     15      6      8      6      1   1082
      1     29      7      2     16      4      1      1      0   1047
      1     29      8      1      1      5     10      5      1   1110
      1     29      8      1      2      7      7      7      1    999
      1     29      8      1      3      1     10      1      1    815
      1     29      8      1      4      1      2      1      1   1393
      1     29      8      1      5      2      6      1      0    666
      1     29      8      1      6      6      9      6      1   1438
      1     29      8      1      7      8     15      8      1   1132
      1     29      8      1      8      5     14      5      1   1083
      1     29      8      1      9      2      8      1      0    788
      1     29      8      1     10      6     16      6      1   1042
      1     29      8      1     11      8     10      8      1    975
      1     29      8      1     12      3     11      7      0   2294
      1     29      8      1     13      3     12      3      1    946
      1     29      8      1     14      4     11      1      0    911
      1     29      8      1     15      4     16      4      1   1812
      1     29      8      1     16      7     13      7      1    950
      1     29      8      2      1      6     10      6      1   3052
      1     29      8      2      2      8      5      8      1    993
      1     29      8      2      3      2     10      2      1   2082
      1     29      8      2      4      4      8      4      1   2612
      1     29      8      2      5      6      7      6      1   1027
      1     29      8      2      6      7     12      7      1   4018
      1     29      8      2      7      2      2      1      0    998
      1     29      8      2      8      3     16      6      0    982
      1     29      8      2      9      7      2      7      1   1226
      1     29      8      2     10      5      7      5      1    832
      1     29      8      2     11      1     16      1      1    797
      1     29      8      2     12      8      4      8      1    827
      1     29      8      2     13      4      3      1      0   2677
      1     29      8      2     14      5      8      5      1    898
      1     29      8      2     15      1      4      4      0   3500
      1     29      8      2     16      3      6      3      1    915
      1     29      9      1      1      5      9      5      1   1039
      1     29      9      1      2      7     15      7      1    782
      1     29      9      1      3      8      9      8      1    777
      1     29      9      1      4      1      7      1      1   4144
      1     29      9      1      5      3     15      3      1   1191
      1     29      9      1      6      1     14      4      0   2732
      1     29      9      1      7      7     16      6      0   6092
      1     29      9      1      8      5      6      5      1   1093
      1     29      9      1      9      8      2      8      1    897
      1     29      9      1     10      3     13      7      0   2048
      1     29      9      1     11      2      5      2      1    903
      1     29      9      1     12      2     16      4      0   2823
      1     29      9      1     13      4      5      4      1   8723
      1     29      9      1     14      4     10      4      1   1394
      1     29      9      1     15      6      6      6      1    999
      1     29      9      1     16      6      5      6      1   1223
      1     29      9      2      1      3      7      6      0   2168
      1     29      9      2      2      1      5      1      1   1065
      1     29      9      2      3      4      9      4      1   2083
      1     29      9      2      4      6      3      6      1   1213
      1     29      9      2      5      4     13      4      1   6620
      1     29      9      2      6      7     14      1      0   6971
      1     29      9      2      7      8     13      8      1   1014
      1     29      9      2      8      7      4      6      0   1999
      1     29      9      2      9      6     15      6      1   1498
      1     29      9      2     10      8     14      8      1   1165
      1     29      9      2     11      3     14      6      0   2732
      1     29      9      2     12      1      1      2      0   6983
      1     29      9      2     13      2      9      2      1    764
      1     29      9      2     14      5      5      5      1   1815
      1     29      9      2     15      2      1      2      1    915
      1     29      9      2     16      5      4      5      1    931
