      2     53      1      1      1      3      2      5      0   4056   2173
      2     53      1      1      2      5     11      5      1   2460   4548
      2     53      1      1      3      6     15      6      1   3330   6138
      2     53      1      1      4      7     13      1      0   4322   2037
      2     53      1      1      5      6     10      4      0   2614   3366
      2     53      1      1      6      2     10      4      0   2333   2568
      2     53      1      1      7      6     15      8      0   6495   6157
      2     53      1      1      8      3      2      3      1   1201   1923
      2     53      1      1      9      6     16      1      0   5358   1124
      2     53      1      1     10      5      4      5      1   3055   4563
      2     53      1      1     11      3      9      8      0   3399   3406
      2     53      1      1     12      3      8      3      1    869   3055
      2     53      1      1     13      5      6      1      0   5296   1705
      2     53      1      1     14      2      5      2      1   1463   3666
      2     53      1      1     15      8      4      4      0   3138   1938
      2     53      1      1     16      3      7      8      0   1249   2093
      2     53      1      2      1      3     15      6      0   5848     -1
      2     53      1      2      2      8     15      2      0   3572     -1
      2     53      1      2      3      6     12      3      0   2691     -1
      2     53      1      2      4      3     13      3      1   2608     -1
      2     53      1      2      5      4     13      4      1   2310     -1
      2     53      1      2      6      2      3      2      1   5358     -1
      2     53      1      2      7      7     14      8      0   2058     -1
      2     53      1      2      8      5     12      5      1   1659     -1
      2     53      1      2      9      8      3      2      0   1525     -1
      2     53      1      2     10      2      4      2      1   1307     -1
      2     53      1      2     11      5      9      5      1   1125     -1
      2     53      1      2     12      4      1      6      0   4679     -1
      2     53      1      2     13      1      4      4      0   2859     -1
      2     53      1      2     14      7      8      6      0   8159     -1
      2     53      1      2     15      1     16      4      0   4193     -1
      2     53      1      2     16      6      7      7      0   2827     -1
      2     53      2      1      1      4     14      4      1   2785   2968
      2     53      2      1      2      8      8      2      0   3784    780
      2     53      2      1      3      1      9      2      0   1676   1477
      2     53      2      1      4      6     15      7      0   2070    863
      2     53      2      1      5      5     14      5      1   2479    883
      2     53      2      1      6      7     10      8      0   2383   1029
      2     53      2      1      7      7     12      7      1   2475   1659
      2     53      2      1      8      2     13      2      1   1197   1196
      2     53      2      1      9      5     11      5      1    933   1158
      2     53      2      1     10      5      4      5      1   1072   1156
      2     53      2      1     11      8     13      2      0   1264   1028
      2     53      2      1     12      3      2      3      1   1479   1047
      2     53      2      1     13      5     16      5      1    927    967
      2     53      2      1     14      3      8      3      1    888    875
      2     53      2      1     15      2     16      2      1   1964    899
      2     53      2      1     16      5      7      5      1   1105   1300
      2     53      2      2      1      2      8      2      1   2978     -1
      2     53      2      2      2      5      2      5      1   1226     -1
      2     53      2      2      3      3     11      3      1   1842     -1
      2     53      2      2      4      2      1      2      1   1208     -1
      2     53      2      2      5      8      9      8      1   1608     -1
      2     53      2      2      6      5      8      5      1   1441     -1
      2     53      2      2      7      1      3      1      1   3341     -1
      2     53      2      2      8      7      6      6      0   3229     -1
      2     53      2      2      9      8      2      8      1   1859     -1
      2     53      2      2     10      4     15      4      1   2526     -1
      2     53      2      2     11      7      2      6      0   2209     -1
      2     53      2      2     12      4      3      3      0   2542     -1
      2     53      2      2     13      6      3      7      0   2676     -1
      2     53      2      2     14      1     11      2      0   1542     -1
      2     53      2      2     15      3     14      3      1   1359     -1
      2     53      2      2     16      6      5      3      0   1291     -1
      2     53      3      1      1      1     10      2      0   1144   3497
      2     53      3      1      2      1      1      3      0   4048   1047
      2     53      3      1      3      2      9      1      0    919    745
      2     53      3      1      4      6      8      7      0   3689   4347
      2     53      3      1      5      4     12      5      0   7805    628
      2     53      3      1      6      3      9      3      1    899   1240
      2     53      3      1      7      7      4      4      0   1770    763
      2     53      3      1      8      6     16      3      0   2483    964
      2     53      3      1      9      3     10      3      1   1066   1158
      2     53      3      1     10      4      8      2      0    902    750
      2     53      3      1     11      7      7      6      0   2592    838
      2     53      3      1     12      4      9      5      0   1591   1055
      2     53      3      1     13      8      5      8      1   1100   1221
      2     53      3      1     14      3     12      3      1    972    825
      2     53      3      1     15      4     16      2      0  20038    679
      2     53      3      1     16      8     16      8      1   1582   1485
      2     53      3      2      1      2      6      2      1   4394     -1
      2     53      3      2      2      7     16      7      1   3341     -1
      2     53      3      2      3      3     16      3      1   1075     -1
      2     53      3      2      4      2      2      1      0   1858     -1
      2     53      3      2      5      6     11      5      0   3009     -1
      2     53      3      2      6      6      9      7      0   2993     -1
      2     53      3      2      7      5      5      5      1   2259     -1
      2     53      3      2      8      1      7      3      0   1459     -1
      2     53      3      2      9      5     10      5      1   2243     -1
      2     53      3      2     10      4     11      4      1   3275     -1
      2     53      3      2     11      7     15      6      0   6980     -1
      2     53      3      2     12      3      6      3      1   3379     -1
      2     53      3      2     13      4     10      4      1   2742     -1
      2     53      3      2     14      8     10      8      1   1328     -1
      2     53      3      2     15      8      6      8      1   1276     -1
      2     53      3      2     16      1     14      1      1  15242     -1
      2     53      4      1      1      4      5      1      0   5967   1466
      2     53      4      1      2      7     13      6      0   2776   1294
      2     53      4      1      3      6      6      4      0   2707    970
      2     53      4      1      4      2     10      2      1   3913    934
      2     53      4      1      5      1      5      4      0   2512    770
      2     53      4      1      6      6     13      7      0   3130    885
      2     53      4      1      7      7      5      6      0   6762   1443
      2     53      4      1      8      8     14      8      1   1655   1324
      2     53      4      1      9      2      5      2      1   1832   1703
      2     53      4      1     10      1      2      1      1   2417   1406
      2     53      4      1     11      2     14      4      0   1307    907
      2     53      4      1     12      1      6      1      1   2297    686
      2     53      4      1     13      6     10      7      0   1094   3294
      2     53      4      1     14      5      6      5      1   1717    651
      2     53      4      1     15      8      4      8      1   1541    906
      2     53      4      1     16      3      7      3      1   1126   1136
      2     53      4      2      1      5      2      5      1   2028     -1
      2     53      4      2      2      6      7      6      1   6376     -1
      2     53      4      2      3      8      3      8      1   1161     -1
      2     53      4      2      4      7     16      7      1   4444     -1
      2     53      4      2      5      8      6      8      1   1558     -1
      2     53      4      2      6      6      9      7      0   5491     -1
      2     53      4      2      7      1     14      3      0   2276     -1
      2     53      4      2      8      2      3      2      1   1508     -1
      2     53      4      2      9      4      3      3      0   1340     -1
      2     53      4      2     10      3     16      3      1   1174     -1
      2     53      4      2     11      1      3      1      1   1625     -1
      2     53      4      2     12      4     15      4      1   6009     -1
      2     53      4      2     13      5      8      5      1    991     -1
      2     53      4      2     14      3     11      3      1   1625     -1
      2     53      4      2     15      2      6      2      1   2174     -1
      2     53      4      2     16      7      6      6      0   2490     -1
      2     53      5      1      1      4     14      4      1   2898   1224
      2     53      5      1      2      5     11      5      1   1341   1003
      2     53      5      1      3      1     10      1      1   1031   1900
      2     53      5      1      4      3     10      3      1    818   1060
      2     53      5      1      5      4      5      4      1   3680   1357
      2     53      5      1      6      2      5      2      1    723   2919
      2     53      5      1      7      8      8      2      0    777    804
      2     53      5      1      8      5      4      5      1    818   1012
      2     53      5      1      9      1      1      4      0   4093    917
      2     53      5      1     10      4      8      7      0   5514   1259
      2     53      5      1     11      7     13      6      0   3903   1091
      2     53      5      1     12      1      2      4      0   8879   2501
      2     53      5      1     13      1      9      1      1   1270   9788
      2     53      5      1     14      8     13      8      1   1377    756
      2     53      5      1     15      2      9      2      1   4835    747
      2     53      5      1     16      7      7      7      1   3261  11568
      2     53      5      2      1      8     10      8      1   1943     -1
      2     53      5      2      2      2      1      2      1   1175     -1
      2     53      5      2      3      1     11      1      1   1178     -1
      2     53      5      2      4      5     12      5      1   1041     -1
      2     53      5      2      5      7      8      7      1   1608     -1
      2     53      5      2      6      5      5      5      1   1559     -1
      2     53      5      2      7      2      8      2      1   2308     -1
      2     53      5      2      8      6      3      4      0   1558     -1
      2     53      5      2      9      8     15      8      1   1942     -1
      2     53      5      2     10      3      6      3      1   1197     -1
      2     53      5      2     11      6      5      3      0   1108     -1
      2     53      5      2     12      7     15      7      1   2042     -1
      2     53      5      2     13      3     15      6      0   1560     -1
      2     53      5      2     14      4      1      4      1   2575     -1
      2     53      5      2     15      1      4      1      1   1075     -1
      2     53      5      2     16      4     10      4      1   2757     -1
      2     53      6      1      1      6      6      6      1   1674   3569
      2     53      6      1      2      2     14      4      0   6661   1347
      2     53      6      1      3      6     15      6      1   1212   3359
      2     53      6      1      4      3      2      3      1    611    707
      2     53      6      1      5      6      8      6      1    752    718
      2     53      6      1      6      4      9      2      0   1260    525
      2     53      6      1      7      2     10      2      1    965    999
      2     53      6      1      8      1      6      1      1   1010    770
      2     53      6      1      9      5     14      5      1   1243   1052
      2     53      6      1     10      5     16      5      1    803    862
      2     53      6      1     11      4     12      1      0   1172    449
      2     53      6      1     12      8      5      8      1    700    780
      2     53      6      1     13      1      5      1      1    766    832
      2     53      6      1     14      6     10      7      0   4108   1378
      2     53      6      1     15      7     10      7      1   2712   2032
      2     53      6      1     16      3      8      3      1    776   1234
      2     53      6      2      1      4     13      4      1   4994     -1
      2     53      6      2      2      1      7      3      0   3325     -1
      2     53      6      2      3      3     14      3      1   1593     -1
      2     53      6      2      4      3     13      3      1   1209     -1
      2     53      6      2      5      6     11      6      1   1491     -1
      2     53      6      2      6      2      4      4      0   3358     -1
      2     53      6      2      7      5      9      5      1    991     -1
      2     53      6      2      8      4     11      2      0   4225     -1
      2     53      6      2      9      7      2      7      1   1807     -1
      2     53      6      2     10      7     14      6      0   3375     -1
      2     53      6      2     11      1     16      1      1   1626     -1
      2     53      6      2     12      2      2      2      1   2007     -1
      2     53      6      2     13      5     10      5      1   1091     -1
      2     53      6      2     14      8      2      8      1   1024     -1
      2     53      6      2     15      8      9      8      1    942     -1
      2     53      6      2     16      6     12      3      0   2163     -1
      2     53      7      1      1      4     12      4      1   2457  13393
      2     53      7      1      2      1      9      1      1    765   1356
      2     53      7      1      3      2      9      2      1   2038    675
      2     53      7      1      4      2     10      4      0   1488   1354
      2     53      7      1      5      7      5      7      1   1348   1899
      2     53      7      1      6      2     13      4      0   2306   2411
      2     53      7      1      7      1      1      1      1   2313  10055
      2     53      7      1      8      6      8      6      1   1358   1509
      2     53      7      1      9      1      5      1      1    987   1466
      2     53      7      1     10      1      6      1      1    866   1064
      2     53      7      1     11      3     12      3      1    993   1116
      2     53      7      1     12      3      9      3      1    704   1056
      2     53      7      1     13      4     16      4      1   3318   1489
      2     53      7      1     14      6      6      6      1   1004   1158
      2     53      7      1     15      6     10      6      1   1398   1228
      2     53      7      1     16      8      4      8      1   1086   1355
      2     53      7      2      1      2      2      2      1   5248     -1
      2     53      7      2      2      5     10      5      1   1343     -1
      2     53      7      2      3      5      8      5      1   1675     -1
      2     53      7      2      4      3     13      3      1    963     -1
      2     53      7      2      5      8      2      8      1   1242     -1
      2     53      7      2      6      6      5      3      0   1892     -1
      2     53      7      2      7      3     16      3      1   1258     -1
      2     53      7      2      8      7      8      7      1   1974     -1
      2     53      7      2      9      6      3      6      1   1591     -1
      2     53      7      2     10      2      1      2      1   2041     -1
      2     53      7      2     11      7      6      7      1   3325     -1
      2     53      7      2     12      8      3      8      1   1159     -1
      2     53      7      2     13      1      4      4      0   4242     -1
      2     53      7      2     14      4     13      4      1   6341     -1
      2     53      7      2     15      4     15      4      1   3826     -1
      2     53      7      2     16      1      7      3      0   1758     -1
      2     53      8      1      1      6     13      6      1  11498  16850
      2     53      8      1      2      5      6      5      1   1231   1552
      2     53      8      1      3      4     12      2      0   1758   1445
      2     53      8      1      4      2      9      2      1   1342   1381
      2     53      8      1      5      3     10      3      1   1937   5366
      2     53      8      1      6      2      5      4      0   1884   2010
      2     53      8      1      7      1      9      1      1   1063   2212
      2     53      8      1      8      5      7      5      1    794   1556
      2     53      8      1      9      3     12      3      1   1078   1607
      2     53      8      1     10      6      8      6      1   2611   1656
      2     53      8      1     11      6     16      6      1   1328   1095
      2     53      8      1     12      4     16      4      1   4738   3478
      2     53      8      1     13      8      5      8      1    506   1954
      2     53      8      1     14      4      9      4      1   3485    814
      2     53      8      1     15      7     13      7      1   1392   1530
      2     53      8      1     16      4      5      4      1   1690   1117
      2     53      8      2      1      3     15      3      1   4611     -1
      2     53      8      2      2      8     10      8      1   1308     -1
      2     53      8      2      3      4      3      3      0   1391     -1
      2     53      8      2      4      2      8      2      1   4743     -1
      2     53      8      2      5      8     15      8      1   1491     -1
      2     53      8      2      6      4      1      3      0   5225     -1
      2     53      8      2      7      1     16      1      1   2544     -1
      2     53      8      2      8      7     16      6      0   2226     -1
      2     53      8      2      9      5      2      5      1   2025     -1
      2     53      8      2     10      7     15      7      1   1476     -1
      2     53      8      2     11      6      7      6      1   1491     -1
      2     53      8      2     12      1     11      1      1   1942     -1
      2     53      8      2     13      6     11      6      1   3791     -1
      2     53      8      2     14      2      4      2      1   3458     -1
      2     53      8      2     15      5     12      5      1   1596     -1
      2     53      8      2     16      3      6      3      1   1441     -1
      2     53      9      1      1      2     13      2      1   1452   2012
      2     53      9      1      2      2     16      4      0   1067   1387
      2     53      9      1      3      3      9      3      1    605   1005
      2     53      9      1      4      8      5      8      1    622    925
      2     53      9      1      5      2     10      2      1    951    750
      2     53      9      1      6      2     14      4      0   3167   1466
      2     53      9      1      7      7     13      7      1   1193   1380
      2     53      9      1      8      3     10      3      1   1610    954
      2     53      9      1      9      1      1      4      0   7158   1219
      2     53      9      1     10      8     13      8      1   1272   2431
      2     53      9      1     11      6     15      6      1    918   1255
      2     53      9      1     12      5     16      5      1   2967   1174
      2     53      9      1     13      3      9      3      1   1745    920
      2     53      9      1     14      4     16      2      0   2018    996
      2     53      9      1     15      8     14      8      1   2656   1104
      2     53      9      1     16      8      4      8      1   1144   1201
      2     53      9      2      1      4     11      4      1   5446     -1
      2     53      9      2      2      6     12      3      0   8625     -1
      2     53      9      2      3      2      6      2      1   2092     -1
      2     53      9      2      4      8      9      8      1   1212     -1
      2     53      9      2      5      1     14      1      1   3608     -1
      2     53      9      2      6      2      3      2      1   2492     -1
      2     53      9      2      7      5      5      5      1   1662     -1
      2     53      9      2      8      6      9      6      1   2293     -1
      2     53      9      2      9      3     14      3      1   1142     -1
      2     53      9      2     10      7     14      4      0  11358     -1
      2     53      9      2     11      4     10      2      0   2141     -1
      2     53      9      2     12      7      2      7      1   1193     -1
      2     53      9      2     13      8      6      8      1   1124     -1
      2     53      9      2     14      5      9      5      1   1659     -1
      2     53      9      2     15      1      3      1      1   1624     -1
      2     53      9      2     16      3     11      3      1   1174     -1
