      2     19      1      1      1      3      8      4      0  10742   3754
      2     19      1      1      2      3      7      2      0   3546   3013
      2     19      1      1      3      2      5      1      0   5815   3495
      2     19      1      1      4      5     14      4      0   3942   6883
      2     19      1      1      5      5      7      5      1   1682   6558
      2     19      1      1      6      5      2      5      1   1320   1285
      2     19      1      1      7      2      1      2      1   3698   1633
      2     19      1      1      8      7      6      4      0   2323   2671
      2     19      1      1      9      3      6      1      0   5702   5803
      2     19      1      1     10      4     11      2      0   1682   3055
      2     19      1      1     11      2      9      2      1   3100   3844
      2     19      1      1     12      4      5      4      1   7375   1785
      2     19      1      1     13      8      4      7      0   2692   1919
      2     19      1      1     14      8     13      8      1   1945   2504
      2     19      1      1     15      6     16      6      1   3373   1953
      2     19      1      1     16      7      7      7      1   8411   3488
      2     19      1      2      1      5      8      5      1   3120     -1
      2     19      1      2      2      2      8      2      1   5875     -1
      2     19      1      2      3      1      2      1      1   4176     -1
      2     19      1      2      4      2     10      2      1  10827     -1
      2     19      1      2      5      7     16      4      0   7192     -1
      2     19      1      2      6      6      7      8      0   3925     -1
      2     19      1      2      7      1     10      2      0   4060     -1
      2     19      1      2      8      7      2      4      0   4494     -1
      2     19      1      2      9      5     12      3      0   5210     -1
      2     19      1      2     10      3     12      1      0  14677     -1
      2     19      1      2     11      4     14      7      0  10528     -1
      2     19      1      2     12      3     15      7      0   5012     -1
      2     19      1      2     13      6     15      8      0   7646     -1
      2     19      1      2     14      8      3      6      0   6643     -1
      2     19      1      2     15      4      8      2      0   2243     -1
      2     19      1      2     16      8      9      6      0   1578     -1
      2     19      2      1      1      8     14      6      0   1819   2792
      2     19      2      1      2      2      2      2      1   1808   3065
      2     19      2      1      3      5     16      5      1   1872   1281
      2     19      2      1      4      6     13      6      1   2213    964
      2     19      2      1      5      6      3      7      0   4170   1381
      2     19      2      1      6      4      3      7      0   3508   3308
      2     19      2      1      7      1     11      7      0   4192   5141
      2     19      2      1      8      4      9      8      0   7345   2162
      2     19      2      1      9      6     12      1      0   7078   4632
      2     19      2      1     10      6     13      6      1    809   3167
      2     19      2      1     11      1      5      8      0   3699   1911
      2     19      2      1     12      3     11      1      0   1347   1650
      2     19      2      1     13      6      6      3      0   3122   6079
      2     19      2      1     14      2     16      6      0   8280   2223
      2     19      2      1     15      5     14      5      1   1126    935
      2     19      2      1     16      4      5      3      0   1447   3272
      2     19      2      2      1      6     11      3      0   3013     -1
      2     19      2      2      2      1      6      4      0   3893     -1
      2     19      2      2      3      6      5      4      0   4095     -1
      2     19      2      2      4      2      3      7      0   6309     -1
      2     19      2      2      5      5     11      5      1   2515     -1
      2     19      2      2      6      1     14      7      0   3977     -1
      2     19      2      2      7      7      4      7      1   2977     -1
      2     19      2      2      8      7      5      4      0   4646     -1
      2     19      2      2      9      8     16      7      0   4111     -1
      2     19      2      2     10      2      4      2      1   1477     -1
      2     19      2      2     11      8     15      7      0   1377     -1
      2     19      2      2     12      3     13      4      0   2243     -1
      2     19      2      2     13      3     16      4      0   1942     -1
      2     19      2      2     14      4     13      8      0   4727     -1
      2     19      2      2     15      4      1      4      1   2461     -1
      2     19      2      2     16      5      4      5      1   1543     -1
      2     19      3      1      1      6      6      7      0   1779   1227
      2     19      3      1      2      6      6      6      1   1501    910
      2     19      3      1      3      7     15      4      0   1411   1522
      2     19      3      1      4      6      6      7      0   1424   3752
      2     19      3      1      5      2     14      7      0   3167   3923
      2     19      3      1      6      4     16      2      0  23643   3586
      2     19      3      1      7      5      6      5      1   1804   3021
      2     19      3      1      8      8      2      7      0   2000   1533
      2     19      3      1      9      8      4      8      1    918   3363
      2     19      3      1     10      3      7      4      0   2514   2027
      2     19      3      1     11      1      5      3      0   1538   9577
      2     19      3      1     12      3     10      1      0   1707   2523
      2     19      3      1     13      3     10      3      1   2204   5165
      2     19      3      1     14      1     16      1      1   1219   2743
      2     19      3      1     15      6      8      8      0   3375   1245
      2     19      3      1     16      7      6      6      0   1251  21608
      2     19      3      2      1      6      9      4      0  11512     -1
      2     19      3      2      2      4     10      6      0   3310     -1
      2     19      3      2      3      6     10      4      0   2079     -1
      2     19      3      2      4      3      9      3      1   2629     -1
      2     19      3      2      5      7     13      7      1   3227     -1
      2     19      3      2      6      7     10      7      1   3713     -1
      2     19      3      2      7      4     12      1      0   4078     -1
      2     19      3      2      8      1      7      1      1   1994     -1
      2     19      3      2      9      2     13      2      1   3826     -1
      2     19      3      2     10      2      6      2      1   1094     -1
      2     19      3      2     11      8     10      7      0   2676     -1
      2     19      3      2     12      5      5      5      1   2443     -1
      2     19      3      2     13      1      4      1      1   2479     -1
      2     19      3      2     14      5     10      5      1   1661     -1
      2     19      3      2     15      3     14      3      1   1694     -1
      2     19      3      2     16      8      5      7      0   1443     -1
      2     19      4      1      1      8      2      7      0   1275   1494
      2     19      4      1      2      8     13      8      1   2271   1612
      2     19      4      1      3      8      4      8      1    946   1339
      2     19      4      1      4      2      9      2      1    820   1348
      2     19      4      1      5      2      2      2      1   1849   4058
      2     19      4      1      6      3     10      4      0   1792   1327
      2     19      4      1      7      3     11      3      1    844   1423
      2     19      4      1      8      3      7      3      1   1070   1089
      2     19      4      1      9      1     16      1      1    943   3230
      2     19      4      1     10      1      5      1      1    918   1089
      2     19      4      1     11      6      6      7      0   1699    862
      2     19      4      1     12      6      3      6      1   1089   3037
      2     19      4      1     13      6     13      6      1   1828   2194
      2     19      4      1     14      6     16      6      1   1412   3421
      2     19      4      1     15      2     14      7      0   1502   1382
      2     19      4      1     16      4     16      2      0   1152    961
      2     19      4      2      1      2     13      4      0   3414     -1
      2     19      4      2      2      2      8      2      1   1976     -1
      2     19      4      2      3      6      5      6      1   2678     -1
      2     19      4      2      4      1     14      1      1   4244     -1
      2     19      4      2      5      4     13      7      0   3679     -1
      2     19      4      2      6      7      2      8      0   3994     -1
      2     19      4      2      7      6      9      6      1   2643     -1
      2     19      4      2      8      3      9      3      1   1561     -1
      2     19      4      2      9      7      4      3      0   6427     -1
      2     19      4      2     10      8      3      7      0   1460     -1
      2     19      4      2     11      1      4      1      1   1961     -1
      2     19      4      2     12      8     10      7      0   1144     -1
      2     19      4      2     13      4     14      4      1   3877     -1
      2     19      4      2     14      5      5      5      1   2210     -1
      2     19      4      2     15      5     12      5      1   1277     -1
      2     19      4      2     16      3     14      3      1   1648     -1
      2     19      5      1      1      8      6      7      0   1568   2909
      2     19      5      1      2      8     13      8      1    920   1187
      2     19      5      1      3      3     11      4      0   3603   1203
      2     19      5      1      4      6      6      7      0   1229   1030
      2     19      5      1      5      6      6      6      1    976   1361
      2     19      5      1      6      6     13      6      1   1035   3776
      2     19      5      1      7      6      3      6      1   1568   1498
      2     19      5      1      8      1      1      3      0   1924   1411
      2     19      5      1      9      7     15      4      0   1117   1090
      2     19      5      1     10      7      6      7      1   1300   1220
      2     19      5      1     11      7      7      7      1   1109   1294
      2     19      5      1     12      4      5      7      0   1070   1202
      2     19      5      1     13      4     16      4      1   1443   1506
      2     19      5      1     14      2     14      4      0    866   3368
      2     19      5      1     15      4     16      4      1   3984   1042
      2     19      5      1     16      4     15      3      0   7253   2677
      2     19      5      2      1      4      1      1      0   7979     -1
      2     19      5      2      2      5     10      5      1   1644     -1
      2     19      5      2      3      4     12      1      0   5043     -1
      2     19      5      2      4      3     16      3      1   1564     -1
      2     19      5      2      5      7     13      7      1   8495     -1
      2     19      5      2      6      6     15      6      1   2061     -1
      2     19      5      2      7      1      7      3      0   3179     -1
      2     19      5      2      8      5      8      5      1   1277     -1
      2     19      5      2      9      3     12      3      1   7411     -1
      2     19      5      2     10      2      6      2      1   1129     -1
      2     19      5      2     11      6     10      7      0   7327     -1
      2     19      5      2     12      1      6      1      1   8843     -1
      2     19      5      2     13      2      4      2      1   1693     -1
      2     19      5      2     14      8     16      8      1   1493     -1
      2     19      5      2     15      7      5      7      1   4877     -1
      2     19      5      2     16      8      9      8      1   1693     -1
      2     19      6      1      1      1      1      3      0   2543   2360
      2     19      6      1      2      4      5      7      0   2334   2253
      2     19      6      1      3      7      6      7      1   1434   4497
      2     19      6      1      4      7     15      7      1   1149   1158
      2     19      6      1      5      7     12      7      1   3016   1205
      2     19      6      1      6      7      8      7      1   1737   1904
      2     19      6      1      7      2     16      4      0   1678    966
      2     19      6      1      8      2      9      2      1   1776   1591
      2     19      6      1      9      2     16      2      1   1887    596
      2     19      6      1     10      3     10      3      1   1323   1086
      2     19      6      1     11      3      6      3      1   1312   1161
      2     19      6      1     12      6     12      6      1   1452   1843
      2     19      6      1     13      2     14      2      1   1659   1458
      2     19      6      1     14      3      2      3      1   1510   3178
      2     19      6      1     15      7      8      7      1   3459   1705
      2     19      6      1     16      6      8      6      1    920  12111
      2     19      6      2      1      8      5      8      1   4163     -1
      2     19      6      2      2      3     15      3      1   5411     -1
      2     19      6      2      3      4      8      6      0   9878     -1
      2     19      6      2      4      8     15      8      1   1244     -1
      2     19      6      2      5      7     10      7      1   3178     -1
      2     19      6      2      6      5     11      5      1   1193     -1
      2     19      6      2      7      2     10      4      0   4377     -1
      2     19      6      2      8      5      4      5      1   1193     -1
      2     19      6      2      9      1      2      1      1   4327     -1
      2     19      6      2     10      4     10      4      1  10494     -1
      2     19      6      2     11      6     11      6      1   1710     -1
      2     19      6      2     12      7     16      7      1   2077     -1
      2     19      6      2     13      6      7      6      1   2777     -1
      2     19      6      2     14      2      3      1      0   3693     -1
      2     19      6      2     15      3     13      6      0   1960     -1
      2     19      6      2     16      1     10      1      1   6544     -1
      2     19      7      1      1      2     16      4      0   1098   1994
      2     19      7      1      2      4     16      4      1   7799   2138
      2     19      7      1      3      4     15      6      0   1713   6113
      2     19      7      1      4      2     14      2      1   5149   2814
      2     19      7      1      5      8      8      8      1   1407   3133
      2     19      7      1      6      1      9      1      1   2091   1312
      2     19      7      1      7      4      3      3      0   1768   4644
      2     19      7      1      8      4      3      4      1   2571   1037
      2     19      7      1      9      4     16      4      1   2247   2257
      2     19      7      1     10      4     15      4      1   2751   3201
      2     19      7      1     11      4      3      4      1   2272   3198
      2     19      7      1     12      4     16      4      1   3384   1253
      2     19      7      1     13      7     15      7      1   1436   1792
      2     19      7      1     14      7      6      7      1   1556   2755
      2     19      7      1     15      1      5      1      1   1678   1113
      2     19      7      1     16      1      9      1      1   1825   6031
      2     19      7      2      1      1      4      1      1   1830     -1
      2     19      7      2      2      4     13      4      1   2011     -1
      2     19      7      2      3      3     14      3      1   1511     -1
      2     19      7      2      4      1      2      1      1   3112     -1
      2     19      7      2      5      2      3      1      0   5944     -1
      2     19      7      2      6      5      4      5      1   1361     -1
      2     19      7      2      7      3     16      3      1   1143     -1
      2     19      7      2      8      7     13      7      1   1412     -1
      2     19      7      2      9      4     12      4      1   6510     -1
      2     19      7      2     10      5     10      5      1   1360     -1
      2     19      7      2     11      7      5      7      1   1878     -1
      2     19      7      2     12      6      9      6      1   2328     -1
      2     19      7      2     13      8      3      8      1   1528     -1
      2     19      7      2     14      8     10      8      1   1927     -1
      2     19      7      2     15      2     13      2      1   4327     -1
      2     19      7      2     16      6      7      6      1   1594     -1
      2     19      8      1      1      2      2      2      1   1238   4644
      2     19      8      1      2      3      8      3      1    932   2273
      2     19      8      1      3      3      7      3      1   1154   1004
      2     19      8      1      4      2      5      2      1   1047    865
      2     19      8      1      5      4      5      7      0   1305   2218
      2     19      8      1      6      5      9      5      1   1899   1223
      2     19      8      1      7      4     16      4      1   2962   1406
      2     19      8      1      8      4     15      4      1   1531   1047
      2     19      8      1      9      2      9      2      1   1475   1690
      2     19      8      1     10      6     16      6      1    797    751
      2     19      8      1     11      6     13      6      1    949   1206
      2     19      8      1     12      5      2      5      1   1235   1548
      2     19      8      1     13      2      1      2      1   1162   1177
      2     19      8      1     14      7      6      7      1   1276    967
      2     19      8      1     15      3      6      3      1   5456    970
      2     19      8      1     16      4     11      2      0   2272    694
      2     19      8      2      1      8     16      8      1   2063     -1
      2     19      8      2      2      2      4      2      1   1410     -1
      2     19      8      2      3      1      7      3      0   6078     -1
      2     19      8      2      4      5     11      5      1   1260     -1
      2     19      8      2      5      2      8      2      1   2909     -1
      2     19      8      2      6      7      2      7      1   1211     -1
      2     19      8      2      7      6     15      6      1   1527     -1
      2     19      8      2      8      3     12      3      1   5910     -1
      2     19      8      2      9      4      1      1      0   3228     -1
      2     19      8      2     10      5      5      5      1   2127     -1
      2     19      8      2     11      6     10      7      0   4379     -1
      2     19      8      2     12      1      6      3      0   3210     -1
      2     19      8      2     13      8     15      8      1   1210     -1
      2     19      8      2     14      3      9      3      1   1444     -1
      2     19      8      2     15      7      4      3      0   3777     -1
      2     19      8      2     16      4     14      4      1   2112     -1
      2     19      9      1      1      6      6      6      1   2138   1054
      2     19      9      1      2      4     16      4      1   1338   2248
      2     19      9      1      3      6      6      6      1   1810   1247
      2     19      9      1      4      8      2      8      1   1162   1784
      2     19      9      1      5      1      3      1      1   2087   2429
      2     19      9      1      6      4      9      4      1   5549   2715
      2     19      9      1      7      8      8      8      1   1044   1541
      2     19      9      1      8      3     10      3      1   1740   1985
      2     19      9      1      9      4      9      4      1   2241   1198
      2     19      9      1     10      4     16      4      1   1573   1970
      2     19      9      1     11      7     14      6      0   3513   1455
      2     19      9      1     12      1      9      1      1   1133   7284
      2     19      9      1     13      7     12      7      1   1778   2716
      2     19      9      1     14      7     14      7      1   3486   2579
      2     19      9      1     15      3      2      3      1   1692   1132
      2     19      9      1     16      2     16      2      1   2766   2944
      2     19      9      2      1      7     10      7      1   3131     -1
      2     19      9      2      2      6     11      6      1   1394     -1
      2     19      9      2      3      8      9      8      1   1410     -1
      2     19      9      2      4      5      8      5      1   1294     -1
      2     19      9      2      5      6      5      6      1   2226     -1
      2     19      9      2      6      4     10      4      1   1894     -1
      2     19      9      2      7      8      5      8      1   1677     -1
      2     19      9      2      8      2      6      2      1   1311     -1
      2     19      9      2      9      7     16      7      1   3061     -1
      2     19      9      2     10      5     12      5      1   1261     -1
      2     19      9      2     11      1     10      1      1   1782     -1
      2     19      9      2     12      1     14      6      0   1444     -1
      2     19      9      2     13      3     15      3      1   2844     -1
      2     19      9      2     14      3     13      3      1   1245     -1
      2     19      9      2     15      2     10      2      1  16927     -1
      2     19      9      2     16      4      8      4      1  11427     -1
