      2    191      1      1      1      5      9      5      1   7422   7655
      2    191      1      1      2      5     16      5      1   1535   3689
      2    191      1      1      3      5      6      8      0   6175    986
      2    191      1      1      4      4     10      1      0   1694   2375
      2    191      1      1      5      1      6      1      1   1892   3237
      2    191      1      1      6      7      6      6      0   2514   2180
      2    191      1      1      7      8     14      2      0   1513   1869
      2    191      1      1      8      8     16      8      1   1565   2211
      2    191      1      1      9      1      7      1      1   1120   1646
      2    191      1      1     10      6      6      6      1   2150   1798
      2    191      1      1     11      4     13      3      0   1885   1782
      2    191      1      1     12      3     11      3      1   2226   6064
      2    191      1      1     13      6     15      2      0   3129   2716
      2    191      1      1     14      3      8      6      0   3030   1442
      2    191      1      1     15      7     16      5      0   3941   3003
      2    191      1      1     16      8      5      8      1   2548   1885
      2    191      1      2      1      5      5      5      1   2061
      2    191      1      2      2      8      2      8      1   1557
      2    191      1      2      3      3     16      1      0   4441
      2    191      1      2      4      3     15      7      0   5045
      2    191      1      2      5      8      6      8      1   2061
      2    191      1      2      6      6      9      5      0   4629
      2    191      1      2      7      4     16      6      0   4176
      2    191      1      2      8      4      1      3      0   3526
      2    191      1      2      9      5      2      5      1   1910
      2    191      1      2     10      2     14      8      0   3693
      2    191      1      2     11      1     16      3      0   3343
      2    191      1      2     12      1     14      7      0  10742
      2    191      1      2     13      7      8      4      0   3826
      2    191      1      2     14      2      3      2      1   4429
      2    191      1      2     15      7      4      6      0   2546
      2    191      1      2     16      6     16      2      0   8876
      2    191      2      1      1      3      7      3      1   2597   2610
      2    191      2      1      2      1      7      1      1   1061   1689
      2    191      2      1      3      3      8      2      0   5199   4801
      2    191      2      1      4      3     11      4      0   1314   4594
      2    191      2      1      5      3      9      3      1   1332   1882
      2    191      2      1      6      4     13      4      1    999   2702
      2    191      2      1      7      6      6      6      1   2385   1568
      2    191      2      1      8      8     13      8      1   1364   2406
      2    191      2      1      9      4     11      1      0   1544   2444
      2    191      2      1     10      2      1      1      0   2889   2841
      2    191      2      1     11      1     11      2      0   1587   2025
      2    191      2      1     12      4     10      8      0   1469   4223
      2    191      2      1     13      7      7      4      0   1456   2351
      2    191      2      1     14      1      5      7      0   4697   2180
      2    191      2      1     15      7     10      7      1   3187   5621
      2    191      2      1     16      7     15      7      1   1633   1392
      2    191      2      2      1      4      5      4      1   3113
      2    191      2      2      2      7     14      4      0   9076
      2    191      2      2      3      8     15      8      1   3863
      2    191      2      2      4      1      3      1      1   2160
      2    191      2      2      5      2      6      1      0   7642
      2    191      2      2      6      7      2      7      1   1728
      2    191      2      2      7      4     15      3      0   5397
      2    191      2      2      8      3     14      7      0   5529
      2    191      2      2      9      5     12      5      1   3094
      2    191      2      2     10      3      2      7      0   5142
      2    191      2      2     11      6     10      6      1   5875
      2    191      2      2     12      6      7      5      0   4729
      2    191      2      2     13      1      2      2      0   3725
      2    191      2      2     14      5     10      5      1   1379
      2    191      2      2     15      2     16      4      0   4426
      2    191      2      2     16      8      8      8      1   2692
      2    191      3      1      1      8      4      8      1   1251   1688
      2    191      3      1      2      1      5      3      0   4499    883
      2    191      3      1      3      1     10      2      0   2053   5042
      2    191      3      1      4      1      5      1      1    896   1001
      2    191      3      1      5      1     10      1      1   2027    691
      2    191      3      1      6      1      7      6      0   2865   2636
      2    191      3      1      7      7     15      7      1   1941   2614
      2    191      3      1      8      6     15      5      0   1262   1116
      2    191      3      1      9      6      8      6      1   2087   2107
      2    191      3      1     10      6      6      7      0   1518   2173
      2    191      3      1     11      7     15      7      1    981   1488
      2    191      3      1     12      6     11      5      0   1186   2076
      2    191      3      1     13      2      4      2      1   1291   3432
      2    191      3      1     14      2      5      2      1   4706   4399
      2    191      3      1     15      2      1      2      1   2560   2410
      2    191      3      1     16      2     10      2      1   1660   2052
      2    191      3      2      1      2      9      2      1   1462
      2    191      3      2      2      5     11      5      1   1160
      2    191      3      2      3      6     12      6      1   3010
      2    191      3      2      4      2     13      2      1   3709
      2    191      3      2      5      7      5      7      1   2662
      2    191      3      2      6      8      9      8      1   1496
      2    191      3      2      7      8     10      8      1   1075
      2    191      3      2      8      6     13      6      1   1527
      2    191      3      2      9      1      1      4      0   4810
      2    191      3      2     10      4      3      1      0   3641
      2    191      3      2     11      5      4      5      1   1062
      2    191      3      2     12      3     12      3      1   6377
      2    191      3      2     13      1      4      3      0   5126
      2    191      3      2     14      3      6      6      0   2609
      2    191      3      2     15      7     12      7      1   3642
      2    191      3      2     16      4     14      4      1   2692
      2    191      4      1      1      4     13      4      1   1334   1043
      2    191      4      1      2      3     13      6      0   2959   3708
      2    191      4      1      3      7     13      7      1   3193   5819
      2    191      4      1      4      3      8      6      0   2551   1159
      2    191      4      1      5      3     13      3      1   1601   2288
      2    191      4      1      6      7     16      3      0   1719   1336
      2    191      4      1      7      1      7      1      1   1118   4533
      2    191      4      1      8      3      7      3      1   1981   1639
      2    191      4      1      9      7     16      3      0   3567  14779
      2    191      4      1     10      7     15      7      1    903   1699
      2    191      4      1     11      7     16      7      1   1434    749
      2    191      4      1     12      4     12      2      0   3403   7486
      2    191      4      1     13      3      9      7      0   2911   5424
      2    191      4      1     14      6      6      7      0   2000  10634
      2    191      4      1     15      3     13      3      1   2488  34046
      2    191      4      1     16      4      9      4      1   6505   4826
      2    191      4      2      1      7     14      4      0   3064
      2    191      4      2      2      8      8      8      1   1308
      2    191      4      2      3      5     11      5      1    844
      2    191      4      2      4      3     14      3      1  10342
      2    191      4      2      5      2     13      2      1   1443
      2    191      4      2      6      1      3      2      0   2612
      2    191      4      2      7      6     13      6      1   2026
      2    191      4      2      8      6     10      6      1   1797
      2    191      4      2      9      8     10      8      1   1226
      2    191      4      2     10      3      6      7      0   4878
      2    191      4      2     11      4     15      4      1   1560
      2    191      4      2     12      2      6      2      1   1296
      2    191      4      2     13      5      4      5      1   1076
      2    191      4      2     14      4     14      4      1   2095
      2    191      4      2     15      1     16      3      0   7810
      2    191      4      2     16      7     12      7      1   4926
      2    191      5      1      1      4     13      4      1   1435   3280
      2    191      5      1      2      7     10      7      1   4044   1297
      2    191      5      1      3      4     11      1      0   1689   1121
      2    191      5      1      4      4     10      4      1   3313   3998
      2    191      5      1      5      4     13      4      1   2807   1414
      2    191      5      1      6      1      6      1      1   1250   1618
      2    191      5      1      7      2      1      2      1   1262   5565
      2    191      5      1      8      1     11      1      1   1842   1119
      2    191      5      1      9      4     12      3      0   2794   7622
      2    191      5      1     10      3     10      3      1   2561   3903
      2    191      5      1     11      7     13      7      1   2726   1513
      2    191      5      1     12      8      3      8      1   1436   8485
      2    191      5      1     13      4      8      3      0   1767   3567
      2    191      5      1     14      4     12      1      0   2263   1688
      2    191      5      1     15      2      8      2      1   1182   1342
      2    191      5      1     16      6      3      6      1   2375   6398
      2    191      5      2      1      8      6      8      1   1411
      2    191      5      2      2      1      2      4      0   5792
      2    191      5      2      3      8     15      8      1   1575
      2    191      5      2      4      7      4      3      0   9210
      2    191      5      2      5      3      2      3      1   9563
      2    191      5      2      6      7      5      7      1   4924
      2    191      5      2      7      4      3      4      1   6243
      2    191      5      2      8      2     14      4      0   4693
      2    191      5      2      9      1     14      3      0   9277
      2    191      5      2     10      2      3      4      0   3660
      2    191      5      2     11      5     12      5      1   1177
      2    191      5      2     12      3     15      3      1   8679
      2    191      5      2     13      6      7      6      1   3279
      2    191      5      2     14      4      5      4      1   4679
      2    191      5      2     15      6     12      6      1   1860
      2    191      5      2     16      5      5      5      1   1843
      2    191      6      1      1      1      5      1      1   4450   3635
      2    191      6      1      2      1      7      1      1    992   1004
      2    191      6      1      3      7     10      7      1   4058   1002
      2    191      6      1      4      4     10      3      0   2871   2662
      2    191      6      1      5      4     13      4      1   2188   1674
      2    191      6      1      6      1      6      1      1   1758    743
      2    191      6      1      7      4     11      4      1   1280   2173
      2    191      6      1      8      3      9      3      1   2933   3041
      2    191      6      1      9      3     13      3      1   1137   3839
      2    191      6      1     10      7      6      6      0   3489   1611
      2    191      6      1     11      3      8      3      1    834   6190
      2    191      6      1     12      2      2      2      1   1061   3263
      2    191      6      1     13      1      9      1      1   1471   5104
      2    191      6      1     14      1     11      1      1   1621   7756
      2    191      6      1     15      3     11      3      1   1508   1741
      2    191      6      1     16      2      1      2      1    958   2528
      2    191      6      2      1      5     10      5      1   1163
      2    191      6      2      2      7      2      3      0   5076
      2    191      6      2      3      2      9      2      1   1161
      2    191      6      2      4      1      4      4      0   1959
      2    191      6      2      5      6     16      6      1   2309
      2    191      6      2      6      5      2      5      1   1259
      2    191      6      2      7      8      9      8      1   1043
      2    191      6      2      8      4      1      4      1   7326
      2    191      6      2      9      2     16      4      0   1359
      2    191      6      2     10      3     12      3      1   1276
      2    191      6      2     11      1      1      4      0   7076
      2    191      6      2     12      7      8      7      1   3696
      2    191      6      2     13      4     16      4      1   2379
      2    191      6      2     14      3     16      3      1   3075
      2    191      6      2     15      8      2      8      1   1376
      2    191      6      2     16      6      9      6      1   1946
      2    191      7      1      1      4     13      4      1   5144   4422
      2    191      7      1      2      3     13      3      1    965   1454
      2    191      7      1      3      3     11      3      1   1138   1042
      2    191      7      1      4      3      9      3      1   1182   1098
      2    191      7      1      5      8     16      8      1   1901   4011
      2    191      7      1      6      8      4      8      1    959   2411
      2    191      7      1      7      2     10      2      1    901   3569
      2    191      7      1      8      4     11      1      0   2068   1242
      2    191      7      1      9      2      2      2      1   1254   1483
      2    191      7      1     10      2      5      2      1   1013   2147
      2    191      7      1     11      1      6      1      1    991   1186
      2    191      7      1     12      7     10      7      1   2086   1597
      2    191      7      1     13      8      3      8      1   1877   2002
      2    191      7      1     14      8     13      8      1   1157   1331
      2    191      7      1     15      7      7      7      1   1203   2551
      2    191      7      1     16      3     10      3      1   1054   1876
      2    191      7      2      1      8      9      8      1   1429
      2    191      7      2      2      6     12      6      1   2142
      2    191      7      2      3      7      8      7      1   1159
      2    191      7      2      4      3     12      3      1   1126
      2    191      7      2      5      4      5      4      1   4040
      2    191      7      2      6      1      4      4      0   1243
      2    191      7      2      7      2      9      2      1    927
      2    191      7      2      8      5     10      5      1    892
      2    191      7      2      9      3     15      3      1   1626
      2    191      7      2     10      5     11      5      1    878
      2    191      7      2     11      2     16      4      0   2862
      2    191      7      2     12      1      3      1      1   1643
      2    191      7      2     13      7      5      7      1   2046
      2    191      7      2     14      8     15      8      1   1029
      2    191      7      2     15      6      7      6      1   1110
      2    191      7      2     16      4     14      3      0   5175
      2    191      8      1      1      4     10      4      1   2311   4708
      2    191      8      1      2      1     10      1      1   1702   4581
      2    191      8      1      3      1      5      1      1    851   1434
      2    191      8      1      4      1      6      1      1   2215   6054
      2    191      8      1      5      1     11      1      1    980   1636
      2    191      8      1      6      1      7      3      0   2476   3788
      2    191      8      1      7      7     10      7      1   1391   1722
      2    191      8      1      8      7      7      7      1   1187   1548
      2    191      8      1      9      2      8      2      1    997   1389
      2    191      8      1     10      1      9      1      1   1725   3312
      2    191      8      1     11      1      6      1      1   1289   1598
      2    191      8      1     12      4     10      4      1   3165    720
      2    191      8      1     13      4      9      3      0   2812   5719
      2    191      8      1     14      4      8      4      1    998   1033
      2    191      8      1     15      1      9      1      1   1807   3662
      2    191      8      1     16      4      9      4      1   1015   2014
      2    191      8      2      1      3     14      3      1   3312
      2    191      8      2      2      5     12      5      1    943
      2    191      8      2      3      2      6      2      1   1392
      2    191      8      2      4      1     14      3      0   7176
      2    191      8      2      5      6     16      6      1    942
      2    191      8      2      6      7      2      7      1   1192
      2    191      8      2      7      2      3      4      0   3144
      2    191      8      2      8      1      2      3      0   3525
      2    191      8      2      9      6     10      6      1   1645
      2    191      8      2     10      7     14      4      0   3711
      2    191      8      2     11      8     10      8      1   1192
      2    191      8      2     12      5      2      5      1   1060
      2    191      8      2     13      4     15      4      1   5395
      2    191      8      2     14      4      3      3      0   5059
      2    191      8      2     15      3      6      7      0   3425
      2    191      8      2     16      8      6      8      1   1396
      2    191      9      1      1      4     13      4      1   4651   2819
      2    191      9      1      2      4     10      4      1    812    906
      2    191      9      1      3      4      9      4      1   2854   2041
      2    191      9      1      4      3     10      3      1   1640   5839
      2    191      9      1      5      1      7      1      1   1010   1919
      2    191      9      1      6      1     10      1      1   1230   1013
      2    191      9      1      7      1      5      1      1    946   2869
      2    191      9      1      8      2      2      2      1    889   1055
      2    191      9      1      9      4     11      4      1   3827    903
      2    191      9      1     10      7     10      7      1   1767   2418
      2    191      9      1     11      4      8      3      0   3169   1861
      2    191      9      1     12      7      7      7      1    992   3096
      2    191      9      1     13      4      8      4      1    953    747
      2    191      9      1     14      4      9      4      1    921    878
      2    191      9      1     15      1      6      1      1   1638    876
      2    191      9      1     16      4     10      4      1   1029   2162
      2    191      9      2      1      4      1      3      0   3330
      2    191      9      2      2      6     13      6      1   1963
      2    191      9      2      3      5      5      5      1   1663
      2    191      9      2      4      3     16      3      1   1459
      2    191      9      2      5      4     16      4      1   2109
      2    191      9      2      6      2     14      8      0   1562
      2    191      9      2      7      1     16      1      1   3079
      2    191      9      2      8      7      4      3      0   3676
      2    191      9      2      9      1      1      4      0   4359
      2    191      9      2     10      5      4      5      1   1793
      2    191      9      2     11      3      2      3      1   2012
      2    191      9      2     12      7     12      7      1   5760
      2    191      9      2     13      8      8      8      1    959
      2    191      9      2     14      2     13      2      1   1762
      2    191      9      2     15      8      2      8      1    962
      2    191      9      2     16      6      9      6      1   1763
