      2    194      1      1      1      3     14      3      1   1921   1604
      2    194      1      1      2      5      6      5      1   4603   3612
      2    194      1      1      3      5     12      5      1   1411   2030
      2    194      1      1      4      4      3      1      0   4551   1368
      2    194      1      1      5      3     16      3      1    929   5678
      2    194      1      1      6      1      5      8      0   1954   1023
      2    194      1      1      7      1     11      8      0   3160   1836
      2    194      1      1      8      5      2      5      1    785   1223
      2    194      1      1      9      8      5      7      0   5676   1052
      2    194      1      1     10      5     12      5      1   1132   3650
      2    194      1      1     11      8     16      7      0   3577   1164
      2    194      1      1     12      8      9      8      1   1094   2211
      2    194      1      1     13      8      2      8      1   1130   2258
      2    194      1      1     14      3      2      3      1   1328   2766
      2    194      1      1     15      6     12      3      0   3651   1143
      2    194      1      1     16      4     10      2      0   3534   3059
      2    194      1      2      1      4     16      4      1   3137
      2    194      1      2      2      6      5      4      0   9208
      2    194      1      2      3      6      7      7      0   3109
      2    194      1      2      4      3      6      3      1   3260
      2    194      1      2      5      2     14      4      0   3725
      2    194      1      2      6      4     15      3      0   2160
      2    194      1      2      7      8     14      8      1   1293
      2    194      1      2      8      7      6      6      0   4329
      2    194      1      2      9      5     11      5      1   1094
      2    194      1      2     10      1      6      1      1   1660
      2    194      1      2     11      8      6      8      1    926
      2    194      1      2     12      7     12      7      1   3593
      2    194      1      2     13      5      4      5      1   1111
      2    194      1      2     14      1      4      1      1   7027
      2    194      1      2     15      3      8      3      1   1294
      2    194      1      2     16      2      1      2      1   6994
      2    194      2      1      1      8      9      8      1    725   1805
      2    194      2      1      2      3     14      3      1    592    675
      2    194      2      1      3      6      3      7      0   3452    845
      2    194      2      1      4      7     16      6      0   2015   1126
      2    194      2      1      5      4      5      7      0    727    837
      2    194      2      1      6      7     15      7      1   3590    889
      2    194      2      1      7      7      2      7      1   1370   1220
      2    194      2      1      8      5      8      5      1    694    905
      2    194      2      1      9      6     11      4      0   2189    939
      2    194      2      1     10      8      5      8      1    750   2781
      2    194      2      1     11      6     15      6      1   1245   1083
      2    194      2      1     12      6      3      4      0   1889    778
      2    194      2      1     13      2      3      1      0   2070    843
      2    194      2      1     14      1      5      2      0   1010   1068
      2    194      2      1     15      1     11      1      1   1544   1164
      2    194      2      1     16      1     16      1      1   1340   1006
      2    194      2      2      1      1      3      1      1   1647
      2    194      2      2      2      5      9      5      1   1043
      2    194      2      2      3      2      5      4      0   4126
      2    194      2      2      4      4      9      7      0   7910
      2    194      2      2      5      1     14      1      1   4311
      2    194      2      2      6      4     11      2      0   2143
      2    194      2      2      7      7      7      7      1   1427
      2    194      2      2      8      3     11      7      0   1360
      2    194      2      2      9      3      9      3      1    877
      2    194      2      2     10      7      5      4      0   4510
      2    194      2      2     11      8     15      8      1    910
      2    194      2      2     12      2      4      2      1   3227
      2    194      2      2     13      8      3      8      1   1043
      2    194      2      2     14      6      6      6      1   5178
      2    194      2      2     15      6     10      6      1   1293
      2    194      2      2     16      5     16      5      1    943
      2    194      3      1      1      8      9      8      1    780    752
      2    194      3      1      2      7      8      7      1   1332    471
      2    194      3      1      3      6      3      6      1   1110    740
      2    194      3      1      4      4      3      1      0   1121    678
      2    194      3      1      5      1     16      4      0   1318    747
      2    194      3      1      6      3     16      3      1    943   2869
      2    194      3      1      7      6     12      6      1   1017   1223
      2    194      3      1      8      2      3      2      1   2183    962
      2    194      3      1      9      2      8      4      0    807   1216
      2    194      3      1     10      1     10      4      0   1520   1892
      2    194      3      1     11      6     11      6      1   1420   1941
      2    194      3      1     12      4     12      4      1    983    652
      2    194      3      1     13      7     16      4      0   3957   1528
      2    194      3      1     14      8      4      8      1   1293    952
      2    194      3      1     15      5     14      5      1   1052    746
      2    194      3      1     16      1     16      1      1   1195   1998
      2    194      3      2      1      7     13      6      0   6213
      2    194      3      2      2      3      7      3      1   1245
      2    194      3      2      3      1      2      1      1   1577
      2    194      3      2      4      8     10      8      1   1194
      2    194      3      2      5      7      4      7      1   1394
      2    194      3      2      6      5     10      5      1   1061
      2    194      3      2      7      5      5      5      1    993
      2    194      3      2      8      1      7      1      1   3193
      2    194      3      2      9      3     13      3      1   1060
      2    194      3      2     10      2      9      2      1   2177
      2    194      3      2     11      6      8      6      1   1043
      2    194      3      2     12      4      8      7      0   3828
      2    194      3      2     13      6     16      7      0   3044
      2    194      3      2     14      2     13      2      1   2161
      2    194      3      2     15      4      1      7      0   4843
      2    194      3      2     16      8      8      8      1   1276
      2    194      4      1      1      4      3      4      1    869    845
      2    194      4      1      2      8      9      8      1    471    597
      2    194      4      1      3      3     15      7      0   1103    599
      2    194      4      1      4      3     14      3      1    843    592
      2    194      4      1      5      3     10      7      0   1799    586
      2    194      4      1      6      8      2      8      1   1002    584
      2    194      4      1      7      2      3      1      0   4178   1261
      2    194      4      1      8      1     11      1      1   1162   1392
      2    194      4      1      9      2     10      4      0   2614   1308
      2    194      4      1     10      3     15      3      1    890    956
      2    194      4      1     11      1      5      1      1   1042    855
      2    194      4      1     12      4     12      4      1   1370    927
      2    194      4      1     13      4      3      4      1    816   2520
      2    194      4      1     14      3     16      3      1    860   3918
      2    194      4      1     15      8     13      8      1   1116    914
      2    194      4      1     16      3     14      3      1    613    539
      2    194      4      2      1      4      9      2      0   9830
      2    194      4      2      2      8      6      8      1   1176
      2    194      4      2      3      2      9      2      1   1178
      2    194      4      2      4      7      5      7      1   2326
      2    194      4      2      5      5     10      5      1    979
      2    194      4      2      6      5      5      5      1    895
      2    194      4      2      7      6      8      6      1    977
      2    194      4      2      8      2      5      2      1    911
      2    194      4      2      9      1      6      1      1   1376
      2    194      4      2     10      1      3      1      1    793
      2    194      4      2     11      6     16      6      1   5210
      2    194      4      2     12      8      8      8      1    944
      2    194      4      2     13      4     15      7      0   2260
      2    194      4      2     14      7      4      7      1   1110
      2    194      4      2     15      3      6      3      1    827
      2    194      4      2     16      3      9      3      1    944
      2    194      5      1      1      4      3      4      1    624    676
      2    194      5      1      2      1     16      7      0   1399    357
      2    194      5      1      3      2      2      2      1    583    636
      2    194      5      1      4      8      2      8      1    905    743
      2    194      5      1      5      5     14      5      1    817   1730
      2    194      5      1      6      5     14      5      1    821   1873
      2    194      5      1      7      3     14      3      1    692    625
      2    194      5      1      8      6     15      6      1   1325   4193
      2    194      5      1      9      4      3      4      1    928    591
      2    194      5      1     10      8      9      8      1    569    910
      2    194      5      1     11      6     12      6      1    820   3183
      2    194      5      1     12      1     10      1      1    924   1625
      2    194      5      1     13      4     10      4      1   1355   1056
      2    194      5      1     14      4     10      4      1   1005   1532
      2    194      5      1     15      1      1      4      0    860   1083
      2    194      5      1     16      4      3      4      1    575    658
      2    194      5      2      1      6      5      6      1   4029
      2    194      5      2      2      2      4      2      1    976
      2    194      5      2      3      8      3      8      1    793
      2    194      5      2      4      5     16      5      1    895
      2    194      5      2      5      6      6      6      1   2827
      2    194      5      2      6      1      7      1      1   1429
      2    194      5      2      7      4      8      4      1   3993
      2    194      5      2      8      8     10      8      1    827
      2    194      5      2      9      7     12      7      1   1260
      2    194      5      2     10      3      8      3      1   1111
      2    194      5      2     11      4      1      4      1   4844
      2    194      5      2     12      5      9      1      0    894
      2    194      5      2     13      1     14      1      1   1732
      2    194      5      2     14      3     11      3      1   1111
      2    194      5      2     15      2      1      2      1    860
      2    194      5      2     16      7      6      6      0   1829
      2    194      6      1      1      3     14      3      1    535   1875
      2    194      6      1      2      1     10      1      1    854    631
      2    194      6      1      3      2      6      2      1    652   1663
      2    194      6      1      4      5     14      5      1    743    871
      2    194      6      1      5      8      2      8      1    863   1569
      2    194      6      1      6      8      9      8      1    745    885
      2    194      6      1      7      7     10      1      0    975    905
      2    194      6      1      8      5     14      5      1    741   9169
      2    194      6      1      9      8      9      8      1    511    427
      2    194      6      1     10      6     12      6      1    857   3083
      2    194      6      1     11      1     11      1      1   1115   1471
      2    194      6      1     12      2      2      2      1    597   2716
      2    194      6      1     13      1      1      4      0    887  10714
      2    194      6      1     14      4      3      4      1    605   1856
      2    194      6      1     15      6     12      1      0    796   2553
      2    194      6      1     16      3     14      3      1    851   3087
      2    194      6      2      1      2     14      4      0   4280
      2    194      6      2      2      6      7      6      1   3029
      2    194      6      2      3      8     15      8      1   1094
      2    194      6      2      4      4     16      4      1   1710
      2    194      6      2      5      3     13      3      1   1010
      2    194      6      2      6      2     13      2      1    895
      2    194      6      2      7      6     10      6      1    894
      2    194      6      2      8      7      7      7      1   1128
      2    194      6      2      9      5     11      5      1    845
      2    194      6      2     10      1      4      1      1    894
      2    194      6      2     11      5      4      5      1   1109
      2    194      6      2     12      4     11      2      0   1977
      2    194      6      2     13      7     13      7      1   1128
      2    194      6      2     14      8     14      8      1    844
      2    194      6      2     15      1      2      1      1    910
      2    194      6      2     16      3      7      3      1    593
      2    194      7      1      1      3     14      3      1    969    976
      2    194      7      1      2      4      3      4      1    592    495
      2    194      7      1      3      4      3      4      1    414    424
      2    194      7      1      4      4      3      4      1    416    683
      2    194      7      1      5      1     16      1      1    487    907
      2    194      7      1      6      8      9      8      1    569    288
      2    194      7      1      7      8      9      8      1    781     64
      2    194      7      1      8      8      9      8      1    671    467
      2    194      7      1      9      8      9      8      1    803    304
      2    194      7      1     10      8      9      8      1    586    485
      2    194      7      1     11      8      9      8      1   1130    736
      2    194      7      1     12      3     14      3      1    774   1281
      2    194      7      1     13      4      3      4      1    558    659
      2    194      7      1     14      7      8      7      1   1218    911
      2    194      7      1     15      4      3      4      1   1277    543
      2    194      7      1     16      8      9      8      1   1008   1297
      2    194      7      2      1      4     16      4      1   3914
      2    194      7      2      2      1     14      1      1   1059
      2    194      7      2      3      7      5      7      1   2060
      2    194      7      2      4      3      9      3      1    961
      2    194      7      2      5      6      7      6      1   1443
      2    194      7      2      6      8     10      8      1   1327
      2    194      7      2      7      7     13      7      1   1277
      2    194      7      2      8      1      6      1      1   1094
      2    194      7      2      9      6      5      6      1   1378
      2    194      7      2     10      3      8      3      1    828
      2    194      7      2     11      5     11      5      1    894
      2    194      7      2     12      2     14      4      0   2111
      2    194      7      2     13      5      5      5      1    894
      2    194      7      2     14      4      9      2      0   5278
      2    194      7      2     15      8      3      8      1    762
      2    194      7      2     16      2      5      2      1    811
      2    194      8      1      1      7      8      7      1    714   1113
      2    194      8      1      2      5     14      5      1    573    956
      2    194      8      1      3      4      3      4      1    533    502
      2    194      8      1      4      8      9      8      1    547    489
      2    194      8      1      5      4      3      4      1    612   1197
      2    194      8      1      6      7      8      7      1    709   1281
      2    194      8      1      7      8      9      8      1    626    822
      2    194      8      1      8      2      6      2      1    539    825
      2    194      8      1      9      2     10      2      1   1040   1070
      2    194      8      1     10      1     11      1      1   1061   1230
      2    194      8      1     11      6      3      6      1    841   1151
      2    194      8      1     12      1     16      1      1    968    387
      2    194      8      1     13      1     16      1      1    693   1328
      2    194      8      1     14      3     14      3      1   1065    980
      2    194      8      1     15      2      6      2      1    567   1190
      2    194      8      1     16      2      6      2      1    534   2237
      2    194      8      2      1      5      4      5      1   4397
      2    194      8      2      2      8     14      8      1   1160
      2    194      8      2      3      4     15      7      0   1510
      2    194      8      2      4      6      6      6      1    878
      2    194      8      2      5      3      6      3      1   2161
      2    194      8      2      6      1      2      1      1    844
      2    194      8      2      7      8      6      8      1    728
      2    194      8      2      8      7     12      7      1   1044
      2    194      8      2      9      2      9      2      1    777
      2    194      8      2     10      5      9      5      1    843
      2    194      8      2     11      7      6      7      1   1478
      2    194      8      2     12      3      7      3      1    793
      2    194      8      2     13      1      3      1      1    845
      2    194      8      2     14      4      1      1      0   3011
      2    194      8      2     15      2     13      2      1   1345
      2    194      8      2     16      6     16      6      1   1894
      2    194      9      1      1      7      8      7      1    870    893
      2    194      9      1      2      2      6      2      1    688   1611
      2    194      9      1      3      4      3      4      1   1116    471
      2    194      9      1      4      7      2      7      1   1122   5981
      2    194      9      1      5      5     14      5      1   1087    811
      2    194      9      1      6      5     14      5      1    958   2754
      2    194      9      1      7      1     11      1      1    633    913
      2    194      9      1      8      2      6      2      1    583   3615
      2    194      9      1      9      5     14      5      1    726   1034
      2    194      9      1     10      7     14      7      1   2553    991
      2    194      9      1     11      2      3      1      0   1356   2198
      2    194      9      1     12      4      3      4      1    689    939
      2    194      9      1     13      5     12      5      1    923   1087
      2    194      9      1     14      6      9      6      1    794   2227
      2    194      9      1     15      7      8      7      1    640   4749
      2    194      9      1     16      5     14      5      1    788   2624
      2    194      9      2      1      3     13      7      0   2680
      2    194      9      2      2      1      7      7      0   2077
      2    194      9      2      3      8     15      8      1   1094
      2    194      9      2      4      4     11      2      0    993
      2    194      9      2      5      7      7      7      1   1228
      2    194      9      2      6      1      4      1      1    761
      2    194      9      2      7      7      4      7      1    893
      2    194      9      2      8      6     10      6      1    744
      2    194      9      2      9      4      8      2      0   5411
      2    194      9      2     10      2      4      2      1    777
      2    194      9      2     11      8      8      8      1   1044
      2    194      9      2     12      3     11      3      1   1210
      2    194      9      2     13      5     10      5      1    877
      2    194      9      2     14      2      1      2      1    743
      2    194      9      2     15      5     16      5      1    827
      2    194      9      2     16      6      8      6      1   1110
