      2     37      1      1      1      5     12      5      1   4583   3925
      2     37      1      1      2      5     11      5      1   1079   3281
      2     37      1      1      3      3     14      1      0   2436   8049
      2     37      1      1      4      3      7      3      1    785   1106
      2     37      1      1      5      7     16      4      0   5313   5964
      2     37      1      1      6      4      5      7      0   1196   2819
      2     37      1      1      7      1      9      1      1   2493   2655
      2     37      1      1      8      1     16      2      0   2970   2662
      2     37      1      1      9      5      6      5      1   2638   2826
      2     37      1      1     10      8     13      6      0   8370   3341
      2     37      1      1     11      8     14      8      1   1304   3573
      2     37      1      1     12      7      5      4      0   4433   2831
      2     37      1      1     13      3      2      1      0   2019   1122
      2     37      1      1     14      6      6      7      0   4775   2425
      2     37      1      1     15      6     15      6      1   3248   4407
      2     37      1      1     16      4     16      5      0   4463   1657
      2     37      1      2      1      4      8      1      0   6527     -1
      2     37      1      2      2      6     16      3      0  14194     -1
      2     37      1      2      3      7      7      7      1   8330     -1
      2     37      1      2      4      7      6      6      0   4576     -1
      2     37      1      2      5      3     13      3      1   1778     -1
      2     37      1      2      6      2     16      8      0   4175     -1
      2     37      1      2      7      2      2      1      0   6626     -1
      2     37      1      2      8      1      1      3      0   1710     -1
      2     37      1      2      9      4     15      3      0   3543     -1
      2     37      1      2     10      8      5      8      1   1959     -1
      2     37      1      2     11      3     15      3      1   2544     -1
      2     37      1      2     12      1      5      6      0   7510     -1
      2     37      1      2     13      6     13      7      0   5361     -1
      2     37      1      2     14      5      7      5      1   1511     -1
      2     37      1      2     15      5     10      5      1   2828     -1
      2     37      1      2     16      8      8      3      0   4213     -1
      2     37      2      1      1      8      9      8      1   2223   7132
      2     37      2      1      2      8      4      8      1   1400  11330
      2     37      2      1      3      6      5      5      0   1595   6048
      2     37      2      1      4      6     15      6      1   1673   2908
      2     37      2      1      5      7      5      7      1   1566   3113
      2     37      2      1      6      7      2      7      1   1295   1411
      2     37      2      1      7      6      8      6      1   2169   2347
      2     37      2      1      8      1     11      6      0   2302   8132
      2     37      2      1      9      1      9      1      1   1068   1687
      2     37      2      1     10      2      9      2      1   1321   1037
      2     37      2      1     11      1      3      1      1   1343   1844
      2     37      2      1     12      2      1      2      1   1209   2474
      2     37      2      1     13      1     16      7      0   5162   1891
      2     37      2      1     14      7      2      7      1    786   3623
      2     37      2      1     15      2      4      5      0   2469   1851
      2     37      2      1     16      2      8      2      1   1213   2883
      2     37      2      2      1      6      7      6      1   5209     -1
      2     37      2      2      2      3     11      3      1   2663     -1
      2     37      2      2      3      8      2      8      1   1393     -1
      2     37      2      2      4      2      5      2      1   2195     -1
      2     37      2      2      5      4      3      1      0   4447     -1
      2     37      2      2      6      3      6      3      1   2210     -1
      2     37      2      2      7      2     13      2      1   2826     -1
      2     37      2      2      8      1      2      4      0   6113     -1
      2     37      2      2      9      5     16      5      1   1695     -1
      2     37      2      2     10      7     12      7      1   5693     -1
      2     37      2      2     11      8     15      8      1   1462     -1
      2     37      2      2     12      7     15      7      1   1843     -1
      2     37      2      2     13      4     14      4      1   8342     -1
      2     37      2      2     14      1      6      1      1   1263     -1
      2     37      2      2     15      6      3      6      1   4464     -1
      2     37      2      2     16      5      2      5      1   1528     -1
      2     37      3      1      1      7      4      7      1   3195   3134
      2     37      3      1      2      4      5      4      1   1434   3758
      2     37      3      1      3      7     16      6      0   2229   1211
      2     37      3      1      4      7      5      7      1   2328   1526
      2     37      3      1      5      4     12      1      0   1401   3626
      2     37      3      1      6      4     11      4      1    944   8654
      2     37      3      1      7      1     16      1      1   1238   7466
      2     37      3      1      8      7     14      4      0   2642   1530
      2     37      3      1      9      3      2      3      1   1805   1136
      2     37      3      1     10      6      6      6      1   2413    895
      2     37      3      1     11      8      9      8      1    885   1537
      2     37      3      1     12      6     12      6      1   2716   1788
      2     37      3      1     13      3     10      3      1   6831   2269
      2     37      3      1     14      5      6      5      1   1112   2223
      2     37      3      1     15      5     12      5      1    847    630
      2     37      3      1     16      4      9      6      0   4335   1784
      2     37      3      2      1      5      4      5      1   1209     -1
      2     37      3      2      2      8     16      8      1   1194     -1
      2     37      3      2      3      4     10      4      1   2760     -1
      2     37      3      2      4      7     13      7      1   1859     -1
      2     37      3      2      5      2      3      4      0   4359     -1
      2     37      3      2      6      4     13      3      0  10876     -1
      2     37      3      2      7      7     10      7      1   1281     -1
      2     37      3      2      8      1      7      3      0   6245     -1
      2     37      3      2      9      6      9      6      1   2194     -1
      2     37      3      2     10      3     12      3      1   1648     -1
      2     37      3      2     11      5      5      5      1   1395     -1
      2     37      3      2     12      6     11      6      1   2061     -1
      2     37      3      2     13      1      4      1      1   5542     -1
      2     37      3      2     14      8     10      8      1   2292     -1
      2     37      3      2     15      3      8      3      1   1381     -1
      2     37      3      2     16      2     14      8      0   2314     -1
      2     37      4      1      1      5     12      5      1   1007   2328
      2     37      4      1      2      5     11      5      1    810   1463
      2     37      4      1      3      5      9      5      1    839   1169
      2     37      4      1      4      5      8      5      1   1264   2254
      2     37      4      1      5      5     12      5      1   1032    646
      2     37      4      1      6      5     11      5      1    828    816
      2     37      4      1      7      5      9      5      1   1345    947
      2     37      4      1      8      5      8      5      1   1161    981
      2     37      4      1      9      5     11      5      1   1125   1084
      2     37      4      1     10      5     12      5      1    786    608
      2     37      4      1     11      5      9      5      1   1111    981
      2     37      4      1     12      5      8      5      1   1335   1454
      2     37      4      1     13      5     12      5      1   1096    747
      2     37      4      1     14      5     11      5      1    870    575
      2     37      4      1     15      5      9      5      1    965    762
      2     37      4      1     16      5      8      5      1   1145    914
      2     37      4      2      1      4     15      4      1  24323     -1
      2     37      4      2      2      2      3      2      1   3280     -1
      2     37      4      2      3      1      1      3      0   2476     -1
      2     37      4      2      4      3      8      3      1   1228     -1
      2     37      4      2      5      4      8      1      0   6279     -1
      2     37      4      2      6      8      2      8      1   1365     -1
      2     37      4      2      7      7     10      7      1   1143     -1
      2     37      4      2      8      3     15      3      1   4193     -1
      2     37      4      2      9      6      7      6      1    843     -1
      2     37      4      2     10      1      6      1      1   2576     -1
      2     37      4      2     11      8      8      8      1   1143     -1
      2     37      4      2     12      6     16      6      1   1927     -1
      2     37      4      2     13      5      2      5      1   1476     -1
      2     37      4      2     14      7      6      7      1   2046     -1
      2     37      4      2     15      2      2      2      1   1261     -1
      2     37      4      2     16      5     16      5      1   1627     -1
      2     37      5      1      1      3     16      3      1   1477   3134
      2     37      5      1      2      3      9      3      1   1132    778
      2     37      5      1      3      1      9      2      0    961   1843
      2     37      5      1      4      2      9      2      1    999   1407
      2     37      5      1      5      1     11      1      1    857    836
      2     37      5      1      6      1     14      1      1   1599   5053
      2     37      5      1      7      6     12      6      1   1093   2192
      2     37      5      1      8      1     16      1      1   1508    785
      2     37      5      1      9      4     12      4      1   2826   2987
      2     37      5      1     10      2     10      4      0    938   1568
      2     37      5      1     11      2     10      2      1    862   1776
      2     37      5      1     12      3      2      3      1   1194   1131
      2     37      5      1     13      6     10      6      1   1522   1715
      2     37      5      1     14      4      9      4      1   1825   1910
      2     37      5      1     15      7      5      7      1   1094   3070
      2     37      5      1     16      2      4      2      1   1025   2276
      2     37      5      2      1      4     14      2      0  12173     -1
      2     37      5      2      2      1      2      1      1   3991     -1
      2     37      5      2      3      4     10      4      1   1993     -1
      2     37      5      2      4      2     13      2      1   4959     -1
      2     37      5      2      5      5     10      5      1   1826     -1
      2     37      5      2      6      7     12      7      1   4762     -1
      2     37      5      2      7      3     13      3      1   1245     -1
      2     37      5      2      8      5      5      5      1   1476     -1
      2     37      5      2      9      7     15      7      1   1376     -1
      2     37      5      2     10      6     11      6      1   1542     -1
      2     37      5      2     11      8     15      8      1   1477     -1
      2     37      5      2     12      6     13      6      1   4263     -1
      2     37      5      2     13      1      4      1      1   1565     -1
      2     37      5      2     14      2     16      2      1   2464     -1
      2     37      5      2     15      8     10      8      1   1278     -1
      2     37      5      2     16      3     12      3      1   1560     -1
      2     37      6      1      1      3     10      3      1   1329   4010
      2     37      6      1      2      2     10      2      1    899    993
      2     37      6      1      3      7     16      7      1   1797   1226
      2     37      6      1      4      4      1      1      0   3275    751
      2     37      6      1      5      4     12      4      1   1479   1211
      2     37      6      1      6      6     10      7      0    843   1396
      2     37      6      1      7      6     12      6      1   3715   2599
      2     37      6      1      8      4     11      4      1   4715   3824
      2     37      6      1      9      2      6      2      1   1293   2472
      2     37      6      1     10      5     12      5      1   1316    926
      2     37      6      1     11      4      1      4      1   2060   1578
      2     37      6      1     12      1     16      1      1   3236   1238
      2     37      6      1     13      3      2      3      1   1313   2504
      2     37      6      1     14      6      8      6      1   4168   1620
      2     37      6      1     15      6      6      6      1   1706   1202
      2     37      6      1     16      7      5      7      1   1578   1146
      2     37      6      2      1      5      4      5      1   1542     -1
      2     37      6      2      2      4      3      1      0   4996     -1
      2     37      6      2      3      7      7      7      1   2893     -1
      2     37      6      2      4      6      9      6      1   1698     -1
      2     37      6      2      5      3     11      3      1   1576     -1
      2     37      6      2      6      2      5      2      1   1513     -1
      2     37      6      2      7      6      3      6      1   1660     -1
      2     37      6      2      8      8     16      8      1    959     -1
      2     37      6      2      9      3      6      3      1   1960     -1
      2     37      6      2     10      4     13      4      1  14760     -1
      2     37      6      2     11      5      7      5      1   1397     -1
      2     37      6      2     12      8      5      8      1   1659     -1
      2     37      6      2     13      1      7      3      0  14941     -1
      2     37      6      2     14      7     13      7      1   1177     -1
      2     37      6      2     15      1      5      1      1   1146     -1
      2     37      6      2     16      2     14      8      0   1530     -1
      2     37      7      1      1      1      3      1      1   1536   3027
      2     37      7      1      2      1     11      1      1   1123   2642
      2     37      7      1      3      3      7      3      1   1526   1927
      2     37      7      1      4      5     12      5      1    934    826
      2     37      7      1      5      6     15      6      1    905    473
      2     37      7      1      6      8     13      8      1    771   1087
      2     37      7      1      7      2      6      2      1    731    994
      2     37      7      1      8      8      9      8      1   1188    921
      2     37      7      1      9      1     14      1      1   1527   1098
      2     37      7      1     10      3      9      3      1   1225    934
      2     37      7      1     11      3     10      3      1   1343   5884
      2     37      7      1     12      8      6      8      1   1213   1127
      2     37      7      1     13      6      5      6      1   1495   1046
      2     37      7      1     14      7     14      4      0   2011    517
      2     37      7      1     15      4      9      4      1    911   1461
      2     37      7      1     16      3     16      3      1    776    667
      2     37      7      2      1      2     16      2      1   4075     -1
      2     37      7      2      2      6      7      6      1   1476     -1
      2     37      7      2      3      7     13      7      1   1542     -1
      2     37      7      2      4      1      1      3      0   1464     -1
      2     37      7      2      5      3      6      3      1   2677     -1
      2     37      7      2      6      4      3      4      1   7713     -1
      2     37      7      2      7      7      7      7      1   1095     -1
      2     37      7      2      8      5     16      5      1   1095     -1
      2     37      7      2      9      2     14      8      0   2044     -1
      2     37      7      2     10      6      3      6      1   1963     -1
      2     37      7      2     11      5      5      5      1   1980     -1
      2     37      7      2     12      8      5      8      1   1514     -1
      2     37      7      2     13      8     16      8      1   1359     -1
      2     37      7      2     14      1      5      1      1   1461     -1
      2     37      7      2     15      3     13      3      1   1326     -1
      2     37      7      2     16      4     14      4      1   6408     -1
      2     37      8      1      1      2     10      2      1    848   3595
      2     37      8      1      2      4     12      4      1   1469   1502
      2     37      8      1      3      4      1      4      1   1333   1141
      2     37      8      1      4      6      8      6      1   1044   1263
      2     37      8      1      5      2      9      2      1    698   1175
      2     37      8      1      6      6     15      6      1   2423    289
      2     37      8      1      7      7     16      4      0   1407    786
      2     37      8      1      8      3     16      3      1    661    832
      2     37      8      1      9      5     12      5      1    671   1153
      2     37      8      1     10      7      4      1      0    820    773
      2     37      8      1     11      7      4      7      1   1555   1186
      2     37      8      1     12      8      9      8      1    956   1201
      2     37      8      1     13      3     10      3      1   2477   2456
      2     37      8      1     14      5     11      5      1   1196  11703
      2     37      8      1     15      5     11      5      1   1073   1864
      2     37      8      1     16      2      6      2      1   1236   1239
      2     37      8      2      1      3     15      3      1   3193     -1
      2     37      8      2      2      6     16      6      1   1710     -1
      2     37      8      2      3      5     10      5      1   1493     -1
      2     37      8      2      4      6      9      6      1   1511     -1
      2     37      8      2      5      2      3      4      0   8794     -1
      2     37      8      2      6      7      6      6      0   8362     -1
      2     37      8      2      7      8      8      8      1   1376     -1
      2     37      8      2      8      1      4      1      1   1076     -1
      2     37      8      2      9      3     11      3      1   1363     -1
      2     37      8      2     10      1      2      1      1   4991     -1
      2     37      8      2     11      5      7      5      1   1080     -1
      2     37      8      2     12      8     10      8      1   1309     -1
      2     37      8      2     13      2      5      2      1   1059     -1
      2     37      8      2     14      4     10      4      1   1013     -1
      2     37      8      2     15      7     15      7      1   1027     -1
      2     37      8      2     16      4     15      4      1   2544     -1
      2     37      9      1      1      2      4      2      1   1099   7037
      2     37      9      1      2      6     15      6      1   1560   5884
      2     37      9      1      3      8      6      8      1    897   1127
      2     37      9      1      4      5      6      5      1    813    979
      2     37      9      1      5      4      5      1      0   4891    784
      2     37      9      1      6      7     14      7      1   1036    907
      2     37      9      1      7      2      8      2      1    968   3707
      2     37      9      1      8      8     14      8      1   1637   7364
      2     37      9      1      9      6      6      6      1   4092   1976
      2     37      9      1     10      7      2      7      1    899   1987
      2     37      9      1     11      7      4      7      1   2034    908
      2     37      9      1     12      7      5      7      1   2141   1299
      2     37      9      1     13      8      4      8      1   1347   1143
      2     37      9      1     14      3     14      3      1   1057   1448
      2     37      9      1     15      3      7      3      1    634    809
      2     37      9      1     16      6      8      6      1   4115   1788
      2     37      9      2      1      8      2      8      1   1342     -1
      2     37      9      2      2      2     13      2      1   2043     -1
      2     37      9      2      3      5      4      5      1   1194     -1
      2     37      9      2      4      6     13      6      1   3460     -1
      2     37      9      2      5      5      2      5      1   1261     -1
      2     37      9      2      6      4     13      4      1   2279     -1
      2     37      9      2      7      8     15      8      1   1160     -1
      2     37      9      2      8      1      6      1      1   1509     -1
      2     37      9      2      9      3      8      3      1   1310     -1
      2     37      9      2     10      2      2      2      1   1576     -1
      2     37      9      2     11      1      7      1      1   3014     -1
      2     37      9      2     12      7     10      7      1   1393     -1
      2     37      9      2     13      7     12      6      0   7343     -1
      2     37      9      2     14      3     12      3      1   1694     -1
      2     37      9      2     15      4      8      4      1   1580     -1
      2     37      9      2     16      6     11      6      1   1175     -1
