      2    142      1      1      1      5      9      5      1   8792   5522
      2    142      1      1      2      3     16      1      0   2808   6309
      2    142      1      1      3      8      6      8      1   6194   2182
      2    142      1      1      4      5      4      5      1   3573   5796
      2    142      1      1      5      5      6      4      0   4430   6921
      2    142      1      1      6      4     12      7      0   3790  10503
      2    142      1      1      7      1     16      4      0   1407   2352
      2    142      1      1      8      5      2      5      1   1273   3118
      2    142      1      1      9      6      8      6      1   4097   2163
      2    142      1      1     10      8      8      1      0   4788  11636
      2    142      1      1     11      2     13      2      1   4639   8624
      2    142      1      1     12      4     16      2      0    898   1097
      2    142      1      1     13      2     14      2      1    997   4558
      2    142      1      1     14      2      6      7      0   6367   3956
      2    142      1      1     15      3     14      6      0   3858   2451
      2    142      1      1     16      6      9      7      0   1676   2267
      2    142      1      2      1      1      3      3      0  10006
      2    142      1      2      2      6     15      6      1   2147
      2    142      1      2      3      4     15      4      1   5446
      2    142      1      2      4      4      3      8      0   5146
      2    142      1      2      5      8      3      8      1   1680
      2    142      1      2      6      7     13      1      0   4696
      2    142      1      2      7      6     10      1      0   2613
      2    142      1      2      8      2      1      3      0  11796
      2    142      1      2      9      2      4      3      0   3179
      2    142      1      2     10      8     15      8      1   2329
      2    142      1      2     11      5     16      5      1   1214
      2    142      1      2     12      3     11      2      0   6513
      2    142      1      2     13      5      8      5      1   1229
      2    142      1      2     14      7      6      6      0   3729
      2    142      1      2     15      3      2      6      0   1880
      2    142      1      2     16      1      4      2      0   5580
      2    142      2      1      1      8     10      2      0   2914  13738
      2    142      2      1      2      3     16      7      0   1628   7987
      2    142      2      1      3      3      7      3      1   1967   1079
      2    142      2      1      4      3     14      3      1    995   1466
      2    142      2      1      5      6      7      2      0   2462   6124
      2    142      2      1      6      6      8      6      1   1154   3337
      2    142      2      1      7      3      9      3      1   1546   4410
      2    142      2      1      8      3     15      7      0   2494   1368
      2    142      2      1      9      7      4      7      1   2553   3138
      2    142      2      1     10      5      7      5      1   1312   5740
      2    142      2      1     11      7     16      2      0   1384   3805
      2    142      2      1     12      7      4      7      1   1816   3475
      2    142      2      1     13      7     14      3      0   4265   4308
      2    142      2      1     14      6      9      7      0   1409   2417
      2    142      2      1     15      6     16      1      0   2372   2836
      2    142      2      1     16      7      2      7      1   1160   4129
      2    142      2      2      1      7     12      7      1   3497
      2    142      2      2      2      5      5      5      1   1363
      2    142      2      2      3      6      3      7      0   1230
      2    142      2      2      4      3      6      7      0  21547
      2    142      2      2      5      3     10      1      0   7148
      2    142      2      2      6      6      5      3      0   5163
      2    142      2      2      7      5     11      5      1   1130
      2    142      2      2      8      1      7      2      0   7330
      2    142      2      2      9      7      5      7      1   2646
      2    142      2      2     10      8     14      8      1   1447
      2    142      2      2     11      2      2      4      0   4696
      2    142      2      2     12      8      2      8      1   1646
      2    142      2      2     13      2      9      4      0   6246
      2    142      2      2     14      4      1      7      0   4230
      2    142      2      2     15      4     14      2      0   2146
      2    142      2      2     16      1     14      7      0   5480
      2    142      3      1      1      6      8      6      1   1167   5320
      2    142      3      1      2      7      4      7      1    819  11288
      2    142      3      1      3      3     16      7      0   4710   2000
      2    142      3      1      4      3      7      3      1    878   2249
      2    142      3      1      5      3     14      3      1    952   3920
      2    142      3      1      6      1     16      2      0   2142   3482
      2    142      3      1      7      1     11      1      1   1810   2733
      2    142      3      1      8      1      1      2      0   2323   2868
      2    142      3      1      9      6     16      2      0   1614   3177
      2    142      3      1     10      6      8      6      1   1535   1759
      2    142      3      1     11      3      9      3      1   1613   4608
      2    142      3      1     12      6     12      4      0   6219  10507
      2    142      3      1     13      6      8      6      1   1444   3147
      2    142      3      1     14      7     14      7      1   2780   5007
      2    142      3      1     15      2     13      2      1   1442   8636
      2    142      3      1     16      2     14      2      1    878   2581
      2    142      3      2      1      6      6      6      1  11096
      2    142      3      2      2      7      7      8      0   8413
      2    142      3      2      3      3      8      3      1   6680
      2    142      3      2      4      7     15      7      1   5080
      2    142      3      2      5      8      4      8      1   3746
      2    142      3      2      6      4     13      2      0   5498
      2    142      3      2      7      1     10      1      1  10597
      2    142      3      2      8      4     10      4      1   4096
      2    142      3      2      9      3     13      3      1   1513
      2    142      3      2     10      2      3      2      1   3046
      2    142      3      2     11      5     12      5      1   1246
      2    142      3      2     12      8      9      8      1   1796
      2    142      3      2     13      2      8      4      0   3329
      2    142      3      2     14      1      2      2      0   4879
      2    142      3      2     15      6     13      6      1   5663
      2    142      3      2     16      5     14      5      1   1663
      2    142      4      1      1      4     16      2      0   1255   8292
      2    142      4      1      2      2     10      2      1   1451   2675
      2    142      4      1      3      7     10      1      0   3149   3874
      2    142      4      1      4      1     16      2      0   2564   2029
      2    142      4      1      5      2      6      2      1   5404   1890
      2    142      4      1      6      3     12      3      1   3364  12891
      2    142      4      1      7      8      8      8      1   1308   2701
      2    142      4      1      8      8     16      8      1   1081   1713
      2    142      4      1      9      2      5      4      0   1981   4806
      2    142      4      1     10      6      9      6      1   3719   3172
      2    142      4      1     11      7     14      3      0    854   2389
      2    142      4      1     12      4      9      4      1   6096   4791
      2    142      4      1     13      4     12      4      1   5699   3224
      2    142      4      1     14      3     15      3      1   1897   4208
      2    142      4      1     15      4      5      1      0   5251   3057
      2    142      4      1     16      4     12      4      1    789   2569
      2    142      4      2      1      8     15      8      1   2180
      2    142      4      2      2      5     12      5      1   1563
      2    142      4      2      3      6      6      6      1   4263
      2    142      4      2      4      5     16      5      1   1012
      2    142      4      2      5      8      4      8      1    946
      2    142      4      2      6      3     10      3      1   1263
      2    142      4      2      7      1      7      2      0   2413
      2    142      4      2      8      6      3      7      0   7681
      2    142      4      2      9      2      9      4      0   3363
      2    142      4      2     10      4     10      1      0  14313
      2    142      4      2     11      4      1      7      0   3430
      2    142      4      2     12      1      4      2      0   3198
      2    142      4      2     13      2      8      4      0   3612
      2    142      4      2     14      3     11      3      1   1229
      2    142      4      2     15      7      7      7      1   6330
      2    142      4      2     16      7     15      7      1   1546
      2    142      5      1      1      6     12      6      1   4211   3097
      2    142      5      1      2      1      6      2      0   3556   1737
      2    142      5      1      3      1     11      1      1    909   1586
      2    142      5      1      4      1      5      1      1   1316   3475
      2    142      5      1      5      7      2      7      1   1992   3848
      2    142      5      1      6      7     16      7      1   1591   2867
      2    142      5      1      7      4      5      1      0   5121   3037
      2    142      5      1      8      6     11      6      1   2426   5459
      2    142      5      1      9      3     16      3      1   1041  10068
      2    142      5      1     10      8      8      8      1   1393   1684
      2    142      5      1     11      4      8      4      1   2054   5366
      2    142      5      1     12      4     12      4      1   1005   1505
      2    142      5      1     13      2     16      2      1   1390   2586
      2    142      5      1     14      4     16      4      1   6111   2215
      2    142      5      1     15      2     14      2      1   3671   1391
      2    142      5      1     16      1      5      1      1   1073   2769
      2    142      5      2      1      3      8      3      1   2963
      2    142      5      2      2      8      3      8      1   2096
      2    142      5      2      3      5      8      5      1   1379
      2    142      5      2      4      4      3      4      1   2162
      2    142      5      2      5      3     13      3      1   1930
      2    142      5      2      6      2      3      2      1   9529
      2    142      5      2      7      4     13      2      0   5347
      2    142      5      2      8      6     10      7      0   3013
      2    142      5      2      9      7     13      7      1   2196
      2    142      5      2     10      2      2      4      0   2813
      2    142      5      2     11      5     11      5      1   1146
      2    142      5      2     12      1      3      1      1   1413
      2    142      5      2     13      7      6      6      0   2829
      2    142      5      2     14      8      2      8      1   1246
      2    142      5      2     15      6      5      6      1   1113
      2    142      5      2     16      1     14      7      0   9963
      2    142      6      1      1      2      6      4      0   1353   2240
      2    142      6      1      2      2      5      4      0   1927   4844
      2    142      6      1      3      4     11      4      1   1787   5666
      2    142      6      1      4      4      9      2      0   3541   5228
      2    142      6      1      5      1      9      1      1   1328  12794
      2    142      6      1      6      4      5      4      1   3176   2249
      2    142      6      1      7      8     10      8      1   1014   2445
      2    142      6      1      8      4      9      4      1   2552   4320
      2    142      6      1      9      4      5      4      1   1501   4338
      2    142      6      1     10      7     10      7      1   2074   1836
      2    142      6      1     11      1     11      1      1    882   1596
      2    142      6      1     12      7      4      7      1   1075   1686
      2    142      6      1     13      2     10      4      0   4026   2533
      2    142      6      1     14      4     16      4      1   2109   2683
      2    142      6      1     15      2     16      2      1    699   6536
      2    142      6      1     16      2     13      4      0   1245   3379
      2    142      6      2      1      7      5      7      1   4029
      2    142      6      2      2      5      5      5      1   1563
      2    142      6      2      3      4     14      4      1   8812
      2    142      6      2      4      6     13      6      1   3880
      2    142      6      2      5      8     14      8      1   1496
      2    142      6      2      6      3      2      3      1   1380
      2    142      6      2      7      1     10      1      1   1397
      2    142      6      2      8      1      2      1      1   1029
      2    142      6      2      9      8      9      8      1   1163
      2    142      6      2     10      7     12      3      0   1314
      2    142      6      2     11      3      6      3      1  11730
      2    142      6      2     12      5     14      5      1   1596
      2    142      6      2     13      6     15      6      1   1196
      2    142      6      2     14      2      1      4      0   4431
      2    142      6      2     15      2      4      2      1   1729
      2    142      6      2     16      4     15      6      0  11596
      2    142      7      1      1      2     16      2      1   3392   6209
      2    142      7      1      2      4     16      4      1   4527    901
      2    142      7      1      3      2     10      2      1   1260   1201
      2    142      7      1      4      4     12      4      1    753   2788
      2    142      7      1      5      4     11      4      1    847   1332
      2    142      7      1      6      2      6      4      0   1075   1569
      2    142      7      1      7      1     16      1      1   1087   2389
      2    142      7      1      8      3     15      3      1   1337   1158
      2    142      7      1      9      4      9      4      1   2547   6719
      2    142      7      1     10      2     16      2      1   6110   4760
      2    142      7      1     11      2     13      2      1    786   1874
      2    142      7      1     12      1      9      1      1   1823   2453
      2    142      7      1     13      5      6      5      1    933   7366
      2    142      7      1     14      6      7      6      1   1149   4422
      2    142      7      1     15      6     12      6      1   1090   1188
      2    142      7      1     16      8     13      8      1    954   3070
      2    142      7      2      1      2      2      4      0   4346
      2    142      7      2      2      8      2      8      1   1081
      2    142      7      2      3      6     15      6      1   1248
      2    142      7      2      4      1     10      1      1   1163
      2    142      7      2      5      7     13      7      1   1280
      2    142      7      2      6      3      6      3      1   1130
      2    142      7      2      7      6     10      7      0   1763
      2    142      7      2      8      3      8      3      1   1064
      2    142      7      2      9      1     14      1      1  17363
      2    142      7      2     10      2      1      4      0   2913
      2    142      7      2     11      7     15      7      1   1213
      2    142      7      2     12      8      4      8      1   1130
      2    142      7      2     13      4     13      2      0   1297
      2    142      7      2     14      4     14      2      0   1013
      2    142      7      2     15      5     12      5      1   1046
      2    142      7      2     16      5     14      5      1    963
      2    142      8      1      1      2     10      4      0   1257   3034
      2    142      8      1      2      4     16      4      1   2570   1491
      2    142      8      1      3      2     16      2      1   3489    774
      2    142      8      1      4      2     14      2      1   2584    712
      2    142      8      1      5      4     12      4      1   1522   1705
      2    142      8      1      6      2     10      2      1   3838    708
      2    142      8      1      7      2     13      2      1   2269   1027
      2    142      8      1      8      1      1      3      0   1746   3228
      2    142      8      1      9      4      9      4      1   2681   1114
      2    142      8      1     10      1     11      1      1   1045   3263
      2    142      8      1     11      6     12      6      1   1024   2535
      2    142      8      1     12      3     12      3      1   5867   3357
      2    142      8      1     13      7      8      7      1   1513   4425
      2    142      8      1     14      4      8      4      1   2154   2288
      2    142      8      1     15      1      9      4      0   2960   1252
      2    142      8      1     16      3     15      3      1   1527    968
      2    142      8      2      1      6     13      6      1   4063
      2    142      8      2      2      8      9      8      1   1113
      2    142      8      2      3      3      2      3      1   1330
      2    142      8      2      4      4      1      7      0   1746
      2    142      8      2      5      1      7      1      1   1346
      2    142      8      2      6      5     16      5      1   1046
      2    142      8      2      7      8     14      8      1   1297
      2    142      8      2      8      6      3      7      0   1897
      2    142      8      2      9      7      5      7      1  10046
      2    142      8      2     10      1      2      1      1   3279
      2    142      8      2     11      7      7      7      1   1813
      2    142      8      2     12      4     15      6      0   2546
      2    142      8      2     13      2      4      2      1   4829
      2    142      8      2     14      5     11      5      1   1580
      2    142      8      2     15      3     13      3      1   1213
      2    142      8      2     16      2      8      4      0   4280
      2    142      9      1      1      6      8      6      1   1477   2648
      2    142      9      1      2      7     16      7      1   1206   2104
      2    142      9      1      3      6      9      7      0   1871   2056
      2    142      9      1      4      6     11      6      1   1117   1543
      2    142      9      1      5      3      7      3      1   1017   7282
      2    142      9      1      6      6      7      6      1   1210   3547
      2    142      9      1      7      6     16      6      1   1084   3473
      2    142      9      1      8      3      9      3      1   1807  14894
      2    142      9      1      9      7      2      7      1    840   9206
      2    142      9      1     10      7     14      7      1   1798   3841
      2    142      9      1     11      3      7      3      1    828   3379
      2    142      9      1     12      2     16      2      1   3321    991
      2    142      9      1     13      2     10      4      0   4268   1560
      2    142      9      1     14      4     16      4      1   2072   3003
      2    142      9      1     15      2     10      2      1   2492    837
      2    142      9      1     16      4     12      4      1   1028   1333
      2    142      9      2      1      6      6      6      1   2830
      2    142      9      2      2      7      6      6      0  16012
      2    142      9      2      3      2      3      1      0   5148
      2    142      9      2      4      1      4      1      1   1296
      2    142      9      2      5      3     11      3      1   1129
      2    142      9      2      6      4      3      4      1   2764
      2    142      9      2      7      6      5      6      1   4194
      2    142      9      2      8      5      8      5      1   1179
      2    142      9      2      9      1      3      1      1   1098
      2    142      9      2     10      7     12      3      0   1497
      2    142      9      2     11      2      9      2      1   4580
      2    142      9      2     12      5      5      5      1   1830
      2    142      9      2     13      8      3      8      1   1063
      2    142      9      2     14      4     10      4      1   5564
      2    142      9      2     15      3     10      3      1   1246
      2    142      9      2     16      8     15      8      1   1613
