      1    165      1      1      1      4      1      1      0   4044
      1    165      1      1      2      4     16      6      0   2863
      1    165      1      1      3      1      6      3      0   2313
      1    165      1      1      4      2     16      4      0   2490
      1    165      1      1      5      3     13      6      0   2432
      1    165      1      1      6      2      5      5      0   6809
      1    165      1      1      7      6     11      5      0   3603
      1    165      1      1      8      1      4      8      0   1855
      1    165      1      1      9      7      5      7      1   4137
      1    165      1      1     10      7      7      7      1   2145
      1    165      1      1     11      5     12      5      1   1063
      1    165      1      1     12      6     15      8      0   3413
      1    165      1      1     13      8      6      8      1   2845
      1    165      1      1     14      5     16      5      1   1095
      1    165      1      1     15      8     15      8      1   3488
      1    165      1      1     16      3      2      7      0   3806
      1    165      1      2      1      3      7      3      1   8679
      1    165      1      2      2      3     12      7      0  13946
      1    165      1      2      3      1      2      2      0   6013
      1    165      1      2      4      2     10      4      0   2377
      1    165      1      2      5      6     16      6      1   9728
      1    165      1      2      6      2      1      3      0  14246
      1    165      1      2      7      4      9      1      0   6828
      1    165      1      2      8      7      6      1      0   7462
      1    165      1      2      9      4      8      2      0   4780
      1    165      1      2     10      8      4      8      1   3960
      1    165      1      2     11      5      7      5      1   2679
      1    165      1      2     12      6     10      2      0   3994
      1    165      1      2     13      7     12      3      0   4480
      1    165      1      2     14      1      9      1      1   6996
      1    165      1      2     15      8      8      8      1   5078
      1    165      1      2     16      5      6      5      1   2262
      1    165      2      1      1      6      8      2      0   5480
      1    165      2      1      2      3      9      6      0   2564
      1    165      2      1      3      5      5      5      1   1539
      1    165      2      1      4      6      3      6      1   2125
      1    165      2      1      5      4     11      1      0   2089
      1    165      2      1      6      4     13      7      0   6734
      1    165      2      1      7      7     10      2      0   1446
      1    165      2      1      8      3      6      1      0   3399
      1    165      2      1      9      8      3      8      1   1467
      1    165      2      1     10      8      5      8      1   1242
      1    165      2      1     11      7     14      8      0   5976
      1    165      2      1     12      2      6      4      0   2143
      1    165      2      1     13      5      4      5      1   1097
      1    165      2      1     14      1      7      1      1   5570
      1    165      2      1     15      2     14      4      0   2365
      1    165      2      1     16      1      5      3      0   8261
      1    165      2      2      1      1      1      2      0  10346
      1    165      2      2      2      4      3      6      0   6394
      1    165      2      2      3      8     14      8      1   1665
      1    165      2      2      4      5     11      5      1   1110
      1    165      2      2      5      6      7      6      1   6860
      1    165      2      2      6      2      4      2      1   2709
      1    165      2      2      7      4     15      7      0  15176
      1    165      2      2      8      7     16      2      0   2660
      1    165      2      2      9      2      8      2      1   3243
      1    165      2      2     10      3     16      3      1   5576
      1    165      2      2     11      1     14      1      1   2111
      1    165      2      2     12      3     11      1      0  11794
      1    165      2      2     13      6      6      6      1   2893
      1    165      2      2     14      5      8      5      1   1128
      1    165      2      2     15      7     15      1      0   5693
      1    165      2      2     16      8     10      8      1   1594
      1    165      3      1      1      1      3      2      0   2743
      1    165      3      1      2      6      9      6      1   1625
      1    165      3      1      3      5      2      5      1   1012
      1    165      3      1      4      3      8      1      0   1513
      1    165      3      1      5      2      3      2      1   5966
      1    165      3      1      6      8     13      8      1   1045
      1    165      3      1      7      8     16      8      1   1146
      1    165      3      1      8      1     16      1      1   3430
      1    165      3      1      9      2     13      2      1   1129
      1    165      3      1     10      6     12      6      1   5541
      1    165      3      1     11      7      2      7      1   2196
      1    165      3      1     12      4      5      3      0  12263
      1    165      3      1     13      3     15      2      0   8311
      1    165      3      1     14      5      9      5      1    894
      1    165      3      1     15      4     10      3      0   1612
      1    165      3      1     16      7      4      6      0   5447
      1    165      3      2      1      5     14      5      1    897
      1    165      3      2      2      7     13      7      1   1628
      1    165      3      2      3      6      5      6      1   3278
      1    165      3      2      4      3     14      3      1   3327
      1    165      3      2      5      5     10      5      1   1927
      1    165      3      2      6      8      2      8      1   1260
      1    165      3      2      7      3     10      3      1   3277
      1    165      3      2      8      2      9      2      1   1059
      1    165      3      2      9      1     11      1      1   3494
      1    165      3      2     10      8      9      8      1    944
      1    165      3      2     11      7      8      7      1   5793
      1    165      3      2     12      1     10      1      1   2380
      1    165      3      2     13      4     14      4      1   2144
      1    165      3      2     14      2      2      2      1   1710
      1    165      3      2     15      4     12      3      0   6912
      1    165      3      2     16      6     13      6      1   3327
      1    165      4      1      1      2      6      2      1   1115
      1    165      4      1      2      7     10      7      1   2386
      1    165      4      1      3      4      5      6      0   8930
      1    165      4      1      4      2     14      4      0   1525
      1    165      4      1      5      5     12      5      1    915
      1    165      4      1      6      8      5      8      1   1048
      1    165      4      1      7      6      3      6      1   1130
      1    165      4      1      8      5     16      5      1    949
      1    165      4      1      9      7     14      7      1   2710
      1    165      4      1     10      1      3      1      1   4380
      1    165      4      1     11      4      1      4      1   1831
      1    165      4      1     12      8      3      8      1   1113
      1    165      4      1     13      3      8      3      1   1559
      1    165      4      1     14      3     13      3      1   1163
      1    165      4      1     15      6     15      6      1   2146
      1    165      4      1     16      1      7      1      1   1351
      1    165      4      2      1      6     10      7      0   4514
      1    165      4      2      2      8      8      8      1   4726
      1    165      4      2      3      3     16      3      1   7127
      1    165      4      2      4      2     10      2      1   2028
      1    165      4      2      5      5      6      5      1   1143
      1    165      4      2      6      1     10      1      1   4363
      1    165      4      2      7      3     14      3      1   1477
      1    165      4      2      8      1     14      1      1   5694
      1    165      4      2      9      7     12      7      1   5261
      1    165      4      2     10      6     16      6      1   1161
      1    165      4      2     11      4      3      4      1   4378
      1    165      4      2     12      7     16      4      0   2877
      1    165      4      2     13      2      2      2      1   2663
      1    165      4      2     14      5     10      5      1   1144
      1    165      4      2     15      4      9      4      1   4993
      1    165      4      2     16      8      2      8      1   1011
      1    165      5      1      1      7      5      7      1   3097
      1    165      5      1      2      8     13      8      1    808
      1    165      5      1      3      8     15      8      1    818
      1    165      5      1      4      5      4      5      1    996
      1    165      5      1      5      4     10      4      1  18664
      1    165      5      1      6      6     12      6      1    985
      1    165      5      1      7      2     16      4      0   2942
      1    165      5      1      8      4     13      7      0   4875
      1    165      5      1      9      3      9      1      0   1734
      1    165      5      1     10      1     16      1      1   1251
      1    165      5      1     11      2      5      2      1    992
      1    165      5      1     12      6      8      6      1    918
      1    165      5      1     13      3     15      3      1   2435
      1    165      5      1     14      1      5      1      1   2484
      1    165      5      1     15      5      2      5      1   1198
      1    165      5      1     16      7      4      7      1   3380
      1    165      5      2      1      3     10      3      1  10696
      1    165      5      2      2      6      5      6      1   1244
      1    165      5      2      3      6      6      7      0   1778
      1    165      5      2      4      5     14      5      1    810
      1    165      5      2      5      8      4      8      1    977
      1    165      5      2      6      4     12      4      1   1995
      1    165      5      2      7      3     11      3      1   2862
      1    165      5      2      8      8     10      8      1    860
      1    165      5      2      9      7     15      7      1   1910
      1    165      5      2     10      5      7      5      1   1044
      1    165      5      2     11      1      9      1      1   5629
      1    165      5      2     12      7      8      4      0   9511
      1    165      5      2     13      4     15      3      0  10193
      1    165      5      2     14      1      2      1      1   7877
      1    165      5      2     15      2      8      2      1    879
      1    165      5      2     16      2      4      2      1   1409
      1    165      6      1      1      1      6      1      1   3924
      1    165      6      1      2      8      6      8      1    945
      1    165      6      1      3      3      6      3      1   1106
      1    165      6      1      4      1      4      7      0   2515
      1    165      6      1      5      6      9      6      1   1097
      1    165      6      1      6      5      9      5      1    830
      1    165      6      1      7      2     13      4      0   3628
      1    165      6      1      8      7      7      7      1   1030
      1    165      6      1      9      7      2      7      1   1100
      1    165      6      1     10      5      5      5      1    952
      1    165      6      1     11      3      2      1      0   2713
      1    165      6      1     12      4     11      4      1   3081
      1    165      6      1     13      2      3      4      0   4815
      1    165      6      1     14      8     16      8      1   1092
      1    165      6      1     15      4     16      4      1   2560
      1    165      6      1     16      6     11      6      1   1362
      1    165      6      2      1      7     13      7      1   2264
      1    165      6      2      2      6     13      6      1   1710
      1    165      6      2      3      8      9      8      1   1044
      1    165      6      2      4      6      7      6      1    961
      1    165      6      2      5      7      6      6      0   1665
      1    165      6      2      6      4     14      4      1   4911
      1    165      6      2      7      1     11      1      1   5778
      1    165      6      2      8      2      9      2      1   1645
      1    165      6      2      9      3     12      3      1   4076
      1    165      6      2     10      5      8      5      1    811
      1    165      6      2     11      2      1      2      1   1528
      1    165      6      2     12      5     11      5      1    794
      1    165      6      2     13      3      7      6      0   2392
      1    165      6      2     14      4      8      4      1   2328
      1    165      6      2     15      1      1      1      1   4994
      1    165      6      2     16      8     14      8      1    944
      1    165      7      1      1      4     16      2      0   4431
      1    165      7      1      2      5     12      5      1    995
      1    165      7      1      3      2     14      4      0   1149
      1    165      7      1      4      3      9      1      0   2625
      1    165      7      1      5      6      3      6      1   1114
      1    165      7      1      6      8     15      8      1   1240
      1    165      7      1      7      2      5      2      1   1133
      1    165      7      1      8      8      6      8      1    837
      1    165      7      1      9      3     15      3      1   2397
      1    165      7      1     10      1     16      1      1   2530
      1    165      7      1     11      4     11      4      1   3146
      1    165      7      1     12      6     12      6      1   1113
      1    165      7      1     13      5      9      5      1    782
      1    165      7      1     14      7      2      7      1   1535
      1    165      7      1     15      7      5      7      1   2547
      1    165      7      1     16      1      7      1      1   1321
      1    165      7      2      1      7      6      6      0   1013
      1    165      7      2      2      3     12      3      1   1028
      1    165      7      2      3      2      2      2      1   1344
      1    165      7      2      4      1      1      3      0   8811
      1    165      7      2      5      6     16      6      1   1229
      1    165      7      2      6      6      7      6      1    961
      1    165      7      2      7      8      2      8      1   1043
      1    165      7      2      8      7     15      7      1   1059
      1    165      7      2      9      1     11      1      1   2044
      1    165      7      2     10      3     10      3      1   1012
      1    165      7      2     11      4      8      4      1   2744
      1    165      7      2     12      5      6      5      1    893
      1    165      7      2     13      2      9      2      1    845
      1    165      7      2     14      4      3      4      1   5394
      1    165      7      2     15      5      7      5      1    828
      1    165      7      2     16      8     10      8      1    777
      1    165      8      1      1      1      3      1      1   7119
      1    165      8      1      2      5      5      5      1    906
      1    165      8      1      3      3     13      3      1   4361
      1    165      8      1      4      2      3      1      0   1317
      1    165      8      1      5      7     14      7      1   2690
      1    165      8      1      6      5      2      5      1    963
      1    165      8      1      7      4     13      7      0   2413
      1    165      8      1      8      8      5      8      1    706
      1    165      8      1      9      4      1      1      0   1780
      1    165      8      1     10      6      8      6      1    897
      1    165      8      1     11      8      3      8      1    809
      1    165      8      1     12      1      4      3      0   1611
      1    165      8      1     13      2     13      4      0   2178
      1    165      8      1     14      3      2      3      1   2009
      1    165      8      1     15      6      9      6      1    879
      1    165      8      1     16      7      4      7      1    971
      1    165      8      2      1      6     10      7      0    865
      1    165      8      2      2      2      4      2      1    927
      1    165      8      2      3      6     13      6      1    945
      1    165      8      2      4      8      8      8      1   1494
      1    165      8      2      5      3      7      6      0   2677
      1    165      8      2      6      5     11      5      1    910
      1    165      8      2      7      7     16      7      1   1878
      1    165      8      2      8      5     14      5      1   1210
      1    165      8      2      9      1     14      1      1   1060
      1    165      8      2     10      4     14      4      1    946
      1    165      8      2     11      8      9      8      1   1160
      1    165      8      2     12      3     14      3      1   2510
      1    165      8      2     13      7     12      7      1   3827
      1    165      8      2     14      4      9      4      1   1243
      1    165      8      2     15      2      1      2      1    910
      1    165      8      2     16      1      9      1      1   1727
      1    165      9      1      1      3      8      3      1   1968
      1    165      9      1      2      4      5      7      0   1198
      1    165      9      1      3      7     10      7      1   1340
      1    165      9      1      4      2     16      4      0   3903
      1    165      9      1      5      2      6      2      1    746
      1    165      9      1      6      4     10      4      1   1199
      1    165      9      1      7      8     13      8      1    929
      1    165      9      1      8      1      5      1      1   1671
      1    165      9      1      9      6     15      6      1   1019
      1    165      9      1     10      5      4      5      1   1099
      1    165      9      1     11      6     11      6      1   1395
      1    165      9      1     12      8     16      8      1   1545
      1    165      9      1     13      3      6      1      0   2540
      1    165      9      1     14      1      6      1      1   1630
      1    165      9      1     15      7      7      7      1   3301
      1    165      9      1     16      5     16      5      1   1164
      1    165      9      2      1      3     11      3      1   4797
      1    165      9      2      2      6      5      6      1   1060
      1    165      9      2      3      4     15      4      1   3912
      1    165      9      2      4      2      8      2      1    694
      1    165      9      2      5      3     16      3      1   2160
      1    165      9      2      6      5      8      5      1   1127
      1    165      9      2      7      5     10      5      1    943
      1    165      9      2      8      8     14      8      1    894
      1    165      9      2      9      7      8      7      1   2593
      1    165      9      2     10      4     12      4      1   3378
      1    165      9      2     11      7     13      7      1   1010
      1    165      9      2     12      6      6      7      0   3926
      1    165      9      2     13      1     10      1      1   2594
      1    165      9      2     14      2     10      2      1   1794
      1    165      9      2     15      1      2      1      1   1026
      1    165      9      2     16      8      4      8      1   1012
