      1    170      1      1      1      1      7      7      0   6762
      1    170      1      1      2      8      8      2      0   9095
      1    170      1      1      3      6      5      6      1   6360
      1    170      1      1      4      1      6      2      0   4966
      1    170      1      1      5      3      2      3      1   2509
      1    170      1      1      6      3     12      2      0   4831
      1    170      1      1      7      6      7      4      0   3348
      1    170      1      1      8      2      9      4      0   2467
      1    170      1      1      9      4      9      1      0   5379
      1    170      1      1     10      7      5      7      1   5869
      1    170      1      1     11      5      9      1      0   5036
      1    170      1      1     12      5      2      8      0   2499
      1    170      1      1     13      4     11      2      0   6969
      1    170      1      1     14      2      5      4      0   3797
      1    170      1      1     15      7      6      7      1   3081
      1    170      1      1     16      8     16      6      0   2549
      1    170      1      2      1      8      2      8      1   6234
      1    170      1      2      2      3      6      3      1   8412
      1    170      1      2      3      7     16      7      1   6129
      1    170      1      2      4      5      6      5      1   2412
      1    170      1      2      5      1     16      4      0   7979
      1    170      1      2      6      4     15      6      0   4179
      1    170      1      2      7      6      3      1      0   6129
      1    170      1      2      8      1      3      2      0   2513
      1    170      1      2      9      6     10      8      0   3246
      1    170      1      2     10      7      8      3      0   4612
      1    170      1      2     11      8     13      7      0   7695
      1    170      1      2     12      2     14      3      0   3913
      1    170      1      2     13      5     10      5      1   1846
      1    170      1      2     14      3      7      2      0   4346
      1    170      1      2     15      4     16      2      0   4730
      1    170      1      2     16      2      2      2      1   2062
      1    170      2      1      1      6     12      3      0   4782
      1    170      2      1      2      4      1      2      0   3255
      1    170      2      1      3      8      5      7      0   3432
      1    170      2      1      4      7     13      5      0   3831
      1    170      2      1      5      4     14      2      0   1478
      1    170      2      1      6      5      7      5      1   1644
      1    170      2      1      7      1     11      2      0   3612
      1    170      2      1      8      2     13      4      0   3290
      1    170      2      1      9      2      3      8      0   2876
      1    170      2      1     10      3     13      8      0   7141
      1    170      2      1     11      8      6      8      1   2017
      1    170      2      1     12      7      4      3      0   1556
      1    170      2      1     13      3     15      4      0   3181
      1    170      2      1     14      5     12      5      1   1890
      1    170      2      1     15      1      2      1      1   2202
      1    170      2      1     16      6      9      6      1   3473
      1    170      2      2      1      3     11      1      0   4212
      1    170      2      2      2      3     16      7      0   6996
      1    170      2      2      3      6     11      6      1   4396
      1    170      2      2      4      8     10      8      1   3645
      1    170      2      2      5      4      3      1      0   4612
      1    170      2      2      6      1     14      3      0   5879
      1    170      2      2      7      8     14      8      1   1364
      1    170      2      2      8      1      4      2      0   1746
      1    170      2      2      9      2      6      2      1   3579
      1    170      2      2     10      5      5      5      1   2779
      1    170      2      2     11      5      4      5      1   1462
      1    170      2      2     12      4      8      7      0   6797
      1    170      2      2     13      7      2      8      0   2329
      1    170      2      2     14      6      8      3      0   3597
      1    170      2      2     15      2      8      2      1   1595
      1    170      2      2     16      7     12      7      1   2546
      1    170      3      1      1      2     16      2      1   4402
      1    170      3      1      2      2      4      2      1   1799
      1    170      3      1      3      6     15      7      0   1951
      1    170      3      1      4      3      8      3      1   1807
      1    170      3      1      5      7     14      4      0   4547
      1    170      3      1      6      1      9      8      0   4240
      1    170      3      1      7      8     15      8      1   1566
      1    170      3      1      8      7     10      3      0   3806
      1    170      3      1      9      8      3      8      1   1518
      1    170      3      1     10      3      9      3      1   1648
      1    170      3      1     11      5     11      5      1   1147
      1    170      3      1     12      5     16      5      1   1536
      1    170      3      1     13      4      5      1      0   5850
      1    170      3      1     14      4     13      4      1   4745
      1    170      3      1     15      6     13      1      0   3312
      1    170      3      1     16      1      1      7      0   4335
      1    170      3      2      1      8      9      8      1   1446
      1    170      3      2      2      3     14      6      0  15379
      1    170      3      2      3      8      4      8      1   1296
      1    170      3      2      4      2      1      2      1   1645
      1    170      3      2      5      1      5      1      1   5896
      1    170      3      2      6      6      6      7      0   6546
      1    170      3      2      7      7      7      4      0   7646
      1    170      3      2      8      1     10      6      0   3696
      1    170      3      2      9      2     10      2      1   4046
      1    170      3      2     10      4     10      6      0   3996
      1    170      3      2     11      6     16      3      0   2879
      1    170      3      2     12      5     14      5      1   1279
      1    170      3      2     13      4     12      2      0   1680
      1    170      3      2     14      5      8      5      1   1895
      1    170      3      2     15      3     10      1      0   4279
      1    170      3      2     16      7     15      7      1   2846
      1    170      4      1      1      4      5      1      0  12036
      1    170      4      1      2      3      2      7      0   4721
      1    170      4      1      3      6     12      6      1   3887
      1    170      4      1      4      3     15      3      1   2041
      1    170      4      1      5      1      6      1      1   4234
      1    170      4      1      6      6      5      7      0   2751
      1    170      4      1      7      1      1      6      0   4883
      1    170      4      1      8      7     14      4      0   5716
      1    170      4      1      9      4     13      1      0   2832
      1    170      4      1     10      2      4      2      1   1332
      1    170      4      1     11      5      7      5      1   1183
      1    170      4      1     12      5     11      5      1   1471
      1    170      4      1     13      8      3      8      1   1376
      1    170      4      1     14      2     16      2      1   1978
      1    170      4      1     15      8     15      8      1   3108
      1    170      4      1     16      7      4      1      0   4584
      1    170      4      2      1      8     13      4      0    895
      1    170      4      2      2      5      5      5      1   1881
      1    170      4      2      3      4     15      4      1   7029
      1    170      4      2      4      7     15      6      0   2946
      1    170      4      2      5      4     12      2      0   3497
      1    170      4      2      6      6     11      6      1   6212
      1    170      4      2      7      2      1      2      1   1579
      1    170      4      2      8      1     10      7      0   3296
      1    170      4      2      9      5     10      5      1   1279
      1    170      4      2     10      8     14      8      1   1546
      1    170      4      2     11      3     14      3      1   3313
      1    170      4      2     12      7      2      6      0   3396
      1    170      4      2     13      2      8      2      1   1311
      1    170      4      2     14      3     11      3      1   1395
      1    170      4      2     15      6      8      4      0   3962
      1    170      4      2     16      1     16      1      1   5429
      1    170      5      1      1      8      5      8      1   1389
      1    170      5      1      2      4     14      7      0   4536
      1    170      5      1      3      6      9      6      1   2987
      1    170      5      1      4      3     12      3      1   1466
      1    170      5      1      5      2      9      2      1   1291
      1    170      5      1      6      5      9      5      1   1343
      1    170      5      1      7      8     16      8      1   1065
      1    170      5      1      8      2      5      2      1    943
      1    170      5      1      9      6     13      7      0   5040
      1    170      5      1     10      1      7      1      1   3837
      1    170      5      1     11      7      6      7      1   4071
      1    170      5      1     12      1      2      1      1   4674
      1    170      5      1     13      7     13      7      1   2224
      1    170      5      1     14      3     13      3      1   3025
      1    170      5      1     15      5     16      5      1   1211
      1    170      5      1     16      4      1      4      1   4749
      1    170      5      2      1      5      8      5      1   2046
      1    170      5      2      2      6      3      7      0   2163
      1    170      5      2      3      1      4      4      0   3097
      1    170      5      2      4      7     12      1      0   2698
      1    170      5      2      5      1      5      1      1   6097
      1    170      5      2      6      3     16      3      1   1564
      1    170      5      2      7      7      7      7      1   2714
      1    170      5      2      8      2     14      8      0   1663
      1    170      5      2      9      2      6      2      1   1112
      1    170      5      2     10      6      6      7      0   4446
      1    170      5      2     11      4     10      4      1   3046
      1    170      5      2     12      8     10      8      1   1962
      1    170      5      2     13      4      8      4      1   1979
      1    170      5      2     14      5      4      5      1   1779
      1    170      5      2     15      8      9      8      1   2563
      1    170      5      2     16      3      6      3      1   2664
      1    170      6      1      1      6      7      7      0   1588
      1    170      6      1      2      1     11      1      1   1857
      1    170      6      1      3      6     15      7      0   1766
      1    170      6      1      4      5      2      5      1   1297
      1    170      6      1      5      8      8      8      1   1464
      1    170      6      1      6      3      8      3      1   1571
      1    170      6      1      7      5     12      5      1   1093
      1    170      6      1      8      4     11      2      0   4962
      1    170      6      1      9      7     10      7      1   1490
      1    170      6      1     10      7      5      7      1   1750
      1    170      6      1     11      3      9      3      1   1263
      1    170      6      1     12      8      6      8      1   1085
      1    170      6      1     13      4      9      4      1   2409
      1    170      6      1     14      2      3      2      1   3441
      1    170      6      1     15      2     13      2      1   2208
      1    170      6      1     16      1      9      2      0   4942
      1    170      6      2      1      2      2      2      1   1112
      1    170      6      2      2      4     16      2      0   1346
      1    170      6      2      3      7      8      7      1   1581
      1    170      6      2      4      6     16      6      1   1913
      1    170      6      2      5      1     14      1      1   7579
      1    170      6      2      6      2     10      2      1   4929
      1    170      6      2      7      5     14      5      1   1264
      1    170      6      2      8      8      4      8      1   1064
      1    170      6      2      9      4      3      3      0   1495
      1    170      6      2     10      6     10      7      0   1898
      1    170      6      2     11      5      6      5      1   1412
      1    170      6      2     12      7     16      7      1   4129
      1    170      6      2     13      3     10      3      1   1213
      1    170      6      2     14      3      7      1      0   1746
      1    170      6      2     15      8      2      8      1   1362
      1    170      6      2     16      1      3      1      1   1763
      1    170      7      1      1      4     13      1      0   4614
      1    170      7      1      2      5     11      5      1   1498
      1    170      7      1      3      2      5      2      1   1174
      1    170      7      1      4      1      9      2      0   3291
      1    170      7      1      5      7      5      7      1   1522
      1    170      7      1      6      3      2      7      0   3361
      1    170      7      1      7      8      5      8      1   1233
      1    170      7      1      8      2     13      2      1   1584
      1    170      7      1      9      4      9      4      1   2967
      1    170      7      1     10      8     15      8      1   1222
      1    170      7      1     11      6     12      6      1   4577
      1    170      7      1     12      1      6      3      0   2635
      1    170      7      1     13      3     13      3      1   1271
      1    170      7      1     14      5     12      5      1   1553
      1    170      7      1     15      6      5      1      0   4939
      1    170      7      1     16      7      4      6      0   1985
      1    170      7      2      1      8     13      8      1   1579
      1    170      7      2      2      2     10      2      1   1997
      1    170      7      2      3      5      8      5      1   1295
      1    170      7      2      4      1      5      1      1   5013
      1    170      7      2      5      6      6      7      0   3013
      1    170      7      2      6      3     11      3      1   1347
      1    170      7      2      7      2      1      2      1    979
      1    170      7      2      8      3      7      1      0   6963
      1    170      7      2      9      7      7      7      1   1846
      1    170      7      2     10      8     14      8      1    946
      1    170      7      2     11      7     16      4      0   2030
      1    170      7      2     12      5      6      5      1   1279
      1    170      7      2     13      4      3      3      0   2379
      1    170      7      2     14      6      3      7      0   2396
      1    170      7      2     15      1     14      1      1   3429
      1    170      7      2     16      4     10      4      1   1113
      1    170      8      1      1      3     12      3      1   1406
      1    170      8      1      2      2      4      2      1   1072
      1    170      8      1      3      1      1      6      0   3940
      1    170      8      1      4      4     14      4      1   2786
      1    170      8      1      5      3      8      3      1   1941
      1    170      8      1      6      6     13      6      1   4912
      1    170      8      1      7      7     10      7      1   2115
      1    170      8      1      8      6     15      6      1   5108
      1    170      8      1      9      2      9      2      1    983
      1    170      8      1     10      5      2      5      1   2189
      1    170      8      1     11      4     11      2      0   1480
      1    170      8      1     12      8     16      8      1   2349
      1    170      8      1     13      1     11      1      1   3217
      1    170      8      1     14      7     13      7      1   1420
      1    170      8      1     15      5      7      5      1   1428
      1    170      8      1     16      8      6      8      1   1602
      1    170      8      2      1      1      4      1      1   3113
      1    170      8      2      2      3     16      3      1   2512
      1    170      8      2      3      2      6      2      1   7629
      1    170      8      2      4      2      8      2      1   1595
      1    170      8      2      5      5      4      5      1   1612
      1    170      8      2      6      6      8      6      1   3695
      1    170      8      2      7      7      2      7      1   2363
      1    170      8      2      8      8      4      8      1   1096
      1    170      8      2      9      7     12      7      1   1979
      1    170      8      2     10      6     10      7      0   3647
      1    170      8      2     11      1     10      1      1   6447
      1    170      8      2     12      3      6      3      1   1446
      1    170      8      2     13      4     12      4      1   1345
      1    170      8      2     14      8      9      8      1   1079
      1    170      8      2     15      5     14      5      1   2312
      1    170      8      2     16      4     16      4      1   1729
      1    170      9      1      1      6      9      7      0   2689
      1    170      9      1      2      3     15      3      1   2509
      1    170      9      1      3      2      3      4      0   4279
      1    170      9      1      4      1      7      1      1   1463
      1    170      9      1      5      4      5      4      1   1469
      1    170      9      1      6      3      9      3      1   1215
      1    170      9      1      7      4      1      4      1   1741
      1    170      9      1      8      7      6      7      1   1507
      1    170      9      1      9      2     16      4      0   1742
      1    170      9      1     10      7     14      7      1   2878
      1    170      9      1     11      8      8      8      1   1663
      1    170      9      1     12      6      7      7      0   4372
      1    170      9      1     13      8      3      8      1   1155
      1    170      9      1     14      5      9      5      1   1194
      1    170      9      1     15      5     16      5      1   1387
      1    170      9      1     16      1      2      1      1   2905
      1    170      9      2      1      6     16      6      1  18413
      1    170      9      2      2      5     10      5      1   1546
      1    170      9      2      3      1     16      4      0   7696
      1    170      9      2      4      4     15      4      1   2062
      1    170      9      2      5      3     14      3      1   1014
      1    170      9      2      6      7     15      7      1   1212
      1    170      9      2      7      6     11      6      1   1812
      1    170      9      2      8      8      2      8      1    996
      1    170      9      2      9      4      8      4      1   1179
      1    170      9      2     10      5      5      5      1   1596
      1    170      9      2     11      7      8      7      1   1529
      1    170      9      2     12      1      3      2      0   2779
      1    170      9      2     13      8     10      8      1   2396
      1    170      9      2     14      3     10      1      0   4881
      1    170      9      2     15      2     14      4      0   5496
      1    170      9      2     16      2      2      2      1   1513
