      2     58      1      1      1      5     10      6      0   3937   6585
      2     58      1      1      2      8      8      3      0   1112   4224
      2     58      1      1      3      6     16      2      0   1220   5098
      2     58      1      1      4      8      8      8      1   2320   4592
      2     58      1      1      5      6     15      2      0   1544   2815
      2     58      1      1      6      4     12      1      0   1764   3227
      2     58      1      1      7      5      6      2      0   2049   3452
      2     58      1      1      8      5     11      5      1   2252   1172
      2     58      1      1      9      2      6      3      0   1266   1469
      2     58      1      1     10      5      6      5      1   2636   1974
      2     58      1      1     11      6     16      6      1   1434   1353
      2     58      1      1     12      8      8      8      1   2051   3252
      2     58      1      1     13      3     11      8      0   2107   1787
      2     58      1      1     14      1      7      3      0   1752   2532
      2     58      1      1     15      8      5      8      1   1680    651
      2     58      1      1     16      2      8      2      1   1498    995
      2     58      1      2      1      1     11      2      0   8513     -1
      2     58      1      2      2      4      8      4      1   4058     -1
      2     58      1      2      3      7      4      6      0   1642     -1
      2     58      1      2      4      5     14      5      1   2060     -1
      2     58      1      2      5      8     16      8      1   1709     -1
      2     58      1      2      6      2     13      2      1   1626     -1
      2     58      1      2      7      3      6      1      0   4546     -1
      2     58      1      2      8      5     12      5      1   2763     -1
      2     58      1      2      9      7      5      7      1   2544     -1
      2     58      1      2     10      2     14      4      0   2059     -1
      2     58      1      2     11      4     15      3      0   4444     -1
      2     58      1      2     12      3      2      3      1   2760     -1
      2     58      1      2     13      6      3      7      0   5694     -1
      2     58      1      2     14      6      5      7      0   1477     -1
      2     58      1      2     15      1     14      1      1   2860     -1
      2     58      1      2     16      8      9      8      1   2527     -1
      2     58      2      1      1      5      7      3      0   1125   5208
      2     58      2      1      2      8      2      4      0   1018   1138
      2     58      2      1      3      3      8      8      0   1399   1896
      2     58      2      1      4      1      7      3      0   1195   1864
      2     58      2      1      5      7     15      3      0   1182   1242
      2     58      2      1      6      8     14      8      1   1427   1933
      2     58      2      1      7      4      9      2      0   1977   2274
      2     58      2      1      8      6     15      3      0   1305   1331
      2     58      2      1      9      3     12      4      0   1543   1390
      2     58      2      1     10      2      1      1      0   1157   1854
      2     58      2      1     11      1      1      7      0   1259   1312
      2     58      2      1     12      8      2      8      1   1990   1837
      2     58      2      1     13      6      8      6      1   1394   1097
      2     58      2      1     14      3      8      7      0   1122   1889
      2     58      2      1     15      2     16      2      1   1484   2221
      2     58      2      1     16      3      7      3      1   3100   2219
      2     58      2      2      1      7      2      3      0   1197     -1
      2     58      2      2      2      7      6      3      0   4010     -1
      2     58      2      2      3      8     10      8      1   2944     -1
      2     58      2      2      4      2     10      2      1   3577     -1
      2     58      2      2      5      4     14      7      0   3427     -1
      2     58      2      2      6      3     14      1      0   3893     -1
      2     58      2      2      7      5      8      5      1   2127     -1
      2     58      2      2      8      2      5      2      1   1793     -1
      2     58      2      2      9      6     10      6      1   2263     -1
      2     58      2      2     10      4     16      1      0   2412     -1
      2     58      2      2     11      5      2      5      1   1779     -1
      2     58      2      2     12      1      3      4      0   2145     -1
      2     58      2      2     13      3     13      4      0   5478     -1
      2     58      2      2     14      1      2      1      1   1509     -1
      2     58      2      2     15      8      4      8      1   1527     -1
      2     58      2      2     16      6     11      6      1   1960     -1
      2     58      3      1      1      6      7      6      1   1770  11063
      2     58      3      1      2      1     10      2      0   1019    664
      2     58      3      1      3      8      2      8      1    955    808
      2     58      3      1      4      4     12      1      0   1316   2503
      2     58      3      1      5      1      7      4      0   1285   1074
      2     58      3      1      6      3     10      1      0   1958   1280
      2     58      3      1      7      8      5      8      1   1296   1226
      2     58      3      1      8      6      9      6      1   1939   1216
      2     58      3      1      9      7     12      1      0   1823   2574
      2     58      3      1     10      1      7      1      1   1417   1876
      2     58      3      1     11      3      7      1      0   1340   2986
      2     58      3      1     12      6     15      6      1   1123   1281
      2     58      3      1     13      3      9      7      0   4049   2093
      2     58      3      1     14      3      8      3      1   1434   1370
      2     58      3      1     15      4     10      1      0   1339   1462
      2     58      3      1     16      7      8      3      0   2484   3889
      2     58      3      2      1      8      3      8      1   4312     -1
      2     58      3      2      2      1      6      1      1   2662     -1
      2     58      3      2      3      5     16      5      1   1477     -1
      2     58      3      2      4      5      5      5      1   1877     -1
      2     58      3      2      5      2      4      2      1   2209     -1
      2     58      3      2      6      4      1      3      0   4011     -1
      2     58      3      2      7      6      6      6      1   1510     -1
      2     58      3      2      8      4      5      7      0   1543     -1
      2     58      3      2      9      3     15      4      0   2293     -1
      2     58      3      2     10      7     13      7      1   5177     -1
      2     58      3      2     11      1      4      1      1   2177     -1
      2     58      3      2     12      8     13      8      1   2560     -1
      2     58      3      2     13      2      9      2      1   1243     -1
      2     58      3      2     14      6     12      6      1   1411     -1
      2     58      3      2     15      3     16      4      0   1830     -1
      2     58      3      2     16      7     10      3      0   1610     -1
      2     58      4      1      1      7     12      4      0   1704   3286
      2     58      4      1      2      8      2      8      1   1143    606
      2     58      4      1      3      3      8      1      0   2100    958
      2     58      4      1      4      3      9      3      1   1155   1481
      2     58      4      1      5      1      1      1      1   1191   1034
      2     58      4      1      6      1      5      4      0   1766   1190
      2     58      4      1      7      4     11      1      0   1391   2363
      2     58      4      1      8      4     10      4      1   1021   1169
      2     58      4      1      9      4     13      3      0   3201   4535
      2     58      4      1     10      4      3      1      0   1542   1770
      2     58      4      1     11      1      7      3      0   1075   2049
      2     58      4      1     12      3      8      3      1   1451   1385
      2     58      4      1     13      3     12      1      0   1403    956
      2     58      4      1     14      8     14      8      1   1258   1032
      2     58      4      1     15      7      7      3      0   2755    938
      2     58      4      1     16      5      7      5      1    894   2570
      2     58      4      2      1      1      2      1      1   2447     -1
      2     58      4      2      2      6     11      6      1   1293     -1
      2     58      4      2      3      8     13      8      1   2993     -1
      2     58      4      2      4      2     14      4      0   7612     -1
      2     58      4      2      5      5      2      5      1   1244     -1
      2     58      4      2      6      1     14      3      0   3178     -1
      2     58      4      2      7      2     13      7      0   3047     -1
      2     58      4      2      8      8      9      8      1   1826     -1
      2     58      4      2      9      7      6      6      0   1427     -1
      2     58      4      2     10      7     10      3      0   6013     -1
      2     58      4      2     11      3     13      3      1   1612     -1
      2     58      4      2     12      4      8      4      1   1996     -1
      2     58      4      2     13      4     16      4      1   1693     -1
      2     58      4      2     14      5     16      5      1   1327     -1
      2     58      4      2     15      3      2      1      0   3378     -1
      2     58      4      2     16      6      5      6      1   1780     -1
      2     58      5      1      1      7      7      4      0   2745   1211
      2     58      5      1      2      8      2      8      1   1080   1209
      2     58      5      1      3      8     15      4      0   1660   2898
      2     58      5      1      4      3     10      1      0   1169    991
      2     58      5      1      5      2      3      1      0   2204   1284
      2     58      5      1      6      2      2      5      0    921   1006
      2     58      5      1      7      6      7      6      1   1216   1405
      2     58      5      1      8      1      1      3      0    812   1849
      2     58      5      1      9      3      7      1      0   1686   2746
      2     58      5      1     10      3      8      3      1    935   1827
      2     58      5      1     11      3     12      1      0    905   1530
      2     58      5      1     12      4      3      4      1   1033   1340
      2     58      5      1     13      6      9      6      1   1388   2185
      2     58      5      1     14      5      9      5      1    916   1205
      2     58      5      1     15      6     13      5      0   1222   9204
      2     58      5      1     16      8      2      8      1   1100   2514
      2     58      5      2      1      5     14      5      1   1446     -1
      2     58      5      2      2      5      8      5      1   1476     -1
      2     58      5      2      3      1      3      1      1   5360     -1
      2     58      5      2      4      2      4      2      1   1360     -1
      2     58      5      2      5      4     14      4      1   1277     -1
      2     58      5      2      6      6     12      7      0   2793     -1
      2     58      5      2      7      2     10      2      1   1943     -1
      2     58      5      2      8      3      6      4      0   1811     -1
      2     58      5      2      9      1     11      7      0   2878     -1
      2     58      5      2     10      8     16      8      1   2012     -1
      2     58      5      2     11      7      4      6      0   2526     -1
      2     58      5      2     12      4      5      1      0   2294     -1
      2     58      5      2     13      6      3      6      1   1210     -1
      2     58      5      2     14      3     15      4      0   1477     -1
      2     58      5      2     15      7      5      3      0   3928     -1
      2     58      5      2     16      8      4      8      1   1093     -1
      2     58      6      1      1      2      8      2      1   1025    772
      2     58      6      1      2      1      7      4      0   2000   1239
      2     58      6      1      3      1     16      1      1   1173   1034
      2     58      6      1      4      7     12      1      0   1468    909
      2     58      6      1      5      7     15      7      1   1394   3587
      2     58      6      1      6      3     12      1      0   2674    806
      2     58      6      1      7      8      6      8      1   1028   1720
      2     58      6      1      8      2      6      2      1    836   3413
      2     58      6      1      9      6     13      6      1    953   1335
      2     58      6      1     10      8      2      8      1    692   1263
      2     58      6      1     11      3      8      7      0   2306   1118
      2     58      6      1     12      1      7      1      1    768   1448
      2     58      6      1     13      2      2      2      1    871   1300
      2     58      6      1     14      8      2      8      1    734    681
      2     58      6      1     15      4     11      3      0   1449    766
      2     58      6      1     16      5      7      5      1    864   1633
      2     58      6      2      1      7     13      6      0   2513     -1
      2     58      6      2      2      8     10      8      1   1110     -1
      2     58      6      2      3      6     10      6      1   1511     -1
      2     58      6      2      4      8      3      8      1   1294     -1
      2     58      6      2      5      7      2      7      1   5759     -1
      2     58      6      2      6      2      9      2      1   1159     -1
      2     58      6      2      7      6      6      6      1   1361     -1
      2     58      6      2      8      5     12      5      1   1380     -1
      2     58      6      2      9      1      4      1      1   2012     -1
      2     58      6      2     10      3     16      4      0   3044     -1
      2     58      6      2     11      5      5      5      1   1410     -1
      2     58      6      2     12      1      6      4      0   1277     -1
      2     58      6      2     13      4      1      7      0   2994     -1
      2     58      6      2     14      2      5      2      1    994     -1
      2     58      6      2     15      4     15      3      0   1543     -1
      2     58      6      2     16      3     14      1      0    927     -1
      2     58      7      1      1      8      5      8      1    856   1150
      2     58      7      1      2      4     11      2      0    969   1106
      2     58      7      1      3      3     12      7      0   1000   1417
      2     58      7      1      4      6     13      6      1   1534   1253
      2     58      7      1      5      7     15      1      0    997   2337
      2     58      7      1      6      8      8      4      0   1045   2128
      2     58      7      1      7      1      1      3      0    674    757
      2     58      7      1      8      1     10      2      0    777    752
      2     58      7      1      9      3     11      1      0    796   1800
      2     58      7      1     10      5      6      5      1   1025   1380
      2     58      7      1     11      6     15      6      1   1074   3376
      2     58      7      1     12      5      4      5      1    936   3904
      2     58      7      1     13      7     15      3      0   1403   1808
      2     58      7      1     14      3     12      7      0    947   4389
      2     58      7      1     15      6      8      6      1    988   1529
      2     58      7      1     16      3      8      1      0   1929   2473
      2     58      7      2      1      8     10      8      1   1530     -1
      2     58      7      2      2      1     14      8      0   3159     -1
      2     58      7      2      3      4     16      4      1   2277     -1
      2     58      7      2      4      2      9      2      1   3661     -1
      2     58      7      2      5      7      2      3      0   1712     -1
      2     58      7      2      6      7      6      3      0   1060     -1
      2     58      7      2      7      6     12      6      1   1364     -1
      2     58      7      2      8      3     14      1      0   1129     -1
      2     58      7      2      9      1      6      1      1   1345     -1
      2     58      7      2     10      2     10      2      1   1111     -1
      2     58      7      2     11      3      2      3      1   2795     -1
      2     58      7      2     12      5      8      5      1   1095     -1
      2     58      7      2     13      5      2      5      1   1393     -1
      2     58      7      2     14      4      5      4      1   1527     -1
      2     58      7      2     15      8      4      8      1   1161     -1
      2     58      7      2     16      6     10      6      1   1412     -1
      2     58      8      1      1      3     12      3      1    895   1245
      2     58      8      1      2      1      1      2      0    673   1004
      2     58      8      1      3      1      7      1      1    863   1013
      2     58      8      1      4      3      8      4      0    950   1126
      2     58      8      1      5      8     15      8      1    999   1287
      2     58      8      1      6      1      9      4      0   1110    968
      2     58      8      1      7      7     15      3      0   1486   2137
      2     58      8      1      8      6      7      6      1   1033   3532
      2     58      8      1      9      4     11      4      1    964   1585
      2     58      8      1     10      8      6      8      1   2679   1046
      2     58      8      1     11      1     10      3      0   4380   1404
      2     58      8      1     12      5      9      5      1    775   1280
      2     58      8      1     13      2      2      4      0    800   1386
      2     58      8      1     14      8      2      8      1    684    942
      2     58      8      1     15      5      6      5      1   1061   1850
      2     58      8      1     16      3     12      1      0    823   1280
      2     58      8      2      1      2      4      2      1   1597     -1
      2     58      8      2      2      1     11      1      1   1444     -1
      2     58      8      2      3      1      2      4      0   1677     -1
      2     58      8      2      4      6      5      3      0   2260     -1
      2     58      8      2      5      4      8      7      0   1644     -1
      2     58      8      2      6      5      5      5      1   1596     -1
      2     58      8      2      7      3      6      3      1   2443     -1
      2     58      8      2      8      7     13      6      0   1212     -1
      2     58      8      2      9      5     16      5      1   1309     -1
      2     58      8      2     10      7      4      1      0   1311     -1
      2     58      8      2     11      2     13      2      1   4329     -1
      2     58      8      2     12      4     15      3      0   1477     -1
      2     58      8      2     13      6      6      6      1   1794     -1
      2     58      8      2     14      8      3      8      1   1261     -1
      2     58      8      2     15      3     13      4      0   1427     -1
      2     58      8      2     16      8     16      8      1   1610     -1
      2     58      9      1      1      4     11      4      1    631   1259
      2     58      9      1      2      3     11      4      0   1272   1153
      2     58      9      1      3      8     14      8      1   1646   1963
      2     58      9      1      4      4     13      1      0   1239   2510
      2     58      9      1      5      3      8      4      0    888   2005
      2     58      9      1      6      2      2      2      1   4530   2733
      2     58      9      1      7      5      7      5      1    924   3244
      2     58      9      1      8      3     12      1      0   1204   9104
      2     58      9      1      9      6      9      3      0    990   1673
      2     58      9      1     10      8      2      6      0    920   1596
      2     58      9      1     11      4     11      4      1    716   1683
      2     58      9      1     12      1      7      1      1   1537   1087
      2     58      9      1     13      3      8      3      1   1607   1410
      2     58      9      1     14      2      1      2      1   1648   1845
      2     58      9      1     15      6      9      5      0    987   3727
      2     58      9      1     16      8      6      8      1   1160   1146
      2     58      9      2      1      3     15      3      1   4747     -1
      2     58      9      2      2      1      3      4      0   2293     -1
      2     58      9      2      3      8     13      8      1   1960     -1
      2     58      9      2      4      4     14      2      0   1343     -1
      2     58      9      2      5      8      9      8      1   1260     -1
      2     58      9      2      6      5     14      5      1   1193     -1
      2     58      9      2      7      2     14      8      0   2061     -1
      2     58      9      2      8      7      5      4      0   1309     -1
      2     58      9      2      9      6      3      6      1   1128     -1
      2     58      9      2     10      7     10      3      0   1095     -1
      2     58      9      2     11      3     16      1      0   1110     -1
      2     58      9      2     12      5     12      5      1   1544     -1
      2     58      9      2     13      2      5      2      1   1428     -1
      2     58      9      2     14      1      4      3      0   1110     -1
      2     58      9      2     15      6     11      6      1   1193     -1
      2     58      9      2     16      4      1      7      0   1377     -1
