      1    145      1      1      1      5      6      3      0   3664
      1    145      1      1      2      5      7      5      1   3571
      1    145      1      1      3      3     15      8      0   3579
      1    145      1      1      4      6      3      4      0   8382
      1    145      1      1      5      1      5      3      0   4108
      1    145      1      1      6      8      6      4      0   3954
      1    145      1      1      7      7     14      6      0   5565
      1    145      1      1      8      6     16      4      0   3015
      1    145      1      1      9      2      2      1      0   4513
      1    145      1      1     10      7     16      7      1   7704
      1    145      1      1     11      1      1      3      0   8828
      1    145      1      1     12      2      4      1      0   5259
      1    145      1      1     13      8     16      8      1   8226
      1    145      1      1     14      4      1      4      1   2659
      1    145      1      1     15      4     15      7      0   7455
      1    145      1      1     16      3     16      6      0   6753
      1    145      1      2      1      5     12      5      1   3416
      1    145      1      2      2      4     14      3      0   6669
      1    145      1      2      3      8      3      8      1   1664
      1    145      1      2      4      3      9      1      0   2765
      1    145      1      2      5      1     10      6      0   3128
      1    145      1      2      6      7      5      4      0   3499
      1    145      1      2      7      7     10      4      0   2403
      1    145      1      2      8      2      9      2      1   1348
      1    145      1      2      9      8     10      7      0   1732
      1    145      1      2     10      1     11      3      0   1749
      1    145      1      2     11      6      8      5      0   2066
      1    145      1      2     12      4     10      6      0   2866
      1    145      1      2     13      5     14      5      1   1527
      1    145      1      2     14      2     14      8      0   1998
      1    145      1      2     15      3     13      1      0   3300
      1    145      1      2     16      6     11      5      0   3466
      1    145      2      1      1      7      6      5      0   4578
      1    145      2      1      2      6      5      7      0   2318
      1    145      2      1      3      6      9      4      0   3121
      1    145      2      1      4      8      4      8      1   1590
      1    145      2      1      5      3     10      1      0   1847
      1    145      2      1      6      7      7      4      0   3203
      1    145      2      1      7      1     16      7      0   1757
      1    145      2      1      8      2      8      2      1   1847
      1    145      2      1      9      5     10      5      1   1808
      1    145      2      1     10      8      8      8      1   1929
      1    145      2      1     11      5      5      5      1   1347
      1    145      2      1     12      4      3      7      0   2047
      1    145      2      1     13      2     16      1      0   5254
      1    145      2      1     14      1      7      6      0   6084
      1    145      2      1     15      4     16      2      0   1976
      1    145      2      1     16      3     14      7      0   5184
      1    145      2      2      1      3      7      3      1   3170
      1    145      2      2      2      7     12      7      1   4785
      1    145      2      2      3      6     13      4      0   5019
      1    145      2      2      4      5      9      5      1   1014
      1    145      2      2      5      4      8      1      0   2016
      1    145      2      2      6      5      4      5      1   1165
      1    145      2      2      7      3      8      4      0   1898
      1    145      2      2      8      7     15      7      1   1649
      1    145      2      2      9      8      2      8      1   1448
      1    145      2      2     10      4      9      5      0   6069
      1    145      2      2     11      2      3      4      0   2132
      1    145      2      2     12      1      2      3      0   3630
      1    145      2      2     13      8      9      8      1   1014
      1    145      2      2     14      6     10      1      0   5382
      1    145      2      2     15      2     13      2      1   1815
      1    145      2      2     16      1      6      7      0   2249
      1    145      3      1      1      3      2      5      0   3397
      1    145      3      1      2      6     12      1      0   3928
      1    145      3      1      3      1      9      7      0   3331
      1    145      3      1      4      8      5      8      1   1179
      1    145      3      1      5      6      6      1      0   5398
      1    145      3      1      6      8     14      8      1   1055
      1    145      3      1      7      1      3      4      0   3236
      1    145      3      1      8      2     10      2      1   1559
      1    145      3      1      9      7      4      6      0   3141
      1    145      3      1     10      4      5      7      0   2673
      1    145      3      1     11      5     11      5      1   1048
      1    145      3      1     12      5      8      5      1   1602
      1    145      3      1     13      2      1      1      0   3028
      1    145      3      1     14      4     13      4      1   2647
      1    145      3      1     15      7     13      6      0   2596
      1    145      3      1     16      3     12      6      0   1523
      1    145      3      2      1      3      6      6      0   3304
      1    145      3      2      2      8     13      8      1   1831
      1    145      3      2      3      4     12      3      0   4969
      1    145      3      2      4      2      6      2      1   1047
      1    145      3      2      5      1     14      6      0   1798
      1    145      3      2      6      4     11      1      0   3066
      1    145      3      2      7      2      5      2      1   1181
      1    145      3      2      8      7      2      7      1   1648
      1    145      3      2      9      5      2      5      1   1265
      1    145      3      2     10      8     15      8      1    730
      1    145      3      2     11      7      8      7      1   1319
      1    145      3      2     12      5     16      5      1   1231
      1    145      3      2     13      6     15      4      0   2666
      1    145      3      2     14      3     11      6      0   2312
      1    145      3      2     15      6      7      7      0   2400
      1    145      3      2     16      1      4      3      0   2116
      1    145      4      1      1      4     15      3      0   2190
      1    145      4      1      2      1      5      3      0   3973
      1    145      4      1      3      7      6      3      0   7052
      1    145      4      1      4      2     10      2      1   3792
      1    145      4      1      5      8     16      8      1   1226
      1    145      4      1      6      7      7      7      1   1666
      1    145      4      1      7      5      5      5      1   1580
      1    145      4      1      8      1     16      1      1   6423
      1    145      4      1      9      6      9      4      0   3102
      1    145      4      1     10      4      1      1      0   2387
      1    145      4      1     11      5      6      5      1   1181
      1    145      4      1     12      3     12      4      0   3398
      1    145      4      1     13      8     14      8      1   1275
      1    145      4      1     14      3     16      4      0   3103
      1    145      4      1     15      2      1      1      0   2414
      1    145      4      1     16      6      6      7      0   2126
      1    145      4      2      1      4      9      1      0   3720
      1    145      4      2      2      6     10      7      0   1494
      1    145      4      2      3      1     10      4      0   3283
      1    145      4      2      4      5      4      5      1   1110
      1    145      4      2      5      4     12      1      0   1549
      1    145      4      2      6      7      8      7      1   1098
      1    145      4      2      7      3     13      6      0   1931
      1    145      4      2      8      1      4      3      0   3746
      1    145      4      2      9      8     10      4      0   3201
      1    145      4      2     10      5     14      5      1   1097
      1    145      4      2     11      8      9      8      1   1082
      1    145      4      2     12      3      6      6      0   2278
      1    145      4      2     13      2     13      2      1   1366
      1    145      4      2     14      2      3      3      0   1630
      1    145      4      2     15      6     11      7      0   1428
      1    145      4      2     16      7     10      7      1   1330
      1    145      5      1      1      5     11      5      1   2693
      1    145      5      1      2      3     14      3      1   2425
      1    145      5      1      3      2     16      2      1   3564
      1    145      5      1      4      1      9      1      1   2841
      1    145      5      1      5      8      8      8      1   1849
      1    145      5      1      6      1      1      3      0   2115
      1    145      5      1      7      4     13      4      1   1213
      1    145      5      1      8      5     10      5      1   1097
      1    145      5      1      9      7      4      7      1   1312
      1    145      5      1     10      7     14      6      0   3878
      1    145      5      1     11      6      3      7      0   1816
      1    145      5      1     12      4      5      3      0   2075
      1    145      5      1     13      3      2      7      0   1412
      1    145      5      1     14      2      8      2      1   1588
      1    145      5      1     15      6     16      6      1   1871
      1    145      5      1     16      8      4      8      1   1118
      1    145      5      2      1      3      9      6      0   6956
      1    145      5      2      2      6     13      7      0   8787
      1    145      5      2      3      5     12      5      1   1111
      1    145      5      2      4      1     11      1      1   3279
      1    145      5      2      5      4     11      1      0   3347
      1    145      5      2      6      6      8      7      0   3066
      1    145      5      2      7      4     14      4      1   1594
      1    145      5      2      8      8     15      8      1   1578
      1    145      5      2      9      1      6      1      1   2127
      1    145      5      2     10      2      9      1      0   1314
      1    145      5      2     11      3      8      3      1   5752
      1    145      5      2     12      5      2      5      1   1047
      1    145      5      2     13      7     12      7      1   1366
      1    145      5      2     14      8     13      8      1   1064
      1    145      5      2     15      2      5      2      1   1047
      1    145      5      2     16      7     15      7      1   1249
      1    145      6      1      1      5      8      5      1   2467
      1    145      6      1      2      4     16      4      1   2024
      1    145      6      1      3      2      4      2      1    968
      1    145      6      1      4      1      7      3      0   1997
      1    145      6      1      5      7     13      7      1   1181
      1    145      6      1      6      8      6      8      1   1052
      1    145      6      1      7      6      5      6      1   3828
      1    145      6      1      8      3     10      3      1   1897
      1    145      6      1      9      1      3      1      1   1579
      1    145      6      1     10      5      7      5      1   1460
      1    145      6      1     11      4      3      3      0   3062
      1    145      6      1     12      7     16      7      1   1707
      1    145      6      1     13      3     15      4      0   2093
      1    145      6      1     14      2      2      1      0   1230
      1    145      6      1     15      8      5      8      1   1135
      1    145      6      1     16      6     12      6      1   4790
      1    145      6      2      1      4     10      6      0   2870
      1    145      6      2      2      2      6      2      1   1227
      1    145      6      2      3      8      2      8      1    964
      1    145      6      2      4      4      8      4      1   3317
      1    145      6      2      5      1      2      3      0   3112
      1    145      6      2      6      3      7      6      0   3001
      1    145      6      2      7      6      7      7      0    998
      1    145      6      2      8      8      3      8      1    997
      1    145      6      2      9      7      2      7      1    864
      1    145      6      2     10      7      5      7      1   2095
      1    145      6      2     11      5     16      5      1   1077
      1    145      6      2     12      3     11      3      1   5085
      1    145      6      2     13      6     15      7      0   5136
      1    145      6      2     14      1     14      1      1   2000
      1    145      6      2     15      2     14      8      0   1915
      1    145      6      2     16      5      9      5      1   1143
      1    145      7      1      1      7     16      7      1   1542
      1    145      7      1      2      5      7      5      1   1316
      1    145      7      1      3      1     16      1      1   2030
      1    145      7      1      4      6      3      7      0   1368
      1    145      7      1      5      6     16      6      1   1703
      1    145      7      1      6      4      1      7      0   4680
      1    145      7      1      7      3      2      7      0   1639
      1    145      7      1      8      7      7      7      1   1422
      1    145      7      1      9      3     14      4      0   1751
      1    145      7      1     10      4     16      4      1   4019
      1    145      7      1     11      1      1      3      0   2758
      1    145      7      1     12      5     10      5      1   1089
      1    145      7      1     13      8      4      8      1   1447
      1    145      7      1     14      2     10      2      1   1729
      1    145      7      1     15      2      4      2      1   3119
      1    145      7      1     16      8      6      8      1   1082
      1    145      7      2      1      4     14      4      1   1719
      1    145      7      2      2      6      8      7      0   3049
      1    145      7      2      3      5     16      5      1   2183
      1    145      7      2      4      1      4      6      0   3717
      1    145      7      2      5      1     11      6      0   2616
      1    145      7      2      6      8     13      8      1   1264
      1    145      7      2      7      6      7      7      0   1381
      1    145      7      2      8      7     12      7      1    993
      1    145      7      2      9      5      9      5      1   1199
      1    145      7      2     10      2     13      2      1   1260
      1    145      7      2     11      7     10      7      1    965
      1    145      7      2     12      2     14      8      0   1537
      1    145      7      2     13      3      6      3      1   2799
      1    145      7      2     14      3      8      3      1   1015
      1    145      7      2     15      8      2      8      1   1232
      1    145      7      2     16      4     10      4      1   2717
      1    145      8      1      1      3     16      3      1   2484
      1    145      8      1      2      6      9      7      0   4269
      1    145      8      1      3      2      8      2      1   1063
      1    145      8      1      4      4      3      4      1   1362
      1    145      8      1      5      7     13      7      1   1263
      1    145      8      1      6      6     12      6      1   1291
      1    145      8      1      7      2     16      1      0   5541
      1    145      8      1      8      3     12      3      1   2256
      1    145      8      1      9      8      8      8      1    992
      1    145      8      1     10      1      7      4      0   2767
      1    145      8      1     11      1      9      1      1   1111
      1    145      8      1     12      7      4      7      1   1000
      1    145      8      1     13      4     15      4      1   2076
      1    145      8      1     14      8      5      8      1   1216
      1    145      8      1     15      5     11      5      1   1263
      1    145      8      1     16      5      8      5      1   1212
      1    145      8      2      1      5     12      5      1    984
      1    145      8      2      2      3     13      3      1   2032
      1    145      8      2      3      8      3      8      1   1531
      1    145      8      2      4      5      2      5      1   1032
      1    145      8      2      5      4      9      6      0   7037
      1    145      8      2      6      3      7      4      0   4468
      1    145      8      2      7      6     15      6      1   2516
      1    145      8      2      8      1      2      4      0   5369
      1    145      8      2      9      2      6      2      1   1749
      1    145      8      2     10      4     12      1      0   2316
      1    145      8      2     11      6     10      7      0    911
      1    145      8      2     12      1     10      1      1   4701
      1    145      8      2     13      2      3      7      0   3534
      1    145      8      2     14      7     15      7      1    802
      1    145      8      2     15      8      9      8      1   1164
      1    145      8      2     16      7      8      7      1   1132
      1    145      9      1      1      2      1      2      1   3187
      1    145      9      1      2      4     13      4      1   2043
      1    145      9      1      3      7      6      7      1   1075
      1    145      9      1      4      7     14      6      0   4716
      1    145      9      1      5      2      2      1      0   1879
      1    145      9      1      6      4      5      7      0   1596
      1    145      9      1      7      8     14      8      1   1119
      1    145      9      1      8      5      6      5      1   1197
      1    145      9      1      9      6      6      6      1   3969
      1    145      9      1     10      6      5      4      0   4488
      1    145      9      1     11      8     16      8      1   1280
      1    145      9      1     12      1      3      1      1   1714
      1    145      9      1     13      3     10      3      1   1369
      1    145      9      1     14      1      5      1      1   1719
      1    145      9      1     15      3     15      3      1   1384
      1    145      9      1     16      5      5      5      1   1204
      1    145      9      2      1      1      6      1      1   2886
      1    145      9      2      2      2      9      2      1   1915
      1    145      9      2      3      6     11      7      0   1364
      1    145      9      2      4      7      2      7      1   1031
      1    145      9      2      5      8     10      8      1   9489
      1    145      9      2      6      1     14      6      0   7271
      1    145      9      2      7      4      8      4      1   5620
      1    145      9      2      8      7      5      7      1   1561
      1    145      9      2      9      5     14      5      1   1193
      1    145      9      2     10      6     13      7      0   1518
      1    145      9      2     11      2      5      2      1   2266
      1    145      9      2     12      4     11      1      0   1098
      1    145      9      2     13      8     15      8      1   1298
      1    145      9      2     14      5      4      5      1   1082
      1    145      9      2     15      3      9      3      1   1093
      1    145      9      2     16      3     11      3      1   1248
