      2     41      1      1      1      5     11      5      1   1404   1536
      2     41      1      1      2      3     14      8      0  10963   3717
      2     41      1      1      3      1      7      8      0   2253   2263
      2     41      1      1      4      3     14      3      1   5756   3182
      2     41      1      1      5      1      7      1      1   1024    933
      2     41      1      1      6      5     11      5      1   1255    908
      2     41      1      1      7      1      6      1      1   1270   4152
      2     41      1      1      8      4     11      8      0   1850   1602
      2     41      1      1      9      2      5      4      0    916   4746
      2     41      1      1     10      3      7      6      0   2891   1740
      2     41      1      1     11      6     12      4      0   1003   1629
      2     41      1      1     12      3      7      2      0    857   1232
      2     41      1      1     13      8     16      2      0   1137   5640
      2     41      1      1     14      8     14      8      1   1042   5522
      2     41      1      1     15      5     11      5      1   1169   2022
      2     41      1      1     16      5     12      5      1    834   1385
      2     41      1      2      1      7      7      1      0  22491     -1
      2     41      1      2      2      6      3      7      0   3676     -1
      2     41      1      2      3      5      5      5      1   2310     -1
      2     41      1      2      4      5      8      5      1   3343     -1
      2     41      1      2      5      2      4      4      0   3941     -1
      2     41      1      2      6      4     16      6      0   5243     -1
      2     41      1      2      7      2      6      3      0   1893     -1
      2     41      1      2      8      3     16      2      0   1044     -1
      2     41      1      2      9      3     11      2      0    727     -1
      2     41      1      2     10      6      8      5      0   1227     -1
      2     41      1      2     11      8      4      8      1   1661     -1
      2     41      1      2     12      7     13      7      1   1943     -1
      2     41      1      2     13      8     13      4      0   2593     -1
      2     41      1      2     14      4      3      4      1   1161     -1
      2     41      1      2     15      1     14      3      0    911     -1
      2     41      1      2     16      1      4      3      0    993     -1
      2     41      2      1      1      8     16      8      1   1098   3731
      2     41      2      1      2      5     14      5      1   2079   3522
      2     41      2      1      3      6     12      3      0   1305   3051
      2     41      2      1      4      6     12      6      1   1440   1313
      2     41      2      1      5      1      7      1      1   1588   3590
      2     41      2      1      6      8      6      8      1   1258   2473
      2     41      2      1      7      8     14      8      1    973   2168
      2     41      2      1      8      8      9      6      0   1194   4045
      2     41      2      1      9      3     14      3      1   1760   2278
      2     41      2      1     10      1      7      3      0    883    895
      2     41      2      1     11      3      7      3      1   1666   6301
      2     41      2      1     12      6     11      6      1   2379  24095
      2     41      2      1     13      6     12      2      0   1203   5136
      2     41      2      1     14      6     12      6      1   1934   1172
      2     41      2      1     15      2      2      3      0   2035   9747
      2     41      2      1     16      4      9      2      0   3999   1106
      2     41      2      2      1      8     10      8      1   2280     -1
      2     41      2      2      2      2      3      1      0   4776     -1
      2     41      2      2      3      2      9      3      0   1511     -1
      2     41      2      2      4      1      2      1      1   1393     -1
      2     41      2      2      5      7     16      7      1   1794     -1
      2     41      2      2      6      6     10      7      0   1061     -1
      2     41      2      2      7      4     10      4      1   2194     -1
      2     41      2      2      8      4     15      6      0   1943     -1
      2     41      2      2      9      6      5      6      1   2193     -1
      2     41      2      2     10      3     13      1      0   2326     -1
      2     41      2      2     11      7     15      3      0   1478     -1
      2     41      2      2     12      8     15      8      1   1427     -1
      2     41      2      2     13      1      9      3      0   4127     -1
      2     41      2      2     14      5      9      5      1   1377     -1
      2     41      2      2     15      3      9      3      1   2494     -1
      2     41      2      2     16      5      6      5      1   1995     -1
      2     41      3      1      1      6     11      6      1   1432   6118
      2     41      3      1      2      5      7      5      1   2397  38193
      2     41      3      1      3      1      7      1      1   1070    794
      2     41      3      1      4      3     14      3      1    835   2171
      2     41      3      1      5      3      7      3      1   1123   2575
      2     41      3      1      6      1      6      1      1    956   1838
      2     41      3      1      7      8     16      8      1   1083   1075
      2     41      3      1      8      2      8      4      0    750   1416
      2     41      3      1      9      2      5      2      1   2688   1054
      2     41      3      1     10      2      8      2      1    680   1013
      2     41      3      1     11      1      1      4      0   1083   4693
      2     41      3      1     12      1      5      3      0    719   1103
      2     41      3      1     13      2      8      4      0   2066   7819
      2     41      3      1     14      5      4      5      1   1818   3743
      2     41      3      1     15      2      2      2      1   3929  31027
      2     41      3      1     16      6     15      6      1    931   1044
      2     41      3      2      1      2     16      8      0   1764     -1
      2     41      3      2      2      7      4      6      0   1644     -1
      2     41      3      2      3      8      2      8      1   1993     -1
      2     41      3      2      4      4      8      2      0   4261     -1
      2     41      3      2      5      2     14      8      0   6243     -1
      2     41      3      2      6      5      2      5      1   1927     -1
      2     41      3      2      7      1      3      1      1   1694     -1
      2     41      3      2      8      3     12      3      1    926     -1
      2     41      3      2      9      6     16      6      1   1611     -1
      2     41      3      2     10      8      5      8      1   1093     -1
      2     41      3      2     11      5     16      5      1   1576     -1
      2     41      3      2     12      4     12      2      0   4276     -1
      2     41      3      2     13      6      7      6      1   1110     -1
      2     41      3      2     14      7     12      3      0   1945     -1
      2     41      3      2     15      1     16      1      1   1060     -1
      2     41      3      2     16      3      6      1      0   1826     -1
      2     41      4      1      1      5     11      5      1   1051  15949
      2     41      4      1      2      6     11      6      1    983   2845
      2     41      4      1      3      1      7      1      1   1257   1166
      2     41      4      1      4      6      9      6      1   1386    762
      2     41      4      1      5      2      1      2      1   1302   1137
      2     41      4      1      6      3     15      3      1   1482    864
      2     41      4      1      7      3     14      3      1    830   4830
      2     41      4      1      8      3     15      3      1   1126   2278
      2     41      4      1      9      5      7      5      1   2960   1116
      2     41      4      1     10      3      8      3      1   1457   1003
      2     41      4      1     11      8      6      8      1    988   1021
      2     41      4      1     12      3      2      3      1   1467   1368
      2     41      4      1     13      7      2      7      1   2910    851
      2     41      4      1     14      3     14      3      1    979   1209
      2     41      4      1     15      3     10      1      0   1060    590
      2     41      4      1     16      3     10      3      1    718   1025
      2     41      4      2      1      6     10      6      1   4680     -1
      2     41      4      2      2      3     16      3      1   1228     -1
      2     41      4      2      3      6      8      6      1   1227     -1
      2     41      4      2      4      7     13      7      1   1360     -1
      2     41      4      2      5      1      3      2      0   1876     -1
      2     41      4      2      6      7     12      3      0   1661     -1
      2     41      4      2      7      3      9      1      0   1044     -1
      2     41      4      2      8      8     13      8      1   1161     -1
      2     41      4      2      9      2      3      6      0   1660     -1
      2     41      4      2     10      5      6      5      1   1395     -1
      2     41      4      2     11      4      3      3      0   2577     -1
      2     41      4      2     12      2     16      2      1   3110     -1
      2     41      4      2     13      4     10      2      0   1427     -1
      2     41      4      2     14      5      8      5      1   1292     -1
      2     41      4      2     15      1     14      3      0   3044     -1
      2     41      4      2     16      8      4      8      1   1043     -1
      2     41      5      1      1      1      5      3      0   1322   1266
      2     41      5      1      2      5      4      5      1   1675   2214
      2     41      5      1      3      2     13      3      0   2503  85695
      2     41      5      1      4      4      9      2      0    582    879
      2     41      5      1      5      5     10      5      1   1057   1265
      2     41      5      1      6      5     14      5      1   1254   1152
      2     41      5      1      7      7     14      1      0   2319   1596
      2     41      5      1      8      7      5      3      0   2239   1019
      2     41      5      1      9      8      8      8      1    862   2703
      2     41      5      1     10      7     14      7      1    857    970
      2     41      5      1     11      8      3      8      1    844    966
      2     41      5      1     12      8     16      8      1   1614   1305
      2     41      5      1     13      1     11      3      0  21162   1210
      2     41      5      1     14      4     13      3      0   1268   1320
      2     41      5      1     15      4     14      4      1    635   2779
      2     41      5      1     16      2     13      4      0    780   1062
      2     41      5      2      1      1      4      7      0   3195     -1
      2     41      5      2      2      2      6      2      1   2343     -1
      2     41      5      2      3      7      4      6      0   1427     -1
      2     41      5      2      4      5      5      5      1   1294     -1
      2     41      5      2      5      3     11      1      0   3395     -1
      2     41      5      2      6      2     14      4      0   2427     -1
      2     41      5      2      7      7      7      1      0   2278     -1
      2     41      5      2      8      6      3      7      0   5378     -1
      2     41      5      2      9      8      5      8      1   1276     -1
      2     41      5      2     10      8     10      8      1   1443     -1
      2     41      5      2     11      4     12      3      0   1477     -1
      2     41      5      2     12      5      9      5      1    927     -1
      2     41      5      2     13      4     15      4      1   1715     -1
      2     41      5      2     14      1     16      3      0   1694     -1
      2     41      5      2     15      3      6      1      0   1527     -1
      2     41      5      2     16      6     16      6      1   1293     -1
      2     41      6      1      1      5      4      5      1   1001   3187
      2     41      6      1      2      1      7      1      1    929    964
      2     41      6      1      3      6      9      6      1   3071    628
      2     41      6      1      4      2      1      2      1   2252    598
      2     41      6      1      5      3     15      3      1    960    705
      2     41      6      1      6      5      7      5      1    839   3114
      2     41      6      1      7      3      8      3      1   2521    743
      2     41      6      1      8      8      6      8      1    947    865
      2     41      6      1      9      3      2      1      0   1743    901
      2     41      6      1     10      3      2      3      1    910   2065
      2     41      6      1     11      7      2      6      0   2845   1293
      2     41      6      1     12      7      2      7      1   1584   1139
      2     41      6      1     13      3     14      1      0   1301    762
      2     41      6      1     14      3     10      1      0    839   2462
      2     41      6      1     15      3     10      3      1    670   1268
      2     41      6      1     16      1     10      2      0   1381    604
      2     41      6      2      1      1      9      1      1   1164     -1
      2     41      6      2      2      4      8      3      0   1678     -1
      2     41      6      2      3      7     15      6      0   1610     -1
      2     41      6      2      4      2      4      2      1   1127     -1
      2     41      6      2      5      8      2      8      1   1026     -1
      2     41      6      2      6      4     16      4      1   1576     -1
      2     41      6      2      7      5     16      5      1   1444     -1
      2     41      6      2      8      7     16      5      0   8744     -1
      2     41      6      2      9      3     13      3      1   1361     -1
      2     41      6      2     10      5      2      5      1   1042     -1
      2     41      6      2     11      1      2      1      1   1226     -1
      2     41      6      2     12      6      5      6      1   1377     -1
      2     41      6      2     13      8     15      8      1    895     -1
      2     41      6      2     14      6      7      6      1   1544     -1
      2     41      6      2     15      2      9      2      1   5559     -1
      2     41      6      2     16      3     12      3      1   6595     -1
      2     41      7      1      1      1      7      1      1   1019    976
      2     41      7      1      2      6      9      6      1   1169    746
      2     41      7      1      3      4     14      4      1   2846   1667
      2     41      7      1      4      7     14      1      0    843   1097
      2     41      7      1      5      7      5      1      0   1805   1856
      2     41      7      1      6      4     13      4      1   1460   1098
      2     41      7      1      7      8      8      8      1   2046   7920
      2     41      7      1      8      7     10      6      0   1746   1208
      2     41      7      1      9      5     14      5      1   1302  48463
      2     41      7      1     10      1      6      3      0   3763   1881
      2     41      7      1     11      6      6      6      1   1262   4620
      2     41      7      1     12      8     14      8      1    741   1346
      2     41      7      1     13      8      3      8      1   3793   1115
      2     41      7      1     14      3      7      3      1   1061   1555
      2     41      7      1     15      1      6      1      1    930   1095
      2     41      7      1     16      6      6      6      1   3458   1378
      2     41      7      2      1      6     10      6      1   1814     -1
      2     41      7      2      2      3     13      3      1   2710     -1
      2     41      7      2      3      6      5      6      1   3629     -1
      2     41      7      2      4      7      4      6      0   1228     -1
      2     41      7      2      5      4     15      6      0   1561     -1
      2     41      7      2      6      1     16      3      0   1278     -1
      2     41      7      2      7      2      6      2      1   1526     -1
      2     41      7      2      8      2      9      2      1    810     -1
      2     41      7      2      9      4     10      2      0   4293     -1
      2     41      7      2     10      1      2      1      1   2193     -1
      2     41      7      2     11      8      2      8      1   1478     -1
      2     41      7      2     12      7     12      3      0   2077     -1
      2     41      7      2     13      8      5      8      1   1244     -1
      2     41      7      2     14      5      5      5      1   1076     -1
      2     41      7      2     15      5     16      5      1   1261     -1
      2     41      7      2     16      3      9      3      1   2278     -1
      2     41      8      1      1      4      5      2      0   2620   3020
      2     41      8      1      2      4      5      4      1    805    971
      2     41      8      1      3      4     11      2      0  95646   1193
      2     41      8      1      4      8      9      8      1    935   1190
      2     41      8      1      5      2     10      4      0   7452   1859
      2     41      8      1      6      1     11      3      0   1106    547
      2     41      8      1      7      5     11      5      1    692  11436
      2     41      8      1      8      1     11      3      0    581    995
      2     41      8      1      9      1      6      3      0    827    787
      2     41      8      1     10      6      9      6      1    847   1796
      2     41      8      1     11      2      8      2      1   1228    670
      2     41      8      1     12      8      3      8      1   7412    784
      2     41      8      1     13      5     10      5      1    635    877
      2     41      8      1     14      2      2      2      1   2184   1139
      2     41      8      1     15      1     11      3      0    578    883
      2     41      8      1     16      4      9      5      0   1252   4557
      2     41      8      2      1      6     16      6      1   1147     -1
      2     41      8      2      2      1      4      1      1   2444     -1
      2     41      8      2      3      4      3      3      0   1144     -1
      2     41      8      2      4      6      3      6      1   1094     -1
      2     41      8      2      5      1      3      1      1   1093     -1
      2     41      8      2      6      3     11      3      1    826     -1
      2     41      8      2      7      7     13      7      1   1794     -1
      2     41      8      2      8      5      9      5      1   1030     -1
      2     41      8      2      9      3      6      3      1   1262     -1
      2     41      8      2     10      7     15      7      1   1226     -1
      2     41      8      2     11      8      4      8      1    910     -1
      2     41      8      2     12      4      8      2      0   4611     -1
      2     41      8      2     13      2      4      2      1   1127     -1
      2     41      8      2     14      5      8      5      1    927     -1
      2     41      8      2     15      2     16      4      0    893     -1
      2     41      8      2     16      8     13      8      1    893     -1
      2     41      9      1      1      4      5      3      0  48650   4942
      2     41      9      1      2      6      9      6      1   1599   1535
      2     41      9      1      3      2      1      2      1   2083    781
      2     41      9      1      4      7     14      7      1   1660   1310
      2     41      9      1      5      6      6      6      1    810   1195
      2     41      9      1      6      4     13      4      1   1326   1376
      2     41      9      1      7      1      6      1      1   1570   1448
      2     41      9      1      8      6     11      6      1   1737    973
      2     41      9      1      9      8     16      8      1    775   1492
      2     41      9      1     10      2      2      2      1   9962   1356
      2     41      9      1     11      5     10      5      1    866   1467
      2     41      9      1     12      5     14      5      1   1058   2490
      2     41      9      1     13      6      6      6      1   1522   1168
      2     41      9      1     14      5      7      5      1    832    944
      2     41      9      1     15      3      8      3      1   1048    750
      2     41      9      1     16      8      6      8      1   1453   1186
      2     41      9      2      1      6      7      6      1   2797     -1
      2     41      9      2      2      4     12      3      0    894     -1
      2     41      9      2      3      6      8      6      1    943     -1
      2     41      9      2      4      1     14      6      0   1828     -1
      2     41      9      2      5      3     12      3      1   1061     -1
      2     41      9      2      6      2     14      8      0   1577     -1
      2     41      9      2      7      5      6      5      1    976     -1
      2     41      9      2      8      7      7      7      1   4510     -1
      2     41      9      2      9      2      3      3      0   6011     -1
      2     41      9      2     10      5      2      5      1    794     -1
      2     41      9      2     11      3     16      3      1    997     -1
      2     41      9      2     12      7     16      6      0   3327     -1
      2     41      9      2     13      4     16      4      1   1377     -1
      2     41      9      2     14      8     10      8      1   1111     -1
      2     41      9      2     15      8     15      8      1    893     -1
      2     41      9      2     16      1      9      4      0    927     -1
