      2     39      1      1      1      1      1      5      0   4937   3970
      2     39      1      1      2      2      4      1      0   5276   6618
      2     39      1      1      3      5      6      7      0   3599   5436
      2     39      1      1      4      3      6      3      1   2030   9338
      2     39      1      1      5      5      4      5      1   3807   2438
      2     39      1      1      6      3      8      3      1   1114   5406
      2     39      1      1      7      1      3      1      1   1394   3588
      2     39      1      1      8      2      5      5      0   3812   1460
      2     39      1      1      9      2      8      2      1    885   1693
      2     39      1      1     10      5      8      2      0   6708   1346
      2     39      1      1     11      5      7      5      1   1903   1584
      2     39      1      1     12      7     13      8      0   2059   1611
      2     39      1      1     13      7     15      7      1   1291   1297
      2     39      1      1     14      3      7      3      1    765   2163
      2     39      1      1     15      8     16      6      0    905   3106
      2     39      1      1     16      2     16      8      0   1713   3591
      2     39      1      2      1      2      3      1      0   5396     -1
      2     39      1      2      2      7      8      4      0   2872     -1
      2     39      1      2      3      5     14      5      1   2046     -1
      2     39      1      2      4      5     11      5      1   1558     -1
      2     39      1      2      5      3      2      3      1   1858     -1
      2     39      1      2      6      1     14      3      0   2092     -1
      2     39      1      2      7      4      3      3      0   1779     -1
      2     39      1      2      8      6     11      5      0   4963     -1
      2     39      1      2      9      1     10      1      1   8009     -1
      2     39      1      2     10      8      2      1      0   2162     -1
      2     39      1      2     11      7      4      4      0   8812     -1
      2     39      1      2     12      8      4      8      1   3647     -1
      2     39      1      2     13      6      7      5      0   1411     -1
      2     39      1      2     14      2      2      1      0   2795     -1
      2     39      1      2     15      3      9      3      1   1559     -1
      2     39      1      2     16      4     12      2      0   6662     -1
      2     39      2      1      1      2     14      8      0   1022   8723
      2     39      2      1      2      7     13      7      1   1508   5379
      2     39      2      1      3      6     16      6      1   3079   2739
      2     39      2      1      4      6     12      6      1   2016   4734
      2     39      2      1      5      7     16      7      1   4043   1019
      2     39      2      1      6      6      8      5      0   1709   4427
      2     39      2      1      7      5     10      6      0   1280   2901
      2     39      2      1      8      8     15      8      1   1072   2187
      2     39      2      1      9      4     14      6      0   2283   4732
      2     39      2      1     10      4     13      4      1   1198   1750
      2     39      2      1     11      2      9      1      0    858   3808
      2     39      2      1     12      6      3      7      0   2326   7313
      2     39      2      1     13      6     10      6      1    923   1729
      2     39      2      1     14      8     10      8      1   2089   3841
      2     39      2      1     15      6     15      6      1    848   3862
      2     39      2      1     16      6     12      6      1   1432  12599
      2     39      2      2      1      8      6      8      1   1879     -1
      2     39      2      2      2      4     10      2      0   6025     -1
      2     39      2      2      3      3     11      3      1   1493     -1
      2     39      2      2      4      5      5      6      0   2779     -1
      2     39      2      2      5      4     15      7      0   8296     -1
      2     39      2      2      6      1      6      3      0   2143     -1
      2     39      2      2      7      3     16      3      1   1162     -1
      2     39      2      2      8      2      1      1      0   3175     -1
      2     39      2      2      9      8      9      8      1   1109     -1
      2     39      2      2     10      6     13      6      1   3992     -1
      2     39      2      2     11      7      2      6      0   3808     -1
      2     39      2      2     12      1     16      3      0   2408     -1
      2     39      2      2     13      2      6      5      0   1063     -1
      2     39      2      2     14      5     16      5      1   1094     -1
      2     39      2      2     15      7      6      6      0   1392     -1
      2     39      2      2     16      6      9      6      1   1276     -1
      2     39      3      1      1      6     10      6      1    816   5420
      2     39      3      1      2      7     13      7      1   2085    829
      2     39      3      1      3      6      8      6      1   1150   1488
      2     39      3      1      4      5      6      5      1   2022    861
      2     39      3      1      5      2     14      8      0   1299   1387
      2     39      3      1      6      2     16      2      1    770    961
      2     39      3      1      7      2      9      1      0   1647   6098
      2     39      3      1      8      1      1      1      1   1732   1686
      2     39      3      1      9      3     15      1      0    773   2810
      2     39      3      1     10      4     14      7      0   1500   2208
      2     39      3      1     11      2     16      8      0   2145   3142
      2     39      3      1     12      7     15      6      0   3421   4694
      2     39      3      1     13      7     16      7      1   1563   8718
      2     39      3      1     14      4     16      4      1   3418  10253
      2     39      3      1     15      1      4      1      1   2027   5046
      2     39      3      1     16      1      2      1      1   1767   3550
      2     39      3      2      1      4     11      1      0   4263     -1
      2     39      3      2      2      8     14      8      1   1612     -1
      2     39      3      2      3      3     12      3      1   3881     -1
      2     39      3      2      4      3     10      2      0   5742     -1
      2     39      3      2      5      7      5      6      0   2560     -1
      2     39      3      2      6      5      9      5      1   1191     -1
      2     39      3      2      7      2     13      5      0   3325     -1
      2     39      3      2      8      2     10      4      0   3176     -1
      2     39      3      2      9      4      9      5      0   1509     -1
      2     39      3      2     10      1      7      3      0   1759     -1
      2     39      3      2     11      6      6      6      1   1975     -1
      2     39      3      2     12      5     12      5      1   1296     -1
      2     39      3      2     13      8      8      8      1   2344     -1
      2     39      3      2     14      1     11      1      1   3927     -1
      2     39      3      2     15      7     12      6      0   2143     -1
      2     39      3      2     16      6      5      6      1   1509     -1
      2     39      4      1      1      7     14      3      0   1562   5750
      2     39      4      1      2      1      5      7      0   1885   5178
      2     39      4      1      3      4      1      7      0   1843   4661
      2     39      4      1      4      4      8      4      1   1765   2540
      2     39      4      1      5      8      5      8      1   1173   8707
      2     39      4      1      6      1      1      1      1   1911   2658
      2     39      4      1      7      3     15      4      0   1666   4064
      2     39      4      1      8      4     13      4      1   1294   3492
      2     39      4      1      9      1      5      7      0   2560    938
      2     39      4      1     10      3     13      7      0   5968   3748
      2     39      4      1     11      7     10      6      0   1556   2168
      2     39      4      1     12      7     15      7      1   1080   3520
      2     39      4      1     13      3      7      3      1    735   1240
      2     39      4      1     14      6      3      6      1   1430   4639
      2     39      4      1     15      7      7      7      1   1717   5808
      2     39      4      1     16      2      9      1      0    903   3812
      2     39      4      2      1      8      9      8      1   1397     -1
      2     39      4      2      2      1      7      3      0   3476     -1
      2     39      4      2      3      5     14      5      1   1596     -1
      2     39      4      2      4      6      7      6      1   1974     -1
      2     39      4      2      5      4      9      5      0   2780     -1
      2     39      4      2      6      8      8      8      1   1846     -1
      2     39      4      2      7      7      2      7      1   2363     -1
      2     39      4      2      8      2      2      1      0   1491     -1
      2     39      4      2      9      4     12      1      0   1578     -1
      2     39      4      2     10      5     16      5      1   1043     -1
      2     39      4      2     11      7      6      7      1   4113     -1
      2     39      4      2     12      1     16      3      0   3912     -1
      2     39      4      2     13      2      1      1      0   1794     -1
      2     39      4      2     14      3      2      3      1   1708     -1
      2     39      4      2     15      6      5      6      1   1926     -1
      2     39      4      2     16      3      9      3      1   1346     -1
      2     39      5      1      1      6     15      6      1   1148   2442
      2     39      5      1      2      2      5      1      0    643   2033
      2     39      5      1      3      2      9      2      1    708   1383
      2     39      5      1      4      2      8      2      1    921    646
      2     39      5      1      5      2      4      2      1   1059    853
      2     39      5      1      6      3     15      3      1   1562   5293
      2     39      5      1      7      3     14      3      1   1076   1560
      2     39      5      1      8      1      2      8      0   7033   1701
      2     39      5      1      9      3      6      3      1   4672   1269
      2     39      5      1     10      1      4      1      1    766   1966
      2     39      5      1     11      7      7      7      1   1529   2868
      2     39      5      1     12      4      1      1      0   3120   2402
      2     39      5      1     13      4     13      4      1   2061    971
      2     39      5      1     14      4     14      4      1   1147   2998
      2     39      5      1     15      6     16      6      1   1650   1355
      2     39      5      1     16      5     10      5      1    904   3123
      2     39      5      2      1      4     10      2      0   2678     -1
      2     39      5      2      2      7     12      7      1   2477     -1
      2     39      5      2      3      8     14      8      1   1757     -1
      2     39      5      2      4      3     11      3      1   1862     -1
      2     39      5      2      5      3     16      3      1   1692     -1
      2     39      5      2      6      6      6      6      1   1696     -1
      2     39      5      2      7      2      3      1      0   4160     -1
      2     39      5      2      8      5     11      5      1   1329     -1
      2     39      5      2      9      6     11      6      1   1493     -1
      2     39      5      2     10      5      5      5      1   1357     -1
      2     39      5      2     11      4     11      2      0   2862     -1
      2     39      5      2     12      7      5      7      1   5825     -1
      2     39      5      2     13      2     13      4      0   7059     -1
      2     39      5      2     14      1     11      1      1   6610     -1
      2     39      5      2     15      1     10      4      0   3043     -1
      2     39      5      2     16      8      4      8      1   1542     -1
      2     39      6      1      1      4      5      4      1   3021   6064
      2     39      6      1      2      7      7      7      1    893    935
      2     39      6      1      3      3     15      3      1   1637   2189
      2     39      6      1      4      8     13      8      1   1522   2778
      2     39      6      1      5      8     10      8      1   1103   2843
      2     39      6      1      6      3      6      3      1    766   6896
      2     39      6      1      7      1      9      1      1   3167   4801
      2     39      6      1      8      2      4      2      1   1063   1247
      2     39      6      1      9      7     13      7      1   4637   1207
      2     39      6      1     10      6     15      6      1   1086   1698
      2     39      6      1     11      6     12      6      1   2908   1512
      2     39      6      1     12      6     10      6      1    840    954
      2     39      6      1     13      4      1      4      1   3062   1474
      2     39      6      1     14      4     14      4      1   1384   5728
      2     39      6      1     15      3      7      3      1    946   2066
      2     39      6      1     16      1      5      3      0   1828   2243
      2     39      6      2      1      3     12      3      1   1513     -1
      2     39      6      2      2      4      3      1      0   1958     -1
      2     39      6      2      3      1     14      1      1   3692     -1
      2     39      6      2      4      6      9      6      1   1075     -1
      2     39      6      2      5      6     13      6      1   1697     -1
      2     39      6      2      6      2     10      2      1   2326     -1
      2     39      6      2      7      8      2      8      1   1276     -1
      2     39      6      2      8      7      8      7      1   1359     -1
      2     39      6      2      9      7      4      7      1   4993     -1
      2     39      6      2     10      1      6      3      0   1624     -1
      2     39      6      2     11      2      6      2      1   2546     -1
      2     39      6      2     12      3     10      4      0   2361     -1
      2     39      6      2     13      5      9      5      1   1025     -1
      2     39      6      2     14      8      6      8      1    991     -1
      2     39      6      2     15      4     15      4      1   1095     -1
      2     39      6      2     16      5     12      5      1   1059     -1
      2     39      7      1      1      3     13      3      1   2789   4922
      2     39      7      1      2      7      7      7      1   1199   7205
      2     39      7      1      3      7     14      4      0   2934   1176
      2     39      7      1      4      1      3      1      1   1545   7426
      2     39      7      1      5      7     16      7      1   1882   2620
      2     39      7      1      6      1      5      1      1   1826   3362
      2     39      7      1      7      1      2      1      1   2323   1842
      2     39      7      1      8      6     12      6      1   1687   3553
      2     39      7      1      9      3      7      3      1    944   1230
      2     39      7      1     10      4     16      4      1   1157   1169
      2     39      7      1     11      5     10      5      1    959   1577
      2     39      7      1     12      1      4      1      1   1934   5931
      2     39      7      1     13      3     13      7      0   1560   2922
      2     39      7      1     14      3      6      3      1    933   3826
      2     39      7      1     15      4      1      7      0   1689   1353
      2     39      7      1     16      3     15      7      0   3818   2062
      2     39      7      2      1      4     15      3      0   4163     -1
      2     39      7      2      2      1     10      1      1   1779     -1
      2     39      7      2      3      6      9      6      1   1293     -1
      2     39      7      2      4      8      9      8      1   1108     -1
      2     39      7      2      5      3     10      3      1   1862     -1
      2     39      7      2      6      7      8      7      1   1428     -1
      2     39      7      2      7      8      2      8      1   1342     -1
      2     39      7      2      8      3     16      3      1   1892     -1
      2     39      7      2      9      5     12      5      1    959     -1
      2     39      7      2     10      6     11      6      1   1179     -1
      2     39      7      2     11      5      9      5      1   1079     -1
      2     39      7      2     12      2      2      2      1   1308     -1
      2     39      7      2     13      7     12      7      1   1459     -1
      2     39      7      2     14      2      1      2      1   1195     -1
      2     39      7      2     15      1      6      3      0    926     -1
      2     39      7      2     16      4     10      2      0   1629     -1
      2     39      8      1      1      4     16      4      1   1955   3089
      2     39      8      1      2      1      1      2      0   2266   3864
      2     39      8      1      3      2     14      8      0   2072   3007
      2     39      8      1      4      8     16      8      1    961   1298
      2     39      8      1      5      4     13      4      1   2164   2179
      2     39      8      1      6      4     16      4      1   1578   1703
      2     39      8      1      7      7     16      7      1   4027   1085
      2     39      8      1      8      8     10      8      1   1050   3389
      2     39      8      1      9      3     14      3      1    911   1937
      2     39      8      1     10      3     15      3      1   1152   1076
      2     39      8      1     11      1      5      1      1   1882    769
      2     39      8      1     12      2     16      4      0   1296   1132
      2     39      8      1     13      2      4      2      1    765   9602
      2     39      8      1     14      1      9      1      1   1102   1011
      2     39      8      1     15      7     14      7      1   1990   2956
      2     39      8      1     16      4     14      4      1   1239   2140
      2     39      8      2      1      3     11      3      1   2080     -1
      2     39      8      2      2      7      6      6      0   7276     -1
      2     39      8      2      3      2     13      2      1   3676     -1
      2     39      8      2      4      2      3      1      0   4094     -1
      2     39      8      2      5      1     11      1      1   1963     -1
      2     39      8      2      6      7      4      1      0   1726     -1
      2     39      8      2      7      8     14      8      1   1076     -1
      2     39      8      2      8      3      2      3      1   1375     -1
      2     39      8      2      9      6      7      6      1   1325     -1
      2     39      8      2     10      4      3      1      0   2629     -1
      2     39      8      2     11      4     12      1      0   4608     -1
      2     39      8      2     12      6      5      6      1   1158     -1
      2     39      8      2     13      5     16      5      1   1024     -1
      2     39      8      2     14      5     14      5      1   1058     -1
      2     39      8      2     15      8      6      8      1   1979     -1
      2     39      8      2     16      1      7      3      0   1311     -1
      2     39      9      1      1      1      2      1      1   1240   2668
      2     39      9      1      2      4     16      4      1   1453   4430
      2     39      9      1      3      2      4      2      1    936   1370
      2     39      9      1      4      7     10      7      1    957    877
      2     39      9      1      5      3      7      3      1    635   2896
      2     39      9      1      6      7      7      7      1    958  15432
      2     39      9      1      7      1      4      1      1    790   1268
      2     39      9      1      8      2      9      2      1   1411   2232
      2     39      9      1      9      1      3      1      1   1398   1195
      2     39      9      1     10      7     16      7      1   2523   3434
      2     39      9      1     11      4     14      4      1   1130   2048
      2     39      9      1     12      4     16      4      1   8062   2732
      2     39      9      1     13      2      5      2      1   1184   1274
      2     39      9      1     14      1      3      1      1    787   1518
      2     39      9      1     15      6     10      6      1    696   1574
      2     39      9      1     16      4      5      7      0   5225   4200
      2     39      9      2      1      7      5      7      1   2580     -1
      2     39      9      2      2      8      8      8      1   2729     -1
      2     39      9      2      3      3      9      3      1   1343     -1
      2     39      9      2      4      5      5      5      1   1746     -1
      2     39      9      2      5      3     12      3      1   1659     -1
      2     39      9      2      6      5     11      5      1    959     -1
      2     39      9      2      7      6      6      6      1   1179     -1
      2     39      9      2      8      6     13      6      1   2312     -1
      2     39      9      2      9      8      4      8      1   1724     -1
      2     39      9      2     10      1     14      3      0   1845     -1
      2     39      9      2     11      4      9      2      0   4009     -1
      2     39      9      2     12      4     11      2      0   1625     -1
      2     39      9      2     13      2     10      4      0   1592     -1
      2     39      9      2     14      1     16      3      0   3411     -1
      2     39      9      2     15      7      2      7      1   1414     -1
      2     39      9      2     16      2      6      2      1   1497     -1
