      2    160      1      1      1      5     12      2      0   4722   5641
      2    160      1      1      2      1     11      1      1   3595   8233
      2    160      1      1      3      5      7      8      0   1737   5399
      2    160      1      1      4      6      9      6      1   1455   6462
      2    160      1      1      5      8     13      2      0   1282   2294
      2    160      1      1      6      3     13      8      0    932   1379
      2    160      1      1      7      8      4      3      0   1260   3580
      2    160      1      1      8      7      6      6      0   2309   5894
      2    160      1      1      9      3      2      3      1   6032   1795
      2    160      1      1     10      2     16      8      0   4855   2487
      2    160      1      1     11      5     16      5      1   1868   4054
      2    160      1      1     12      3     15      7      0   3494   4878
      2    160      1      1     13      1      1      3      0   2396   4227
      2    160      1      1     14      6      5      5      0   3057   5879
      2    160      1      1     15      6      8      5      0   2106   3734
      2    160      1      1     16      1     14      1      1   2686   3305
      2    160      1      2      1      6      6      1      0   5933
      2    160      1      2      2      8      6      6      0   6179
      2    160      1      2      3      5     14      5      1   1830
      2    160      1      2      4      8      2      8      1   3862
      2    160      1      2      5      2      1      2      1   5729
      2    160      1      2      6      1      5      7      0   3763
      2    160      1      2      7      1     10      1      1  11580
      2    160      1      2      8      7      5      7      1   5263
      2    160      1      2      9      4      9      5      0   3630
      2    160      1      2     10      6     11      5      0   4063
      2    160      1      2     11      5     10      5      1   1230
      2    160      1      2     12      4      1      8      0  13264
      2    160      1      2     13      3      6      4      0   2964
      2    160      1      2     14      7      8      6      0  11363
      2    160      1      2     15      3     10      6      0   3596
      2    160      1      2     16      2      9      8      0   6380
      2    160      2      1      1      8      5      4      0   1464   4291
      2    160      2      1      2      2      2      6      0   2241   3017
      2    160      2      1      3      6      9      1      0   3760   3947
      2    160      2      1      4      8      4      8      1    916   7051
      2    160      2      1      5      3      7      7      0   2781   4673
      2    160      2      1      6      6     10      6      1   1493   7506
      2    160      2      1      7      3      2      5      0   2236   2407
      2    160      2      1      8      2     16      2      1   2332   4506
      2    160      2      1      9      1      4      3      0   2803   5349
      2    160      2      1     10      1     14      1      1   3238   4883
      2    160      2      1     11      8     15      8      1   1393   8203
      2    160      2      1     12      7      2      6      0   3885   6600
      2    160      2      1     13      4      5      7      0   2216   5785
      2    160      2      1     14      1      1      4      0   1434   3822
      2    160      2      1     15      3      9      3      1   1976   4280
      2    160      2      1     16      6     13      1      0   4809   4994
      2    160      2      2      1      5     11      5      1   1913
      2    160      2      2      2      8      8      8      1   1646
      2    160      2      2      3      2      8      2      1   2679
      2    160      2      2      4      7      7      6      0   5596
      2    160      2      2      5      5      6      5      1   2496
      2    160      2      2      6      4     10      1      0   7213
      2    160      2      2      7      2      6      2      1   1629
      2    160      2      2      8      6     12      6      1   3930
      2    160      2      2      9      3     12      3      1   2413
      2    160      2      2     10      1      9      2      0   1748
      2    160      2      2     11      7     12      6      0   3264
      2    160      2      2     12      8      9      8      1   1330
      2    160      2      2     13      1      6      3      0   1930
      2    160      2      2     14      3     11      3      1   2029
      2    160      2      2     15      6      3      6      1   7030
      2    160      2      2     16      4     11      2      0   1214
      2    160      3      1      1      4     14      1      0   2556   5364
      2    160      3      1      2      7      2      7      1   2173   2619
      2    160      3      1      3      7     13      4      0   1116   2776
      2    160      3      1      4      6      5      6      1   2636   5033
      2    160      3      1      5      7      4      3      0   2972   4283
      2    160      3      1      6      1      7      3      0   1354   5766
      2    160      3      1      7      1      4      3      0    967   7597
      2    160      3      1      8      3      2      1      0   2820   6979
      2    160      3      1      9      1      2      1      1   2335   1792
      2    160      3      1     10      2     14      8      0   2002   1792
      2    160      3      1     11      8     15      8      1   1038   7844
      2    160      3      1     12      1     11      1      1   2847   1381
      2    160      3      1     13      2     14      8      0   2217   2625
      2    160      3      1     14      6      8      6      1   3512   1932
      2    160      3      1     15      3     15      3      1   1500   1711
      2    160      3      1     16      4      5      6      0   5145   1915
      2    160      3      2      1      5      4      5      1   2346
      2    160      3      2      2      6     16      1      0  11163
      2    160      3      2      3      8     16      8      1   1430
      2    160      3      2      4      1      3      1      1   5896
      2    160      3      2      5      7     16      1      0   3363
      2    160      3      2      6      3     14      3      1   2613
      2    160      3      2      7      6      7      1      0   2030
      2    160      3      2      8      2      4      2      1   1446
      2    160      3      2      9      3      8      3      1   2430
      2    160      3      2     10      4      3      1      0   3613
      2    160      3      2     11      2     10      2      1   2297
      2    160      3      2     12      1     16      1      1   6680
      2    160      3      2     13      7     15      6      0   3330
      2    160      3      2     14      5      5      5      1   1580
      2    160      3      2     15      4     13      1      0   4963
      2    160      3      2     16      8     10      8      1   1513
      2    160      4      1      1      4      5      4      1    988   5148
      2    160      4      1      2      4     15      4      1   1651   2059
      2    160      4      1      3      6      5      4      0   1843   3547
      2    160      4      1      4      3     15      1      0   1524   2119
      2    160      4      1      5      1      1      1      1   1717   2642
      2    160      4      1      6      2     16      2      1   1687   1873
      2    160      4      1      7      6     10      7      0   3041   1903
      2    160      4      1      8      8      5      8      1   1751   5934
      2    160      4      1      9      2     14      8      0   1599   1695
      2    160      4      1     10      2      3      1      0   1234   2192
      2    160      4      1     11      4     15      7      0   5446   2396
      2    160      4      1     12      4      5      4      1   2078   6239
      2    160      4      1     13      4     14      4      1   1038   4183
      2    160      4      1     14      4     16      2      0   1161   2298
      2    160      4      1     15      7     10      6      0   3659   2733
      2    160      4      1     16      6      9      6      1   1376   2649
      2    160      4      2      1      8      6      8      1   2079
      2    160      4      2      2      6      7      4      0   7363
      2    160      4      2      3      2      6      2      1   1264
      2    160      4      2      4      4     11      4      1   2063
      2    160      4      2      5      3     11      7      0   8596
      2    160      4      2      6      7      7      7      1   4530
      2    160      4      2      7      3     10      4      0   1447
      2    160      4      2      8      5     10      5      1   1396
      2    160      4      2      9      2      8      2      1   1312
      2    160      4      2     10      6     11      1      0   7763
      2    160      4      2     11      1     10      2      0   2347
      2    160      4      2     12      5      5      5      1   1397
      2    160      4      2     13      4      3      4      1   1746
      2    160      4      2     14      7     15      4      0  11079
      2    160      4      2     15      1      6      2      0   2163
      2    160      4      2     16      8      8      8      1   2030
      2    160      5      1      1      7      2      7      1   4820   5632
      2    160      5      1      2      1      4      1      1   1036   5418
      2    160      5      1      3      5      2      5      1   1094   2948
      2    160      5      1      4      5     12      5      1    888    791
      2    160      5      1      5      5      7      5      1   1111   1633
      2    160      5      1      6      3     15      4      0   1756   1456
      2    160      5      1      7      4     14      4      1   1952   4468
      2    160      5      1      8      4      8      2      0   1783   2360
      2    160      5      1      9      3      7      3      1   3188   2022
      2    160      5      1     10      7     13      6      0    971   4234
      2    160      5      1     11      6     10      6      1    945   3911
      2    160      5      1     12      6      8      6      1   2173   4050
      2    160      5      1     13      6     15      6      1   1335   3189
      2    160      5      1     14      4     12      2      0   1467   1493
      2    160      5      1     15      1     11      2      0   1226   2484
      2    160      5      1     16      6     13      6      1   7966   2476
      2    160      5      2      1      1      5      3      0   5580
      2    160      5      2      2      7     16      4      0   1430
      2    160      5      2      3      3      6      4      0   3263
      2    160      5      2      4      2      4      2      1   1296
      2    160      5      2      5      3      8      3      1   1946
      2    160      5      2      6      4     13      4      1   2113
      2    160      5      2      7      8      2      8      1   1546
      2    160      5      2      8      5     11      5      1   1313
      2    160      5      2      9      2      1      2      1   1363
      2    160      5      2     10      7      8      4      0   8363
      2    160      5      2     11      6      6      6      1   2713
      2    160      5      2     12      4      1      3      0   4547
      2    160      5      2     13      1      3      3      0   1813
      2    160      5      2     14      6     12      6      1   4930
      2    160      5      2     15      5     14      5      1   1480
      2    160      5      2     16      8     16      8      1   1215
      2    160      6      1      1      7     13      7      1   1096   3943
      2    160      6      1      2      7      2      7      1   1882    946
      2    160      6      1      3      7      6      6      0   1801   4454
      2    160      6      1      4      7     10      7      1   1678   5008
      2    160      6      1      5      3     15      7      0   2109   2833
      2    160      6      1      6      6      5      6      1    994   2232
      2    160      6      1      7      3     15      3      1   1701   1228
      2    160      6      1      8      4      5      4      1   2059   1203
      2    160      6      1      9      3     15      3      1   1924   2502
      2    160      6      1     10      2     16      2      1   1255   2121
      2    160      6      1     11      7      4      7      1   4343   1119
      2    160      6      1     12      7     14      7      1   3653   2274
      2    160      6      1     13      2      3      1      0   5648   1929
      2    160      6      1     14      1      4      1      1   1331   3775
      2    160      6      1     15      4     12      4      1   1955   1655
      2    160      6      1     16      8      3      8      1   1087   4268
      2    160      6      2      1      4     10      4      1   2330
      2    160      6      2      2      5      4      5      1   1246
      2    160      6      2      3      8     10      8      1   1214
      2    160      6      2      4      2     10      2      1   3164
      2    160      6      2      5      2      9      2      1   1330
      2    160      6      2      6      8      9      8      1   1146
      2    160      6      2      7      4      9      4      1   3348
      2    160      6      2      8      3     14      3      1   2263
      2    160      6      2      9      3     12      3      1   2813
      2    160      6      2     10      6      3      6      1   3647
      2    160      6      2     11      1      9      1      1   3697
      2    160      6      2     12      1     16      4      0   5396
      2    160      6      2     13      7     12      7      1   8546
      2    160      6      2     14      7      5      4      0   3313
      2    160      6      2     15      5      6      5      1   1247
      2    160      6      2     16      6     16      6      1   2063
      2    160      7      1      1      1      4      1      1    956   2137
      2    160      7      1      2      1     14      1      1   1083   1162
      2    160      7      1      3      2      3      1      0   1005   1406
      2    160      7      1      4      3     13      7      0   1699   3058
      2    160      7      1      5      3      2      7      0   1547   1697
      2    160      7      1      6      4     12      2      0   1362   1732
      2    160      7      1      7      3     16      3      1   1423   1638
      2    160      7      1      8      3     15      7      0   1318   1344
      2    160      7      1      9      1      2      1      1    988   4634
      2    160      7      1     10      4      8      4      1   1504   1374
      2    160      7      1     11      2     13      4      0   1282   5688
      2    160      7      1     12      2      3      2      1   1409   2533
      2    160      7      1     13      3      9      3      1    706   1556
      2    160      7      1     14      8      4      8      1    987   1574
      2    160      7      1     15      1     11      1      1   3402   1476
      2    160      7      1     16      6     13      6      1   3449   1446
      2    160      7      2      1      3     14      3      1   2280
      2    160      7      2      2      5     10      5      1   1313
      2    160      7      2      3      2      9      2      1   1246
      2    160      7      2      4      4     10      4      1   1480
      2    160      7      2      5      8      6      8      1   1063
      2    160      7      2      6      4      3      4      1   5212
      2    160      7      2      7      5     14      5      1   1146
      2    160      7      2      8      8     16      8      1   2913
      2    160      7      2      9      2      6      2      1   2163
      2    160      7      2     10      6      7      6      1   1563
      2    160      7      2     11      7     16      4      0   2946
      2    160      7      2     12      6      3      6      1   1496
      2    160      7      2     13      1      9      1      1   2196
      2    160      7      2     14      3      6      7      0   4146
      2    160      7      2     15      7      7      7      1   1297
      2    160      7      2     16      1     10      1      1   4113
      2    160      8      1      1      7      2      7      1   2270   4751
      2    160      8      1      2      7     13      7      1   1506   3218
      2    160      8      1      3      4     15      4      1   1225   5145
      2    160      8      1      4      3      7      3      1   1149   2311
      2    160      8      1      5      6     13      6      1    937   3969
      2    160      8      1      6      7     10      7      1   1216   1113
      2    160      8      1      7      2     13      4      0   1504    609
      2    160      8      1      8      7     13      7      1   1280   1081
      2    160      8      1      9      3     15      1      0   3363   2047
      2    160      8      1     10      1      1      3      0   1134   1211
      2    160      8      1     11      4      8      4      1   1215   2594
      2    160      8      1     12      8     13      8      1   1187   1174
      2    160      8      1     13      6      9      6      1   1388   4285
      2    160      8      1     14      4      5      4      1   1580   1630
      2    160      8      1     15      1     11      1      1   1324   1387
      2    160      8      1     16      8     14      8      1    914    915
      2    160      8      2      1      1      3      1      1   3880
      2    160      8      2      2      5      6      5      1   1430
      2    160      8      2      3      6     11      6      1   1996
      2    160      8      2      4      2      4      2      1   1179
      2    160      8      2      5      5     11      5      1   1363
      2    160      8      2      6      4     11      4      1   1513
      2    160      8      2      7      4      9      4      1   8231
      2    160      8      2      8      3     12      3      1   2480
      2    160      8      2      9      7     15      7      1   1963
      2    160      8      2     10      2      1      2      1   1363
      2    160      8      2     11      7      8      7      1   1363
      2    160      8      2     12      6     12      6      1   1430
      2    160      8      2     13      3     10      3      1   3013
      2    160      8      2     14      1     16      1      1   5146
      2    160      8      2     15      8      9      8      1   1046
      2    160      8      2     16      8      2      8      1   1364
      2    160      9      1      1      1     11      1      1   1428   2797
      2    160      9      1      2      8     15      8      1   1109   1585
      2    160      9      1      3      1      7      3      0   1570   1042
      2    160      9      1      4      3     13      3      1   2316   2310
      2    160      9      1      5      7     13      7      1   1873   3234
      2    160      9      1      6      1      2      1      1    855    874
      2    160      9      1      7      3      7      3      1   1270   1042
      2    160      9      1      8      4      8      4      1   1586    611
      2    160      9      1      9      6     15      6      1    800    896
      2    160      9      1     10      2     14      8      0   1320    993
      2    160      9      1     11      1     11      1      1    986   3720
      2    160      9      1     12      3      2      3      1    778   2049
      2    160      9      1     13      3      9      3      1   1184   4604
      2    160      9      1     14      6      5      6      1   1187    825
      2    160      9      1     15      1      2      1      1    803   1358
      2    160      9      1     16      1     14      1      1    949   1412
      2    160      9      2      1      2      8      2      1   3879
      2    160      9      2      2      4      1      1      0  15564
      2    160      9      2      3      4     13      4      1   1997
      2    160      9      2      4      6     16      6      1   1298
      2    160      9      2      5      8     10      3      0   2196
      2    160      9      2      6      3      8      3      1   3313
      2    160      9      2      7      8      8      8      1   1130
      2    160      9      2      8      1      6      1      1   3663
      2    160      9      2      9      5      5      5      1   1313
      2    160      9      2     10      3     11      7      0   9679
      2    160      9      2     11      7     12      7      1   3663
      2    160      9      2     12      2     10      2      1   1346
      2    160      9      2     13      7      5      4      0   3829
      2    160      9      2     14      5      4      5      1    996
      2    160      9      2     15      6      6      6      1   1646
      2    160      9      2     16      1      5      1      1   2813
