      2    156      1      1      1      5      6      6      0   5059   2513
      2    156      1      1      2      5      4      5      1   1140   1096
      2    156      1      1      3      5     16      5      1    856   2141
      2    156      1      1      4      5      8      5      1   1185   1186
      2    156      1      1      5      7      6      2      0   2800   1551
      2    156      1      1      6      1      7      1      1   5252   1765
      2    156      1      1      7      1     11      6      0   3458   1792
      2    156      1      1      8      2      3      4      0   5152    970
      2    156      1      1      9      1      7      2      0   5329    746
      2    156      1      1     10      1      7      1      1   1106   1331
      2    156      1      1     11      1     11      1      1   4080   1158
      2    156      1      1     12      2      3      6      0   4446   1225
      2    156      1      1     13      8     16      8      1   1196    778
      2    156      1      1     14      4     12      4      1   1539    983
      2    156      1      1     15      6     12      1      0   3497   3374
      2    156      1      1     16      2     14      8      0   1138   1663
      2    156      1      2      1      1      4      1      1   5308
      2    156      1      2      2      1      9      6      0   6713
      2    156      1      2      3      6      9      3      0   4880
      2    156      1      2      4      6     10      3      0   1930
      2    156      1      2      5      8      6      8      1   2662
      2    156      1      2      6      2     10      7      0   6063
      2    156      1      2      7      5      2      5      1   1264
      2    156      1      2      8      3      6      1      0   1531
      2    156      1      2      9      4     11      4      1   1563
      2    156      1      2     10      7     14      7      1   3264
      2    156      1      2     11      2      5      3      0   2446
      2    156      1      2     12      5     10      5      1   1363
      2    156      1      2     13      3     13      1      0   2113
      2    156      1      2     14      4     10      2      0   2380
      2    156      1      2     15      7     12      2      0   2613
      2    156      1      2     16      8      5      8      1   1979
      2    156      2      1      1      2      4      6      0   3791   5349
      2    156      2      1      2      2      1      2      1    884    922
      2    156      2      1      3      2      2      2      1   1001   1286
      2    156      2      1      4      1      3      2      0    972   4823
      2    156      2      1      5      4     12      4      1    777   3858
      2    156      2      1      6      2      2      4      0   1643   5580
      2    156      2      1      7      4      1      4      1   1269   5222
      2    156      2      1      8      4      3      4      1    717   3238
      2    156      2      1      9      3      9      6      0   1521   2523
      2    156      2      1     10      3     12      3      1   1111   6573
      2    156      2      1     11      4     15      3      0   1693   6588
      2    156      2      1     12      3     15      4      0    986   2028
      2    156      2      1     13      8      9      8      1    778   1408
      2    156      2      1     14      6      5      6      1   1565   1173
      2    156      2      1     15      5      7      6      0   1130   2068
      2    156      2      1     16      7     13      6      0   1067   4544
      2    156      2      2      1      2      9      2      1   7546
      2    156      2      2      2      6     13      6      1   4896
      2    156      2      2      3      4      8      4      1   5746
      2    156      2      2      4      8      4      8      1   1096
      2    156      2      2      5      8     14      8      1    963
      2    156      2      2      6      2     13      3      0   6096
      2    156      2      2      7      4     14      4      1   4612
      2    156      2      2      8      7     16      7      1   1962
      2    156      2      2      9      7     10      7      1   3396
      2    156      2      2     10      1      6      1      1   1447
      2    156      2      2     11      5      9      5      1   1213
      2    156      2      2     12      1      5      1      1   1363
      2    156      2      2     13      6     11      7      0   1696
      2    156      2      2     14      5      5      5      1   1446
      2    156      2      2     15      3     16      1      0   2279
      2    156      2      2     16      3     10      4      0   4630
      2    156      3      1      1      6      6      7      0    995   1639
      2    156      3      1      2      6      8      7      0   2756   3466
      2    156      3      1      3      6      7      6      1    927   4652
      2    156      3      1      4      7     13      7      1    830   4864
      2    156      3      1      5      6      5      6      1    982   2032
      2    156      3      1      6      1     16      1      1   1665   1604
      2    156      3      1      7      4      5      7      0   5825    765
      2    156      3      1      8      7      6      6      0   2812   4667
      2    156      3      1      9      6     15      6      1   2592   2914
      2    156      3      1     10      4      9      3      0   3145   2186
      2    156      3      1     11      7      8      7      1   4007   5513
      2    156      3      1     12      3      2      1      0   1077   1111
      2    156      3      1     13      4      3      4      1   1318   1236
      2    156      3      1     14      4     15      3      0   1202   9426
      2    156      3      1     15      3      2      4      0    995   2498
      2    156      3      1     16      4      5      3      0   2652   1451
      2    156      3      2      1      6      3      7      0   3896
      2    156      3      2      2      4     13      3      0   5346
      2    156      3      2      3      6     16      6      1   2279
      2    156      3      2      4      5     11      5      1   1463
      2    156      3      2      5      7      4      6      0   3013
      2    156      3      2      6      8      3      8      1   1646
      2    156      3      2      7      2      6      2      1   2946
      2    156      3      2      8      3     11      4      0   3012
      2    156      3      2      9      1      1      3      0   3313
      2    156      3      2     10      8      2      8      1   1229
      2    156      3      2     11      3      7      1      0   1763
      2    156      3      2     12      2      8      2      1   1463
      2    156      3      2     13      7     15      7      1   1663
      2    156      3      2     14      1      2      3      0   3080
      2    156      3      2     15      4     16      4      1  11946
      2    156      3      2     16      5     12      5      1   1096
      2    156      4      1      1      1      7      1      1    911   2038
      2    156      4      1      2      3     14      1      0   1237   2524
      2    156      4      1      3      7      5      7      1   2741   3514
      2    156      4      1      4      3      8      3      1   3073   3019
      2    156      4      1      5      2      3      4      0   4719   4595
      2    156      4      1      6      1     11      2      0   2264   1506
      2    156      4      1      7      2     16      4      0   1590   3431
      2    156      4      1      8      1     10      2      0   1043   3826
      2    156      4      1      9      2     14      8      0   2131   3058
      2    156      4      1     10      4      9      2      0   1183   1254
      2    156      4      1     11      1      3      1      1    918   2081
      2    156      4      1     12      3     12      1      0   2094   1989
      2    156      4      1     13      1     14      1      1   2670   3038
      2    156      4      1     14      2      1      4      0    785   3486
      2    156      4      1     15      1     16      1      1   1435    839
      2    156      4      1     16      2      3      1      0   1912   3657
      2    156      4      2      1      4     16      3      0   5496
      2    156      4      2      2      1      2      1      1   9129
      2    156      4      2      3      8     14      8      1   1146
      2    156      4      2      4      6      9      7      0   3980
      2    156      4      2      5      1      1      1      1   4396
      2    156      4      2      6      7     15      7      1   2230
      2    156      4      2      7      5     11      5      1    896
      2    156      4      2      8      6      3      7      0   2563
      2    156      4      2      9      3     10      2      0   5546
      2    156      4      2     10      2      8      4      0   3496
      2    156      4      2     11      5      9      5      1   1096
      2    156      4      2     12      8      4      8      1   1079
      2    156      4      2     13      4     10      3      0   2913
      2    156      4      2     14      3      6      2      0   1329
      2    156      4      2     15      7     16      7      1   2646
      2    156      4      2     16      2      6      2      1   1346
      2    156      5      1      1      3      9      2      0   1460   2667
      2    156      5      1      2      8     10      8      1   1638   4674
      2    156      5      1      3      4      5      3      0   1383   2281
      2    156      5      1      4      4     12      4      1   3995    746
      2    156      5      1      5      2     16      4      0   2187    984
      2    156      5      1      6      2     16      2      1   4369   2310
      2    156      5      1      7      2      3      2      1   3543   5151
      2    156      5      1      8      3     14      1      0    797  23766
      2    156      5      1      9      6      5      6      1   1386   9789
      2    156      5      1     10      7      6      7      1   1554   4063
      2    156      5      1     11      1      7      1      1   1203   1498
      2    156      5      1     12      1     11      1      1   3877    946
      2    156      5      1     13      2      3      2      1   2927    846
      2    156      5      1     14      8     16      8      1    810   1012
      2    156      5      1     15      4     12      4      1   1091    816
      2    156      5      1     16      6     12      3      0   5986    904
      2    156      5      2      1      2     13      2      1  13046
      2    156      5      2      2      1      4      1      1   1798
      2    156      5      2      3      7     12      7      1   1913
      2    156      5      2      4      8      3      8      1   1796
      2    156      5      2      5      6     13      6      1   1663
      2    156      5      2      6      6     11      6      1   2062
      2    156      5      2      7      3     16      1      0   1429
      2    156      5      2      8      1      6      1      1   4463
      2    156      5      2      9      5     10      5      1   1513
      2    156      5      2     10      5     12      5      1    913
      2    156      5      2     11      4     13      3      0   3963
      2    156      5      2     12      7     14      2      0   4879
      2    156      5      2     13      4      8      3      0   4846
      2    156      5      2     14      2     10      4      0   3979
      2    156      5      2     15      8      2      8      1   1879
      2    156      5      2     16      3      7      3      1   3230
      2    156      6      1      1      2      2      2      1   1474  14695
      2    156      6      1      2      4      3      4      1    800   1617
      2    156      6      1      3      2     16      4      0    793    797
      2    156      6      1      4      4      3      4      1    693   3626
      2    156      6      1      5      2      1      4      0    825   1344
      2    156      6      1      6      3     15      3      1   1529   5014
      2    156      6      1      7      1     14      1      1   1902   6547
      2    156      6      1      8      2     14      2      1   3939   3299
      2    156      6      1      9      7      2      7      1   2081    926
      2    156      6      1     10      8     15      8      1   1498   1306
      2    156      6      1     11      7      7      7      1   1954    638
      2    156      6      1     12      2      4      2      1   1751    691
      2    156      6      1     13      3      8      3      1   1890    950
      2    156      6      1     14      6      7      6      1   1734    624
      2    156      6      1     15      1     10      1      1   2958    982
      2    156      6      1     16      7      5      7      1   5116    940
      2    156      6      2      1      8      6      8      1   1163
      2    156      6      2      2      2      9      2      1   4179
      2    156      6      2      3      6     16      6      1   1579
      2    156      6      2      4      5      2      5      1    946
      2    156      6      2      5      6     10      7      0   1663
      2    156      6      2      6      4     14      2      0   5429
      2    156      6      2      7      2      5      4      0   3846
      2    156      6      2      8      1      9      1      1   2246
      2    156      6      2      9      7     10      7      1   1663
      2    156      6      2     10      3     11      3      1   5579
      2    156      6      2     11      7      4      6      0   2479
      2    156      6      2     12      3     13      7      0   2663
      2    156      6      2     13      1      5      1      1   1396
      2    156      6      2     14      5      5      5      1   1746
      2    156      6      2     15      4     11      2      0   3396
      2    156      6      2     16      8      5      8      1    929
      2    156      7      1      1      6      7      6      1    911   4269
      2    156      7      1      2      1     10      1      1   1009    650
      2    156      7      1      3      7      5      7      1   1268   1236
      2    156      7      1      4      6      8      6      1    828    780
      2    156      7      1      5      1     16      1      1    959    616
      2    156      7      1      6      2      1      2      1   1424    734
      2    156      7      1      7      8      9      8      1   1092    699
      2    156      7      1      8      6      5      6      1   1156    536
      2    156      7      1      9      7     13      7      1   1676   1609
      2    156      7      1     10      7      8      7      1   1570    738
      2    156      7      1     11      2     16      2      1   2144   1226
      2    156      7      1     12      4      5      1      0   7044    879
      2    156      7      1     13      4      5      4      1   2981   3390
      2    156      7      1     14      4      3      4      1   2604   2490
      2    156      7      1     15      2      2      2      1    922   1546
      2    156      7      1     16      4      9      3      0   4723   1380
      2    156      7      2      1      8     14      8      1    846
      2    156      7      2      2      3      7      3      1   6680
      2    156      7      2      3      6      3      7      0   1780
      2    156      7      2      4      5      9      5      1    980
      2    156      7      2      5      4      8      4      1   4497
      2    156      7      2      6      8      4      8      1    979
      2    156      7      2      7      2      5      2      1   2479
      2    156      7      2      8      4     11      4      1   5129
      2    156      7      2      9      1      1      3      0   3246
      2    156      7      2     10      5      5      5      1    929
      2    156      7      2     11      2     13      2      1   2897
      2    156      7      2     12      7     15      7      1   1279
      2    156      7      2     13      1      9      1      1   1379
      2    156      7      2     14      3     11      4      0   5364
      2    156      7      2     15      6     13      6      1   1680
      2    156      7      2     16      7     16      7      1   1362
      2    156      8      1      1      2      2      2      1    841   1941
      2    156      8      1      2      4      9      4      1   1262   1242
      2    156      8      1      3      4      1      1      0   1131   1802
      2    156      8      1      4      4      1      4      1   1093   1592
      2    156      8      1      5      3     15      3      1   1042    633
      2    156      8      1      6      4     15      3      0   1017    955
      2    156      8      1      7      4     15      4      1   1180   1241
      2    156      8      1      8      3      9      3      1   1829   1837
      2    156      8      1      9      1      3      1      1   1398   3127
      2    156      8      1     10      6      6      6      1   1526   1245
      2    156      8      1     11      1     14      1      1   1672   4723
      2    156      8      1     12      3     12      3      1   2035   1038
      2    156      8      1     13      3     14      1      0   1349   1239
      2    156      8      1     14      6     15      6      1   1283   2860
      2    156      8      1     15      7      7      7      1   1341   4506
      2    156      8      1     16      2      4      2      1    875   1212
      2    156      8      2      1      2     10      2      1   7629
      2    156      8      2      2      8      2      8      1   1029
      2    156      8      2      3      1      2      1      1   4562
      2    156      8      2      4      3     10      3      1   1596
      2    156      8      2      5      4     14      4      1   5045
      2    156      8      2      6      6      9      7      0   4313
      2    156      8      2      7      1      4      1      1   1679
      2    156      8      2      8      4     13      4      1   9180
      2    156      8      2      9      7     14      7      1   5863
      2    156      8      2     10      3     16      4      0   7746
      2    156      8      2     11      5     12      5      1   1096
      2    156      8      2     12      8      3      8      1    979
      2    156      8      2     13      7     10      7      1   4746
      2    156      8      2     14      5     10      5      1   2779
      2    156      8      2     15      2      6      2      1   1096
      2    156      8      2     16      6     10      6      1   2530
      2    156      9      1      1      1     10      1      1   1350   2529
      2    156      9      1      2      6      5      6      1   3148   3938
      2    156      9      1      3      3     14      3      1   1256   4226
      2    156      9      1      4      1      3      1      1   2335   2377
      2    156      9      1      5      3      2      3      1    641   6721
      2    156      9      1      6      2      1      2      1    843   1741
      2    156      9      1      7      7      5      7      1   1788   7385
      2    156      9      1      8      6      5      6      1   2249   1900
      2    156      9      1      9      8      8      8      1   1450    443
      2    156      9      1     10      8     15      8      1   1126    467
      2    156      9      1     11      1     10      1      1    957   6144
      2    156      9      1     12      3     12      3      1   1232   1255
      2    156      9      1     13      2     16      2      1   2435   2344
      2    156      9      1     14      4      9      4      1   1725   5582
      2    156      9      1     15      3      9      3      1    897   3044
      2    156      9      1     16      4     15      3      0    841   1346
      2    156      9      2      1      8      6      8      1   1263
      2    156      9      2      2      6     16      6      1   1130
      2    156      9      2      3      4     10      4      1   1496
      2    156      9      2      4      5      2      5      1   1012
      2    156      9      2      5      3     13      3      1   1496
      2    156      9      2      6      3      6      7      0   7296
      2    156      9      2      7      1      6      1      1   1063
      2    156      9      2      8      4     16      2      0   1896
      2    156      9      2      9      8      5      8      1   1196
      2    156      9      2     10      5     11      5      1   1013
      2    156      9      2     11      7     12      7      1   1763
      2    156      9      2     12      6     11      6      1   1096
      2    156      9      2     13      2      8      2      1   1145
      2    156      9      2     14      1      5      1      1   1196
      2    156      9      2     15      2      9      2      1   1831
      2    156      9      2     16      7      4      6      0   1481
