      1     30      1      1      1      1      6      8      0   6993
      1     30      1      1      2      6      6      5      0   7322
      1     30      1      1      3      8     13      2      0   4836
      1     30      1      1      4      3      8      5      0   5088
      1     30      1      1      5      7      5      5      0   4881
      1     30      1      1      6      5     16      5      1   1912
      1     30      1      1      7      2     16      8      0   4832
      1     30      1      1      8      2      6      1      0   4943
      1     30      1      1      9      5     14      5      1   1956
      1     30      1      1     10      7      8      6      0   4311
      1     30      1      1     11      8      4      8      1   3831
      1     30      1      1     12      6      3      6      1   5309
      1     30      1      1     13      4      5      7      0   5550
      1     30      1      1     14      1     11      1      1   4338
      1     30      1      1     15      3      6      7      0   5698
      1     30      1      1     16      4     11      2      0   4561
      1     30      1      2      1      5     11      5      1   2057
      1     30      1      2      2      1      2      3      0   5811
      1     30      1      2      3      5      8      5      1   3193
      1     30      1      2      4      6     15      6      1   4893
      1     30      1      2      5      8      5      8      1   1924
      1     30      1      2      6      8     15      8      1   1759
      1     30      1      2      7      6     10      7      0   5610
      1     30      1      2      8      1     14      4      0   5427
      1     30      1      2      9      3     13      3      1   2310
      1     30      1      2     10      4      1      6      0   4743
      1     30      1      2     11      7      7      6      0   2428
      1     30      1      2     12      4     10      1      0   3194
      1     30      1      2     13      7      6      7      1   2493
      1     30      1      2     14      2      2      4      0   3628
      1     30      1      2     15      2      5      5      0   2729
      1     30      1      2     16      3     14      6      0   4278
      1     30      2      1      1      4     13      1      0   7737
      1     30      2      1      2      7     13      6      0   2870
      1     30      2      1      3      6      8      6      1   1658
      1     30      2      1      4      6     12      6      1   1178
      1     30      2      1      5      1      5      3      0   1692
      1     30      2      1      6      8      2      2      0   1675
      1     30      2      1      7      4     16      2      0   1714
      1     30      2      1      8      2     14      4      0   1730
      1     30      2      1      9      5      6      5      1   1216
      1     30      2      1     10      2      9      4      0   1937
      1     30      2      1     11      3     16      6      0   2343
      1     30      2      1     12      8      6      8      1    992
      1     30      2      1     13      3     15      3      1   1464
      1     30      2      1     14      5      5      5      1   1434
      1     30      2      1     15      7     15      6      0   1903
      1     30      2      1     16      1      9      4      0   1965
      1     30      2      2      1      7     10      7      1   4347
      1     30      2      2      2      5     12      5      1   1278
      1     30      2      2      3      2      8      2      1   6378
      1     30      2      2      4      3      7      3      1   1877
      1     30      2      2      5      4      8      1      0   4329
      1     30      2      2      6      6      7      6      1   1594
      1     30      2      2      7      1     10      4      0   1695
      1     30      2      2      8      8      3      8      1   1210
      1     30      2      2      9      4      9      7      0   5044
      1     30      2      2     10      6     16      6      1   1393
      1     30      2      2     11      5      7      5      1   1396
      1     30      2      2     12      8     16      8      1   1194
      1     30      2      2     13      1      1      3      0   2745
      1     30      2      2     14      7     14      4      0   2495
      1     30      2      2     15      2      1      4      0   4427
      1     30      2      2     16      3     11      3      1   3760
      1     30      3      1      1      3     12      3      1   1457
      1     30      3      1      2      8      8      4      0   1748
      1     30      3      1      3      4     12      4      1   1882
      1     30      3      1      4      7      2      7      1   1734
      1     30      3      1      5      4     14      2      0   1823
      1     30      3      1      6      3      2      3      1   1233
      1     30      3      1      7      8     14      8      1   1147
      1     30      3      1      8      7     16      7      1   3108
      1     30      3      1      9      2      4      2      1   1833
      1     30      3      1     10      5      2      5      1   1226
      1     30      3      1     11      1      3      4      0   1932
      1     30      3      1     12      1      4      3      0   2947
      1     30      3      1     13      6      9      6      1   1336
      1     30      3      1     14      2      3      4      0   1671
      1     30      3      1     15      6     13      6      1   1201
      1     30      3      1     16      5      4      5      1   1326
      1     30      3      2      1      7      4      7      1   2564
      1     30      3      2      2      5      9      5      1   1046
      1     30      3      2      3      1      7      1      1   2212
      1     30      3      2      4      4     15      4      1   3911
      1     30      3      2      5      2     13      2      1   3245
      1     30      3      2      6      6     11      6      1   1144
      1     30      3      2      7      4      3      4      1   2311
      1     30      3      2      8      7     12      7      1   3111
      1     30      3      2      9      3     10      3      1   1711
      1     30      3      2     10      3      9      1      0   1845
      1     30      3      2     11      8     10      8      1   1310
      1     30      3      2     12      5     10      5      1   1493
      1     30      3      2     13      8      9      8      1   2127
      1     30      3      2     14      6      5      6      1   1593
      1     30      3      2     15      1     16      3      0   1343
      1     30      3      2     16      2     10      2      1   1496
      1     30      4      1      1      2     14      8      0   4532
      1     30      4      1      2      7      8      6      0   1648
      1     30      4      1      3      3     16      3      1   1356
      1     30      4      1      4      1      6      1      1   1083
      1     30      4      1      5      4     13      4      1   2555
      1     30      4      1      6      6      3      6      1   1139
      1     30      4      1      7      5      2      5      1    953
      1     30      4      1      8      8     14      8      1    834
      1     30      4      1      9      1     11      4      0   1836
      1     30      4      1     10      6      8      6      1   1023
      1     30      4      1     11      3     12      3      1   1049
      1     30      4      1     12      7      2      7      1   1090
      1     30      4      1     13      2     16      2      1   1159
      1     30      4      1     14      8     13      8      1    980
      1     30      4      1     15      5      6      5      1   1074
      1     30      4      1     16      4     11      4      1   2466
      1     30      4      2      1      7      6      7      1   1430
      1     30      4      2      2      7     12      7      1   2945
      1     30      4      2      3      1      1      1      1   2744
      1     30      4      2      4      4      1      4      1   1944
      1     30      4      2      5      2      2      4      0   1611
      1     30      4      2      6      8     10      8      1   1144
      1     30      4      2      7      6     10      6      1   1061
      1     30      4      2      8      4     10      2      0   2127
      1     30      4      2      9      8     15      8      1    961
      1     30      4      2     10      3      9      3      1   1644
      1     30      4      2     11      1     10      4      0   1011
      1     30      4      2     12      5      7      5      1   1111
      1     30      4      2     13      6      5      6      1   1461
      1     30      4      2     14      3      7      3      1   1111
      1     30      4      2     15      2      1      2      1   1493
      1     30      4      2     16      5     10      5      1   1076
      1     30      5      1      1      7     15      7      1   1145
      1     30      5      1      2      3      2      3      1   1192
      1     30      5      1      3      2      4      2      1   1387
      1     30      5      1      4      5      5      5      1   1744
      1     30      5      1      5      1      9      1      1   4286
      1     30      5      1      6      2      9      4      0   1092
      1     30      5      1      7      1      5      3      0   1049
      1     30      5      1      8      8      6      8      1    937
      1     30      5      1      9      8      4      8      1    848
      1     30      5      1     10      6     12      6      1   1191
      1     30      5      1     11      7     13      7      1   1059
      1     30      5      1     12      5     16      5      1   1029
      1     30      5      1     13      3      8      3      1   1307
      1     30      5      1     14      4     14      2      0   6961
      1     30      5      1     15      4     12      4      1   2648
      1     30      5      1     16      6     13      6      1   1655
      1     30      5      2      1      7     10      7      1   1280
      1     30      5      2      2      8      5      8      1   1126
      1     30      5      2      3      6      7      6      1   1244
      1     30      5      2      4      2      5      2      1   2127
      1     30      5      2      5      8      9      8      1   1060
      1     30      5      2      6      1     16      3      0   3311
      1     30      5      2      7      3     13      3      1   1161
      1     30      5      2      8      3     11      3      1   2377
      1     30      5      2      9      5     12      5      1   1228
      1     30      5      2     10      4      9      2      0   6561
      1     30      5      2     11      4      8      4      1   2444
      1     30      5      2     12      7      7      7      1   4594
      1     30      5      2     13      1      7      1      1   3628
      1     30      5      2     14      6     15      6      1   1044
      1     30      5      2     15      2      8      2      1   1361
      1     30      5      2     16      5     11      5      1   1332
      1     30      6      1      1      6      9      6      1   1012
      1     30      6      1      2      2      3      4      0   2518
      1     30      6      1      3      3     15      3      1    928
      1     30      6      1      4      7     16      7      1   1060
      1     30      6      1      5      4      5      2      0   4372
      1     30      6      1      6      1      4      3      0   1110
      1     30      6      1      7      5      4      5      1    931
      1     30      6      1      8      6      6      6      1   1831
      1     30      6      1      9      1      3      1      1   1802
      1     30      6      1     10      2      6      2      1   1041
      1     30      6      1     11      3      6      3      1    984
      1     30      6      1     12      8      2      8      1   1016
      1     30      6      1     13      7      5      7      1   1562
      1     30      6      1     14      4     16      2      0   2303
      1     30      6      1     15      8      8      8      1   1045
      1     30      6      1     16      5     14      5      1   1088
      1     30      6      2      1      4     15      3      0   1546
      1     30      6      2      2      2     13      2      1   1061
      1     30      6      2      3      5      8      5      1   1128
      1     30      6      2      4      6     16      6      1   1011
      1     30      6      2      5      2     10      2      1   1994
      1     30      6      2      6      4      3      3      0   4761
      1     30      6      2      7      3     10      3      1   2744
      1     30      6      2      8      1     14      1      1   4744
      1     30      6      2      9      8      3      8      1   1093
      1     30      6      2     10      1      2      4      0   3977
      1     30      6      2     11      6     11      6      1   1010
      1     30      6      2     12      7      4      6      0   1411
      1     30      6      2     13      5      9      5      1   1098
      1     30      6      2     14      7     14      4      0   2663
      1     30      6      2     15      3     14      3      1   1627
      1     30      6      2     16      8     16      8      1   1027
      1     30      7      1      1      7     13      7      1   1255
      1     30      7      1      2      6      8      6      1   1087
      1     30      7      1      3      4     16      4      1   2300
      1     30      7      1      4      2     16      4      0   2081
      1     30      7      1      5      5     16      5      1   1059
      1     30      7      1      6      6     13      6      1   1487
      1     30      7      1      7      3      2      3      1    932
      1     30      7      1      8      8      2      8      1   1003
      1     30      7      1      9      1      4      1      1   1825
      1     30      7      1     10      1      5      1      1   3908
      1     30      7      1     11      2     14      2      1   8508
      1     30      7      1     12      4     14      4      1   4450
      1     30      7      1     13      8      8      8      1   1137
      1     30      7      1     14      3     15      3      1   1046
      1     30      7      1     15      5     14      5      1   1177
      1     30      7      1     16      7      2      7      1   1132
      1     30      7      2      1      1      2      4      0   5347
      1     30      7      2      2      6     10      6      1   1211
      1     30      7      2      3      5      9      5      1   1095
      1     30      7      2      4      5     11      5      1   1211
      1     30      7      2      5      6      5      6      1   1578
      1     30      7      2      6      1      7      1      1   1311
      1     30      7      2      7      4     10      2      0   3027
      1     30      7      2      8      7     12      7      1   3012
      1     30      7      2      9      7      4      6      0   1144
      1     30      7      2     10      3     13      3      1   1278
      1     30      7      2     11      3     11      3      1   1810
      1     30      7      2     12      8     10      8      1   1077
      1     30      7      2     13      8     16      8      1   1244
      1     30      7      2     14      4      8      4      1   1978
      1     30      7      2     15      2     10      2      1   1328
      1     30      7      2     16      2      1      2      1   1194
      1     30      8      1      1      3     16      3      1   1112
      1     30      8      1      2      7      8      7      1   1108
      1     30      8      1      3      2      6      2      1    832
      1     30      8      1      4      8     13      8      1    966
      1     30      8      1      5      1      3      1      1   1463
      1     30      8      1      6      6      9      6      1    989
      1     30      8      1      7      5      5      5      1   1148
      1     30      8      1      8      6     12      6      1   1283
      1     30      8      1      9      4     13      4      1   3370
      1     30      8      1     10      1      9      1      1   1443
      1     30      8      1     11      5      6      5      1    961
      1     30      8      1     12      3      6      3      1    981
      1     30      8      1     13      2      9      4      0   3412
      1     30      8      1     14      8      4      8      1    866
      1     30      8      1     15      7     16      7      1    989
      1     30      8      1     16      4     12      4      1   1028
      1     30      8      2      1      8      5      8      1    930
      1     30      8      2      2      5      8      5      1   1045
      1     30      8      2      3      7      7      7      1   1429
      1     30      8      2      4      4      9      2      0   3495
      1     30      8      2      5      5     12      5      1   1094
      1     30      8      2      6      6     11      6      1   1295
      1     30      8      2      7      2      8      2      1    994
      1     30      8      2      8      8      3      8      1    911
      1     30      8      2      9      2      5      2      1    977
      1     30      8      2     10      7      6      7      1   2330
      1     30      8      2     11      4     15      3      0   1360
      1     30      8      2     12      1     10      1      1   4961
      1     30      8      2     13      6      7      6      1   1144
      1     30      8      2     14      3     10      3      1   1129
      1     30      8      2     15      3      9      3      1   1361
      1     30      8      2     16      1     16      1      1   1160
      1     30      9      1      1      4      5      4      1   2057
      1     30      9      1      2      7     15      7      1   1019
      1     30      9      1      3      3      8      3      1    816
      1     30      9      1      4      8     14      8      1   1190
      1     30      9      1      5      2      3      1      0   3732
      1     30      9      1      6      6      3      6      1   1033
      1     30      9      1      7      7      5      7      1   1530
      1     30      9      1      8      3     12      3      1    752
      1     30      9      1      9      8      6      8      1    845
      1     30      9      1     10      5      4      5      1    963
      1     30      9      1     11      6      6      6      1   1953
      1     30      9      1     12      5      2      5      1    988
      1     30      9      1     13      2      4      2      1   1026
      1     30      9      1     14      1     11      1      1   1400
      1     30      9      1     15      4     11      4      1   1898
      1     30      9      1     16      1      6      1      1   1600
      1     30      9      2      1      3     14      3      1   1380
      1     30      9      2      2      6     15      6      1   1094
      1     30      9      2      3      2      2      2      1   4878
      1     30      9      2      4      5     10      5      1    961
      1     30      9      2      5      1      1      3      0   3060
      1     30      9      2      6      7     14      4      0   1578
      1     30      9      2      7      5      7      5      1   1113
      1     30      9      2      8      8     15      8      1   1111
      1     30      9      2      9      3      7      3      1   1327
      1     30      9      2     10      2     13      2      1   2462
      1     30      9      2     11      7     10      7      1   1194
      1     30      9      2     12      1     14      6      0   3511
      1     30      9      2     13      8      9      8      1    827
      1     30      9      2     14      4      1      4      1   2045
      1     30      9      2     15      4      3      4      1   2860
      1     30      9      2     16      6     16      6      1   1144
