      1     38      1      1      1      4     13      1      0   5479
      1     38      1      1      2      2      1      1      0   5099
      1     38      1      1      3      5     16      5      1   2354
      1     38      1      1      4      8     13      8      1   2037
      1     38      1      1      5      1      9      1      1   1760
      1     38      1      1      6      6     13      6      1   5542
      1     38      1      1      7      4      9      7      0   4004
      1     38      1      1      8      1     16      1      1   3573
      1     38      1      1      9      2      8      4      0   3235
      1     38      1      1     10      3      7      3      1   3760
      1     38      1      1     11      6     12      7      0   6929
      1     38      1      1     12      7      8      4      0   3813
      1     38      1      1     13      8      9      8      1   4695
      1     38      1      1     14      5     14      5      1   1495
      1     38      1      1     15      7     13      6      0   3899
      1     38      1      1     16      3     11      3      1   5165
      1     38      1      2      1      4     15      4      1   8403
      1     38      1      2      2      4     11      2      0   6325
      1     38      1      2      3      5      4      5      1   1109
      1     38      1      2      4      3      9      3      1   1393
      1     38      1      2      5      7     10      7      1   3361
      1     38      1      2      6      7      5      7      1   1577
      1     38      1      2      7      1      2      6      0   5974
      1     38      1      2      8      3      2      3      1   3826
      1     38      1      2      9      2     13      2      1   1614
      1     38      1      2     10      1      4      4      0   4560
      1     38      1      2     11      6      6      7      0   4378
      1     38      1      2     12      5      7      5      1   1410
      1     38      1      2     13      6      9      6      1   5877
      1     38      1      2     14      2      3      2      1   1926
      1     38      1      2     15      8      5      8      1   1144
      1     38      1      2     16      8      4      8      1   1126
      1     38      2      1      1      6     10      7      0   4150
      1     38      2      1      2      6     16      3      0   6425
      1     38      2      1      3      3      8      3      1   3245
      1     38      2      1      4      4     16      2      0   1503
      1     38      2      1      5      1      3      1      1   5963
      1     38      2      1      6      7     14      6      0  15190
      1     38      2      1      7      2      4      2      1   1361
      1     38      2      1      8      4      8      4      1   2907
      1     38      2      1      9      8      6      8      1   1266
      1     38      2      1     10      7     12      7      1   3914
      1     38      2      1     11      2     10      2      1   2181
      1     38      2      1     12      8      8      8      1   1454
      1     38      2      1     13      5      9      5      1   1008
      1     38      2      1     14      5     12      5      1   1145
      1     38      2      1     15      3     13      7      0   1461
      1     38      2      1     16      1      6      1      1   1735
      1     38      2      2      1      4      5      4      1   5676
      1     38      2      2      2      5      6      5      1   1364
      1     38      2      2      3      3     15      3      1   2343
      1     38      2      2      4      6      5      7      0  10158
      1     38      2      2      5      6     15      6      1   2193
      1     38      2      2      6      3     12      3      1   1994
      1     38      2      2      7      8      3      8      1   1310
      1     38      2      2      8      1      7      3      0   6909
      1     38      2      2      9      8     10      8      1   1659
      1     38      2      2     10      2      6      2      1   1976
      1     38      2      2     11      2      2      4      0   3846
      1     38      2      2     12      7      7      7      1   1381
      1     38      2      2     13      1     14      3      0   1710
      1     38      2      2     14      5      2      5      1    929
      1     38      2      2     15      7      2      7      1   1510
      1     38      2      2     16      4     12      4      1   8130
      1     38      3      1      1      8     15      8      1   1265
      1     38      3      1      2      7      6      7      1   3159
      1     38      3      1      3      4     10      4      1   7830
      1     38      3      1      4      5     10      5      1    998
      1     38      3      1      5      5      5      5      1   1611
      1     38      3      1      6      4     14      4      1   4082
      1     38      3      1      7      1     10      1      1   3348
      1     38      3      1      8      6      3      6      1   3033
      1     38      3      1      9      1      1      4      0   5758
      1     38      3      1     10      3     14      3      1   1298
      1     38      3      1     11      2      9      4      0   4141
      1     38      3      1     12      2      5      2      1   1226
      1     38      3      1     13      7      4      7      1   3766
      1     38      3      1     14      8     16      8      1   1916
      1     38      3      1     15      6     11      6      1   1576
      1     38      3      1     16      3     10      3      1   1929
      1     38      3      2      1      3      6      3      1   3093
      1     38      3      2      2      5      8      5      1   1363
      1     38      3      2      3      6      8      6      1   1309
      1     38      3      2      4      5     11      5      1   1079
      1     38      3      2      5      7     15      7      1   4080
      1     38      3      2      6      1      5      1      1   4828
      1     38      3      2      7      4      1      1      0   2129
      1     38      3      2      8      2     14      4      0   5143
      1     38      3      2      9      4      3      1      0   2027
      1     38      3      2     10      7     16      4      0   5342
      1     38      3      2     11      6      7      6      1    994
      1     38      3      2     12      1     11      1      1   3110
      1     38      3      2     13      8      2      8      1   1143
      1     38      3      2     14      8     14      8      1    926
      1     38      3      2     15      2     16      4      0   4325
      1     38      3      2     16      3     16      3      1   1226
      1     38      4      1      1      8     15      8      1   1319
      1     38      4      1      2      7     14      7      1  19934
      1     38      4      1      3      6     10      6      1   1239
      1     38      4      1      4      8     16      8      1    928
      1     38      4      1      5      3     11      3      1   1053
      1     38      4      1      6      3     10      3      1   1551
      1     38      4      1      7      6      3      6      1   1488
      1     38      4      1      8      4     14      4      1   1611
      1     38      4      1      9      1     16      1      1   2423
      1     38      4      1     10      7      8      7      1   1486
      1     38      4      1     11      2      8      2      1   1120
      1     38      4      1     12      5     14      5      1   1074
      1     38      4      1     13      5      9      5      1   1510
      1     38      4      1     14      2      5      2      1   1533
      1     38      4      1     15      4     13      4      1   2413
      1     38      4      1     16      1      1      1      1   2413
      1     38      4      2      1      4      1      7      0   6692
      1     38      4      2      2      1      7      3      0   1893
      1     38      4      2      3      5      4      5      1   1310
      1     38      4      2      4      4     11      4      1   2793
      1     38      4      2      5      3      6      3      1    893
      1     38      4      2      6      5      8      5      1    864
      1     38      4      2      7      2     13      2      1   1078
      1     38      4      2      8      3     15      7      0   3794
      1     38      4      2      9      2      2      2      1   1181
      1     38      4      2     10      8      3      8      1   1109
      1     38      4      2     11      7      5      7      1   1159
      1     38      4      2     12      6      5      6      1    830
      1     38      4      2     13      1     11      1      1   1710
      1     38      4      2     14      6      9      6      1   1011
      1     38      4      2     15      8      2      8      1    826
      1     38      4      2     16      7     10      7      1   2794
      1     38      5      1      1      5     10      5      1   1009
      1     38      5      1      2      6     16      6      1   1680
      1     38      5      1      3      7     13      7      1   1581
      1     38      5      1      4      2     10      2      1   1460
      1     38      5      1      5      1      3      1      1   1622
      1     38      5      1      6      4     16      4      1   2468
      1     38      5      1      7      1      6      1      1   2107
      1     38      5      1      8      2      4      2      1   1792
      1     38      5      1      9      8      8      8      1   1242
      1     38      5      1     10      3     14      3      1   2334
      1     38      5      1     11      3      8      7      0   2745
      1     38      5      1     12      8      6      8      1    932
      1     38      5      1     13      5      5      5      1   1010
      1     38      5      1     14      4      9      4      1   3521
      1     38      5      1     15      7     12      7      1   1864
      1     38      5      1     16      6     13      6      1   1228
      1     38      5      2      1      5      6      5      1   1343
      1     38      5      2      2      6      8      6      1   1414
      1     38      5      2      3      6     15      6      1   1098
      1     38      5      2      4      4     12      2      0   3542
      1     38      5      2      5      3      2      3      1   1476
      1     38      5      2      6      2     16      4      0   2278
      1     38      5      2      7      2     14      4      0   6526
      1     38      5      2      8      8      5      8      1    998
      1     38      5      2      9      7     16      7      1   4609
      1     38      5      2     10      8     10      8      1   1494
      1     38      5      2     11      5     11      5      1    894
      1     38      5      2     12      1      2      1      1   6258
      1     38      5      2     13      1      4      1      1   1564
      1     38      5      2     14      4      5      4      1   2431
      1     38      5      2     15      3     12      3      1   1147
      1     38      5      2     16      7      2      7      1   1143
      1     38      6      1      1      4      8      4      1   3066
      1     38      6      1      2      1      9      1      1   2099
      1     38      6      1      3      4     10      4      1   2290
      1     38      6      1      4      6     12      7      0    921
      1     38      6      1      5      1     10      1      1   4848
      1     38      6      1      6      6     11      6      1   1898
      1     38      6      1      7      7      4      3      0   1382
      1     38      6      1      8      8     13      8      1   1056
      1     38      6      1      9      5     12      5      1   1037
      1     38      6      1     10      2      9      2      1   1077
      1     38      6      1     11      3      7      3      1   1012
      1     38      6      1     12      2      1      2      1    916
      1     38      6      1     13      8      9      8      1   1062
      1     38      6      1     14      5     16      5      1   1101
      1     38      6      1     15      3     13      3      1   1605
      1     38      6      1     16      7      6      7      1   2491
      1     38      6      2      1      5      2      5      1    942
      1     38      6      2      2      6      6      7      0   2477
      1     38      6      2      3      3      9      3      1    831
      1     38      6      2      4      2      3      1      0   1176
      1     38      6      2      5      3     16      3      1   1243
      1     38      6      2      6      1      5      1      1   1712
      1     38      6      2      7      5      7      5      1    931
      1     38      6      2      8      4      3      1      0   1262
      1     38      6      2      9      6      7      6      1   1461
      1     38      6      2     10      7      7      7      1   1294
      1     38      6      2     11      8      4      8      1    960
      1     38      6      2     12      8     14      8      1    894
      1     38      6      2     13      1     14      1      1   1560
      1     38      6      2     14      2      6      2      1    898
      1     38      6      2     15      7     15      7      1    976
      1     38      6      2     16      4     15      4      1   5660
      1     38      7      1      1      1      3      1      1    943
      1     38      7      1      2      5     12      5      1   1013
      1     38      7      1      3      1      1      4      0   2454
      1     38      7      1      4      4      9      4      1   2498
      1     38      7      1      5      8      6      8      1   1012
      1     38      7      1      6      2      9      2      1   1445
      1     38      7      1      7      6      3      6      1   1207
      1     38      7      1      8      2      8      2      1    954
      1     38      7      1      9      7      6      7      1   7612
      1     38      7      1     10      7      4      7      1   1502
      1     38      7      1     11      3     11      3      1   1797
      1     38      7      1     12      6     11      6      1   1015
      1     38      7      1     13      4     16      2      0   1141
      1     38      7      1     14      8      9      8      1   1077
      1     38      7      1     15      5      9      5      1    818
      1     38      7      1     16      3     13      3      1   1932
      1     38      7      2      1      5      2      5      1   1093
      1     38      7      2      2      4      5      4      1   5478
      1     38      7      2      3      7      5      7      1   1477
      1     38      7      2      4      2     13      2      1   1248
      1     38      7      2      5      3     16      3      1    976
      1     38      7      2      6      7      2      7      1   1844
      1     38      7      2      7      1      4      1      1   2160
      1     38      7      2      8      4      3      1      0   1359
      1     38      7      2      9      8      4      8      1   1076
      1     38      7      2     10      5      7      5      1    877
      1     38      7      2     11      6      7      6      1   1062
      1     38      7      2     12      3      9      3      1   1147
      1     38      7      2     13      2     16      4      0   2142
      1     38      7      2     14      8      5      8      1   1109
      1     38      7      2     15      1     11      1      1   1144
      1     38      7      2     16      6     15      6      1    827
      1     38      8      1      1      5     10      5      1    993
      1     38      8      1      2      5     14      5      1    932
      1     38      8      1      3      7     14      7      1   3795
      1     38      8      1      4      2      4      2      1   1102
      1     38      8      1      5      8     16      8      1   1018
      1     38      8      1      6      6     10      6      1    933
      1     38      8      1      7      6     16      6      1   1149
      1     38      8      1      8      7     12      7      1   1733
      1     38      8      1      9      2     10      2      1    845
      1     38      8      1     10      1      6      1      1   1120
      1     38      8      1     11      8      8      8      1   1297
      1     38      8      1     12      3      8      3      1   2463
      1     38      8      1     13      4     10      4      1   1287
      1     38      8      1     14      1     16      1      1    926
      1     38      8      1     15      3     10      3      1   2661
      1     38      8      1     16      4     13      4      1   1425
      1     38      8      2      1      8      2      8      1   1059
      1     38      8      2      2      6      5      6      1    979
      1     38      8      2      3      4     15      4      1   1743
      1     38      8      2      4      6      9      6      1   1294
      1     38      8      2      5      7     15      7      1   1043
      1     38      8      2      6      2     14      4      0   2510
      1     38      8      2      7      7     10      7      1   1096
      1     38      8      2      8      1      2      1      1   1725
      1     38      8      2      9      5      8      5      1   1078
      1     38      8      2     10      2      6      2      1    996
      1     38      8      2     11      3     12      3      1   1564
      1     38      8      2     12      1      5      1      1    945
      1     38      8      2     13      8     14      8      1    944
      1     38      8      2     14      5      4      5      1    912
      1     38      8      2     15      3      6      3      1   1130
      1     38      8      2     16      4      1      1      0   1294
      1     38      9      1      1      4      8      4      1   1559
      1     38      9      1      2      8     13      8      1   1261
      1     38      9      1      3      1     10      1      1   1024
      1     38      9      1      4      4     14      4      1   2646
      1     38      9      1      5      1      9      1      1    965
      1     38      9      1      6      7      8      7      1   3258
      1     38      9      1      7      6     12      6      1    973
      1     38      9      1      8      8     15      8      1   1194
      1     38      9      1      9      7     13      7      1   1031
      1     38      9      1     10      5     16      5      1   1071
      1     38      9      1     11      2      1      2      1    940
      1     38      9      1     12      6     13      6      1   1271
      1     38      9      1     13      5      5      8      0   1128
      1     38      9      1     14      2      5      2      1    840
      1     38      9      1     15      3      7      3      1    913
      1     38      9      1     16      3     14      3      1    929
      1     38      9      2      1      4     12      1      0   6675
      1     38      9      2      2      7     16      7      1   1410
      1     38      9      2      3      2      2      2      1   1830
      1     38      9      2      4      5     11      5      1    911
      1     38      9      2      5      1     14      1      1   1564
      1     38      9      2      6      5      6      5      1   1030
      1     38      9      2      7      6      6      6      1   1477
      1     38      9      2      8      8      3      8      1    960
      1     38      9      2      9      7      7      7      1   1044
      1     38      9      2     10      6      8      6      1    864
      1     38      9      2     11      3     15      3      1   2014
      1     38      9      2     12      4     11      1      0   3127
      1     38      9      2     13      3      2      3      1    876
      1     38      9      2     14      2      3      1      0   1126
      1     38      9      2     15      1      7      1      1   1611
      1     38      9      2     16      8     10      8      1   1142
