      1     56      1      1      1      2      3      2      1   2184
      1     56      1      1      2      7     16      1      0   1879
      1     56      1      1      3      7     14      4      0   3418
      1     56      1      1      4      8     14      5      0   2451
      1     56      1      1      5      2      5      3      0   1606
      1     56      1      1      6      1      3      2      0   1529
      1     56      1      1      7      1     14      4      0   4580
      1     56      1      1      8      3     15      5      0   2348
      1     56      1      1      9      6      6      1      0   4451
      1     56      1      1     10      6     10      8      0   3218
      1     56      1      1     11      4      8      2      0   1367
      1     56      1      1     12      8      2      7      0   3772
      1     56      1      1     13      4      9      2      0   1409
      1     56      1      1     14      5      5      2      0   2142
      1     56      1      1     15      3      2      6      0   1409
      1     56      1      1     16      5     16      2      0   2980
      1     56      1      2      1      6      8      6      1   6052
      1     56      1      2      2      3      9      5      0   4425
      1     56      1      2      3      3     14      5      0   2344
      1     56      1      2      4      8      3      4      0   3611
      1     56      1      2      5      2     10      2      1   1277
      1     56      1      2      6      2      4      2      1   1259
      1     56      1      2      7      1      1      7      0   2727
      1     56      1      2      8      7      8      8      0   3461
      1     56      1      2      9      1      6      1      1   2028
      1     56      1      2     10      7      5      8      0   3127
      1     56      1      2     11      4     10      2      0   1413
      1     56      1      2     12      8     10      5      0   1794
      1     56      1      2     13      6      9      3      0   4429
      1     56      1      2     14      4      3      4      1   3610
      1     56      1      2     15      5     14      2      0   1311
      1     56      1      2     16      5      8      7      0   3427
      1     56      2      1      1      7      7      7      1   6304
      1     56      2      1      2      2      1      2      1   1647
      1     56      2      1      3      5     11      1      0   1286
      1     56      2      1      4      1     16      8      0   2831
      1     56      2      1      5      3     11      1      0   1199
      1     56      2      1      6      1     11      4      0   2258
      1     56      2      1      7      4     14      2      0   2072
      1     56      2      1      8      5      7      5      1   2176
      1     56      2      1      9      6     15      7      0   4118
      1     56      2      1     10      3      8      8      0   5772
      1     56      2      1     11      8     13      3      0   5035
      1     56      2      1     12      7     15      6      0   2843
      1     56      2      1     13      8      8      8      1   3547
      1     56      2      1     14      6      5      1      0   2315
      1     56      2      1     15      4     13      5      0   3920
      1     56      2      1     16      2      9      2      1   2128
      1     56      2      2      1      1      5      7      0   3813
      1     56      2      2      2      2      8      2      1   1376
      1     56      2      2      3      4     15      4      1   2843
      1     56      2      2      4      4      5      5      0   3077
      1     56      2      2      5      3      6      6      0   6143
      1     56      2      2      6      8     15      4      0   1909
      1     56      2      2      7      6     12      1      0   2577
      1     56      2      2      8      5      4      5      1   3727
      1     56      2      2      9      6      3      7      0   6094
      1     56      2      2     10      5      2      1      0   1376
      1     56      2      2     11      2     13      2      1   2411
      1     56      2      2     12      7     13      7      1   2260
      1     56      2      2     13      8      9      4      0   2876
      1     56      2      2     14      3     16      4      0   2109
      1     56      2      2     15      7     12      7      1   1443
      1     56      2      2     16      1      9      1      1   2243
      1     56      3      1      1      6     13      8      0   2899
      1     56      3      1      2      1     10      2      0   1539
      1     56      3      1      3      8      6      7      0   1824
      1     56      3      1      4      2     16      3      0   4319
      1     56      3      1      5      3     12      6      0   3840
      1     56      3      1      6      1      4      1      1   2295
      1     56      3      1      7      5     10      5      1   1434
      1     56      3      1      8      2      6      2      1   1145
      1     56      3      1      9      3     10      8      0   2312
      1     56      3      1     10      7     10      8      0   1525
      1     56      3      1     11      8      4      4      0   2362
      1     56      3      1     12      4     12      2      0   1943
      1     56      3      1     13      6      7      6      1   3225
      1     56      3      1     14      7      6      6      0   1502
      1     56      3      1     15      4     11      1      0   1744
      1     56      3      1     16      5      9      5      1   1947
      1     56      3      2      1      4     16      1      0   4930
      1     56      3      2      2      5     12      5      1   2096
      1     56      3      2      3      6     11      6      1   5861
      1     56      3      2      4      7      2      7      1   2094
      1     56      3      2      5      8      5      4      0   3310
      1     56      3      2      6      7      4      6      0   4913
      1     56      3      2      7      3     13      7      0   1879
      1     56      3      2      8      8     16      4      0   3595
      1     56      3      2      9      1      7      3      0   2510
      1     56      3      2     10      4      1      8      0   2229
      1     56      3      2     11      1      2      1      1   4711
      1     56      3      2     12      3      7      6      0   3244
      1     56      3      2     13      2      2      2      1   1479
      1     56      3      2     14      6     16      6      1   1977
      1     56      3      2     15      2     14      4      0   2812
      1     56      3      2     16      5      6      5      1   1428
      1     56      4      1      1      5      7      5      1   1245
      1     56      4      1      2      3     12      6      0   3739
      1     56      4      1      3      7      6      7      1   1748
      1     56      4      1      4      4      9      4      1   2631
      1     56      4      1      5      2      6      2      1   1295
      1     56      4      1      6      4     14      1      0   2549
      1     56      4      1      7      1     11      3      0   4965
      1     56      4      1      8      1      3      1      1   1151
      1     56      4      1      9      8      6      8      1   2103
      1     56      4      1     10      2      9      2      1   1263
      1     56      4      1     11      6      7      6      1   1738
      1     56      4      1     12      3     11      8      0   4544
      1     56      4      1     13      7     16      6      0   2565
      1     56      4      1     14      6     15      6      1   1549
      1     56      4      1     15      5     11      5      1   1054
      1     56      4      1     16      8      4      8      1   1595
      1     56      4      2      1      3      9      7      0   4230
      1     56      4      2      2      8     10      8      1   1927
      1     56      4      2      3      7     12      7      1   4299
      1     56      4      2      4      3      6      1      0   2960
      1     56      4      2      5      6      8      6      1   1643
      1     56      4      2      6      7      8      7      1   1610
      1     56      4      2      7      4      1      4      1   4126
      1     56      4      2      8      2      2      2      1   1194
      1     56      4      2      9      8      5      8      1   1661
      1     56      4      2     10      5      8      5      1   1427
      1     56      4      2     11      5     14      5      1   1911
      1     56      4      2     12      1      1      4      0   6545
      1     56      4      2     13      4     15      1      0   5744
      1     56      4      2     14      1      9      1      1   1993
      1     56      4      2     15      6      9      6      1   1878
      1     56      4      2     16      2     14      3      0   2994
      1     56      5      1      1      4     12      3      0   4104
      1     56      5      1      2      1     14      3      0   4272
      1     56      5      1      3      7     15      7      1   1206
      1     56      5      1      4      1     10      1      1   2715
      1     56      5      1      5      6      6      6      1   1439
      1     56      5      1      6      7     10      7      1   1233
      1     56      5      1      7      4     11      2      0   4487
      1     56      5      1      8      8      2      8      1   1455
      1     56      5      1      9      2      3      4      0   2738
      1     56      5      1     10      5     10      5      1   1049
      1     56      5      1     11      2     16      2      1   3930
      1     56      5      1     12      8      8      8      1   1287
      1     56      5      1     13      5      5      5      1   1322
      1     56      5      1     14      6     10      6      1   1210
      1     56      5      1     15      3      2      7      0   2313
      1     56      5      1     16      3     15      3      1   1090
      1     56      5      2      1      8      9      8      1   1329
      1     56      5      2      2      6     16      6      1   1610
      1     56      5      2      3      2      4      2      1   2960
      1     56      5      2      4      1      5      3      0   2677
      1     56      5      2      5      3     13      7      0   3144
      1     56      5      2      6      5      4      5      1   1411
      1     56      5      2      7      5      6      5      1   1577
      1     56      5      2      8      7      4      6      0   1893
      1     56      5      2      9      4     10      7      0   6210
      1     56      5      2     10      1      7      3      0   1410
      1     56      5      2     11      6     11      6      1   3509
      1     56      5      2     12      4     16      2      0   1778
      1     56      5      2     13      8     15      8      1   1343
      1     56      5      2     14      7     13      7      1   1477
      1     56      5      2     15      3     14      1      0   4829
      1     56      5      2     16      2      8      2      1   1543
      1     56      6      1      1      7      7      7      1   1232
      1     56      6      1      2      2      5      1      0   2257
      1     56      6      1      3      3      8      7      0   2758
      1     56      6      1      4      4      8      3      0   4754
      1     56      6      1      5      3     10      7      0   2078
      1     56      6      1      6      7     14      1      0   3551
      1     56      6      1      7      5      9      5      1   1057
      1     56      6      1      8      8     14      8      1   1157
      1     56      6      1      9      1     16      7      0   2394
      1     56      6      1     10      6     13      6      1   1881
      1     56      6      1     11      8     13      8      1   1039
      1     56      6      1     12      2      1      2      1   1247
      1     56      6      1     13      6      5      6      1   1335
      1     56      6      1     14      5     16      5      1   1505
      1     56      6      1     15      1      4      1      1   1415
      1     56      6      1     16      4     13      3      0   2996
      1     56      6      2      1      8      3      8      1   2963
      1     56      6      2      2      3     16      3      1   3512
      1     56      6      2      3      3      7      6      0   2645
      1     56      6      2      4      8     16      8      1   1378
      1     56      6      2      5      1      6      1      1   2161
      1     56      6      2      6      2     13      4      0   4243
      1     56      6      2      7      7      5      7      1   1743
      1     56      6      2      8      7      2      7      1   1311
      1     56      6      2      9      6      3      6      1   1378
      1     56      6      2     10      2     10      4      0   5160
      1     56      6      2     11      1      2      3      0   1427
      1     56      6      2     12      4      5      3      0   4944
      1     56      6      2     13      5     12      5      1   1110
      1     56      6      2     14      4      3      1      0   3809
      1     56      6      2     15      6     12      6      1   1561
      1     56      6      2     16      5      2      5      1   1611
      1     56      7      1      1      6      7      6      1   1055
      1     56      7      1      2      5     11      5      1   1236
      1     56      7      1      3      3     11      3      1   1450
      1     56      7      1      4      4      8      4      1   1469
      1     56      7      1      5      8      6      8      1   1169
      1     56      7      1      6      8      4      8      1   1628
      1     56      7      1      7      2      5      2      1   1243
      1     56      7      1      8      1     11      1      1   1093
      1     56      7      1      9      2      3      3      0   4300
      1     56      7      1     10      7     15      7      1   1734
      1     56      7      1     11      6     10      6      1   1469
      1     56      7      1     12      7     10      7      1   1312
      1     56      7      1     13      5      7      5      1   1257
      1     56      7      1     14      4     14      4      1   3181
      1     56      7      1     15      1      4      1      1   1795
      1     56      7      1     16      3     12      3      1   4677
      1     56      7      2      1      3      7      3      1   4581
      1     56      7      2      2      8      5      8      1   1178
      1     56      7      2      3      5     14      5      1   1144
      1     56      7      2      4      4     16      2      0   2310
      1     56      7      2      5      1      2      1      1   1593
      1     56      7      2      6      6     11      6      1   1260
      1     56      7      2      7      7     12      7      1   2110
      1     56      7      2      8      6      9      6      1   1662
      1     56      7      2      9      8      9      8      1   1630
      1     56      7      2     10      5     12      5      1   1076
      1     56      7      2     11      3      9      3      1   5644
      1     56      7      2     12      7      8      7      1    993
      1     56      7      2     13      2     10      2      1   2028
      1     56      7      2     14      2      8      2      1   1144
      1     56      7      2     15      4     10      4      1   1777
      1     56      7      2     16      1      9      1      1   1278
      1     56      8      1      1      5     16      5      1   1025
      1     56      8      1      2      8      2      8      1   1176
      1     56      8      1      3      2      6      2      1    997
      1     56      8      1      4      6     13      3      0   1287
      1     56      8      1      5      8      8      8      1   1929
      1     56      8      1      6      5      9      5      1   1097
      1     56      8      1      7      6      6      6      1   3772
      1     56      8      1      8      4      9      4      1   1925
      1     56      8      1      9      7     14      7      1   2229
      1     56      8      1     10      4     12      4      1   4873
      1     56      8      1     11      3      2      3      1   2904
      1     56      8      1     12      2     16      2      1   2477
      1     56      8      1     13      7     16      7      1   2052
      1     56      8      1     14      1     10      1      1   1276
      1     56      8      1     15      3     10      3      1   4969
      1     56      8      1     16      1     16      3      0   2909
      1     56      8      2      1      6     16      6      1   2181
      1     56      8      2      2      2      2      2      1   3428
      1     56      8      2      3      8     10      8      1   1577
      1     56      8      2      4      3     13      7      0   2480
      1     56      8      2      5      3     16      3      1   2228
      1     56      8      2      6      2     14      4      0   4062
      1     56      8      2      7      6      3      6      1   1677
      1     56      8      2      8      1      7      3      0   1745
      1     56      8      2      9      8     15      8      1   1760
      1     56      8      2     10      5      4      5      1   1577
      1     56      8      2     11      1      1      3      0   3477
      1     56      8      2     12      5      6      5      1   1410
      1     56      8      2     13      7      2      7      1   3312
      1     56      8      2     14      4     15      3      0   6145
      1     56      8      2     15      4      1      1      0   9427
      1     56      8      2     16      7      5      7      1   1927
      1     56      9      1      1      4     11      2      0   1857
      1     56      9      1      2      8     13      8      1   1112
      1     56      9      1      3      4     13      3      0   2116
      1     56      9      1      4      8     14      8      1   1278
      1     56      9      1      5      5      5      5      1   1320
      1     56      9      1      6      2      9      1      0   2038
      1     56      9      1      7      6      5      6      1   2588
      1     56      9      1      8      6     15      6      1   2462
      1     56      9      1      9      7      7      7      1   1266
      1     56      9      1     10      1     14      3      0   1583
      1     56      9      1     11      1      3      1      1   1725
      1     56      9      1     12      3      8      3      1   3730
      1     56      9      1     13      3     15      4      0   1847
      1     56      9      1     14      7      6      7      1   1563
      1     56      9      1     15      2      1      2      1   1309
      1     56      9      1     16      5     10      5      1   1428
      1     56      9      2      1      2     13      2      1   1814
      1     56      9      2      2      2      4      2      1   1279
      1     56      9      2      3      7      4      6      0   1143
      1     56      9      2      4      7     13      7      1   1381
      1     56      9      2      5      6      8      6      1   1210
      1     56      9      2      6      5      8      5      1   1743
      1     56      9      2      7      3      6      3      1   4944
      1     56      9      2      8      8     16      8      1   1361
      1     56      9      2      9      1      6      4      0   5710
      1     56      9      2     10      1      5      4      0   1193
      1     56      9      2     11      4      3      4      1   1778
      1     56      9      2     12      4      5      4      1   2627
      1     56      9      2     13      5      2      5      1   1177
      1     56      9      2     14      8      3      8      1   1144
      1     56      9      2     15      3     14      3      1   3927
      1     56      9      2     16      6     12      3      0   1878
