      2     35      1      1      1      5      5      3      0   2499   8636
      2     35      1      1      2      8     10      1      0   2785   4677
      2     35      1      1      3      8      5      6      0   4556   4455
      2     35      1      1      4      8     15      8      1   1292   9253
      2     35      1      1      5      5      7      5      1   1232   3659
      2     35      1      1      6      5     16      5      1   1128   1179
      2     35      1      1      7      4     11      3      0   1655   1676
      2     35      1      1      8      4     12      4      1   2194   1113
      2     35      1      1      9      1      7      4      0   1331   4241
      2     35      1      1     10      1      1      1      1   2526   2885
      2     35      1      1     11      3      8      1      0   2007   1542
      2     35      1      1     12      3     16      3      1   1106   1397
      2     35      1      1     13      3     12      3      1   1090   1068
      2     35      1      1     14      3     13      3      1   1012   1260
      2     35      1      1     15      3      2      3      1   1227   1867
      2     35      1      1     16      1     16      3      0   1274   2428
      2     35      1      2      1      3      6      3      1   2553     -1
      2     35      1      2      2      7     14      5      0   6841     -1
      2     35      1      2      3      8      6      8      1   1492     -1
      2     35      1      2      4      2      6      7      0   2476     -1
      2     35      1      2      5      2     10      7      0   1508     -1
      2     35      1      2      6      1     11      3      0   1792     -1
      2     35      1      2      7      6      3      1      0   7928     -1
      2     35      1      2      8      6      7      1      0   1528     -1
      2     35      1      2      9      5      2      5      1   1477     -1
      2     35      1      2     10      4      1      3      0   3961     -1
      2     35      1      2     11      1      9      3      0   1228     -1
      2     35      1      2     12      7     16      5      0   3127     -1
      2     35      1      2     13      3     11      4      0   3978     -1
      2     35      1      2     14      5     12      5      1   1313     -1
      2     35      1      2     15      8      3      8      1   1178     -1
      2     35      1      2     16      4     13      3      0   1460     -1
      2     35      2      1      1      1      7      3      0   1181   3061
      2     35      2      1      2      3      2      4      0   1804   1020
      2     35      2      1      3      6      9      5      0   1316   2944
      2     35      2      1      4      5      7      6      0   1123   1199
      2     35      2      1      5      6      6      6      1    947   2207
      2     35      2      1      6      4      3      3      0    992   2245
      2     35      2      1      7      3      2      3      1   1366   1224
      2     35      2      1      8      3      8      3      1   1374   1739
      2     35      2      1      9      3     16      4      0   1238   2300
      2     35      2      1     10      3      9      3      1   1195   1473
      2     35      2      1     11      3      2      4      0   2099   1010
      2     35      2      1     12      3      9      3      1   1403   1154
      2     35      2      1     13      3      8      3      1   1764   1160
      2     35      2      1     14      6     16      6      1   1550   1336
      2     35      2      1     15      8      8      2      0   1161   2064
      2     35      2      1     16      7     13      5      0   1258   1035
      2     35      2      2      1      4      5      4      1   3764     -1
      2     35      2      2      2      2      3      8      0   1726     -1
      2     35      2      2      3      6      5      6      1   1677     -1
      2     35      2      2      4      4     14      3      0   2961     -1
      2     35      2      2      5      6      8      6      1   3528     -1
      2     35      2      2      6      5      6      5      1   1511     -1
      2     35      2      2      7      1     10      8      0   1028     -1
      2     35      2      2      8      8      9      8      1   1528     -1
      2     35      2      2      9      5     11      5      1   1262     -1
      2     35      2      2     10      8      2      8      1   1027     -1
      2     35      2      2     11      3      7      3      1   1461     -1
      2     35      2      2     12      2      2      4      0   4161     -1
      2     35      2      2     13      7     12      3      0   1044     -1
      2     35      2      2     14      1      5      3      0    945     -1
      2     35      2      2     15      3     15      3      1    961     -1
      2     35      2      2     16      7      2      7      1   1945     -1
      2     35      3      1      1      6     13      4      0   1578   3771
      2     35      3      1      2      1      1      3      0   1212   1638
      2     35      3      1      3      2     13      3      0   1000   1862
      2     35      3      1      4      2      4      2      1    834   2877
      2     35      3      1      5      4      9      1      0   2708   2772
      2     35      3      1      6      4     16      4      1   1287   5158
      2     35      3      1      7      2      4      4      0    906   2004
      2     35      3      1      8      7     15      7      1   1308   2100
      2     35      3      1      9      1      3      4      0   1929   2063
      2     35      3      1     10      2      9      1      0    807   1019
      2     35      3      1     11      2      4      4      0    995   2390
      2     35      3      1     12      2      9      2      1   1064    962
      2     35      3      1     13      2     13      1      0   1440    917
      2     35      3      1     14      1      3      2      0   1088   2611
      2     35      3      1     15      4     11      2      0    873   1691
      2     35      3      1     16      2      9      4      0    908   1281
      2     35      3      2      1      2      8      2      1   9863     -1
      2     35      3      2      2      7      5      7      1   1876     -1
      2     35      3      2      3      7      7      7      1   1661     -1
      2     35      3      2      4      5      9      5      1   1128     -1
      2     35      3      2      5      4     10      1      0   7745     -1
      2     35      3      2      6      6     10      7      0   1244     -1
      2     35      3      2      7      8     16      8      1   1294     -1
      2     35      3      2      8      1      6      3      0   1411     -1
      2     35      3      2      9      3     10      3      1    778     -1
      2     35      3      2     10      5     14      5      1   1093     -1
      2     35      3      2     11      2      5      2      1   3643     -1
      2     35      3      2     12      4      8      4      1   2795     -1
      2     35      3      2     13      8      4      8      1   1011     -1
      2     35      3      2     14      1     14      6      0   3261     -1
      2     35      3      2     15      6     12      6      1   1160     -1
      2     35      3      2     16      3     14      3      1   1561     -1
      2     35      4      1      1      4      3      3      0   1137   2268
      2     35      4      1      2      4     16      4      1   2367   1598
      2     35      4      1      3      4     11      4      1    753   2663
      2     35      4      1      4      1      3      1      1    853   1726
      2     35      4      1      5      2      9      1      0   1284   1435
      2     35      4      1      6      4     12      4      1   1855    955
      2     35      4      1      7      4     16      4      1   2724   3214
      2     35      4      1      8      1     16      6      0   1252    925
      2     35      4      1      9      1      2      1      1   1054   3234
      2     35      4      1     10      5      5      5      1   1010   8064
      2     35      4      1     11      8      8      8      1   1227   1933
      2     35      4      1     12      2      9      1      0    952   1467
      2     35      4      1     13      1      3      2      0    942    885
      2     35      4      1     14      4     11      1      0    879   1848
      2     35      4      1     15      1      4      4      0    970   1775
      2     35      4      1     16      2     13      3      0   1351   1238
      2     35      4      2      1      8      9      8      1    946     -1
      2     35      4      2      2      2      2      2      1   3027     -1
      2     35      4      2      3      5     11      5      1   1577     -1
      2     35      4      2      4      3     14      6      0   2094     -1
      2     35      4      2      5      3     11      3      1   1277     -1
      2     35      4      2      6      6      3      6      1   1577     -1
      2     35      4      2      7      4      1      3      0   1144     -1
      2     35      4      2      8      8      3      8      1   1261     -1
      2     35      4      2      9      4      5      4      1   5177     -1
      2     35      4      2     10      5     12      5      1   1110     -1
      2     35      4      2     11      6     10      7      0   2111     -1
      2     35      4      2     12      7      2      7      1   1296     -1
      2     35      4      2     13      2      8      1      0   2293     -1
      2     35      4      2     14      7     16      7      1   1310     -1
      2     35      4      2     15      1     11      6      0   1361     -1
      2     35      4      2     16      1      6      3      0    947     -1
      2     35      5      1      1      6     16      6      1    916   2878
      2     35      5      1      2      3      2      3      1   2480   1095
      2     35      5      1      3      7     10      7      1   1434   2140
      2     35      5      1      4      1      7      1      1   1030    849
      2     35      5      1      5      6     15      6      1   1303   1550
      2     35      5      1      6      1     16      2      0    926   1197
      2     35      5      1      7      1      7      1      1    871   1072
      2     35      5      1      8      1      3      1      1    949   3548
      2     35      5      1      9      4     12      1      0   1498    994
      2     35      5      1     10      2      9      2      1   2256    675
      2     35      5      1     11      2     13      2      1   1658   1051
      2     35      5      1     12      1      1      3      0   2234   1514
      2     35      5      1     13      1      1      1      1   1297    945
      2     35      5      1     14      2     13      2      1    863    572
      2     35      5      1     15      3      9      3      1    962   1423
      2     35      5      1     16      6      6      6      1   1223   1347
      2     35      5      2      1      5      9      5      1    995     -1
      2     35      5      2      2      2     10      2      1   1561     -1
      2     35      5      2      3      7     12      7      1   1294     -1
      2     35      5      2      4      1      5      1      1   5163     -1
      2     35      5      2      5      5     14      5      1   1245     -1
      2     35      5      2      6      8      2      8      1   1127     -1
      2     35      5      2      7      3     10      3      1   1144     -1
      2     35      5      2      8      6      5      6      1   1943     -1
      2     35      5      2      9      1      9      4      0   3144     -1
      2     35      5      2     10      4     14      2      0   5143     -1
      2     35      5      2     11      7      7      7      1   1112     -1
      2     35      5      2     12      2      3      2      1   2179     -1
      2     35      5      2     13      6      8      6      1   1211     -1
      2     35      5      2     14      4     10      2      0   2544     -1
      2     35      5      2     15      8      4      8      1   1094     -1
      2     35      5      2     16      3     15      3      1    845     -1
      2     35      6      1      1      1      2      1      1   1258   6663
      2     35      6      1      2      4     15      3      0   1086   1087
      2     35      6      1      3      7      4      7      1   1161   1588
      2     35      6      1      4      3     16      3      1   2501   1515
      2     35      6      1      5      8      5      8      1   1072   1087
      2     35      6      1      6      6     13      6      1   2167   1925
      2     35      6      1      7      7     13      7      1    878   1310
      2     35      6      1      8      2      9      2      1    872    842
      2     35      6      1      9      4     12      1      0   1970    858
      2     35      6      1     10      3     13      3      1    850   1288
      2     35      6      1     11      1      3      1      1   1838   1333
      2     35      6      1     12      1     16      1      1   1301   1420
      2     35      6      1     13      1      7      1      1    843   1149
      2     35      6      1     14      1      1      1      1   1177   1017
      2     35      6      1     15      8     10      8      1   1315   1191
      2     35      6      1     16      3      8      3      1    858   3934
      2     35      6      2      1      8      6      8      1    880     -1
      2     35      6      2      2      8     16      8      1    845     -1
      2     35      6      2      3      4     13      1      0   2145     -1
      2     35      6      2      4      5      6      5      1   1494     -1
      2     35      6      2      5      2      5      2      1   1560     -1
      2     35      6      2      6      1     10      8      0   2694     -1
      2     35      6      2      7      6      7      6      1   1278     -1
      2     35      6      2      8      4      8      4      1   3093     -1
      2     35      6      2      9      7     14      5      0   3028     -1
      2     35      6      2     10      6     12      6      1   1629     -1
      2     35      6      2     11      3      6      1      0   2160     -1
      2     35      6      2     12      7      5      7      1   1127     -1
      2     35      6      2     13      1     14      1      1   1610     -1
      2     35      6      2     14      2      6      2      1   1311     -1
      2     35      6      2     15      3      7      3      1    912     -1
      2     35      6      2     16      5      2      5      1   1227     -1
      2     35      7      1      1      2     16      2      1   2400   1583
      2     35      7      1      2      2      9      2      1    915    914
      2     35      7      1      3      4     11      2      0    991   1149
      2     35      7      1      4      4      3      4      1    943   1164
      2     35      7      1      5      3     12      3      1    980   1323
      2     35      7      1      6      5      5      5      1   1387   2660
      2     35      7      1      7      6     11      6      1   1298   1406
      2     35      7      1      8      2     14      8      0   1604   2037
      2     35      7      1      9      2     13      1      0   2164   2503
      2     35      7      1     10      4     11      4      1    676   1327
      2     35      7      1     11      2      9      2      1   1475   1148
      2     35      7      1     12      4     12      1      0   3116    864
      2     35      7      1     13      4     11      4      1   1048   1109
      2     35      7      1     14      4     12      4      1    734    764
      2     35      7      1     15      2      9      2      1   1306    675
      2     35      7      1     16      8      8      8      1   1086   1464
      2     35      7      2      1      7     16      5      0   2730     -1
      2     35      7      2      2      6      3      6      1   1361     -1
      2     35      7      2      3      4     14      4      1   3977     -1
      2     35      7      2      4      1     14      1      1   3278     -1
      2     35      7      2      5      2      8      2      1   1229     -1
      2     35      7      2      6      3     11      3      1    861     -1
      2     35      7      2      7      8      6      8      1   1046     -1
      2     35      7      2      8      7     12      1      0   3161     -1
      2     35      7      2      9      5      9      5      1   1046     -1
      2     35      7      2     10      6      5      6      1   1163     -1
      2     35      7      2     11      5      6      5      1   1096     -1
      2     35      7      2     12      2      3      2      1   2361     -1
      2     35      7      2     13      8     16      8      1    962     -1
      2     35      7      2     14      3      6      3      1    961     -1
      2     35      7      2     15      4     13      6      0   4193     -1
      2     35      7      2     16      1      6      1      1   1128     -1
      2     35      8      1      1      8     10      8      1    803   3349
      2     35      8      1      2      1      7      1      1   1216   1959
      2     35      8      1      3      8      5      8      1   1358   2117
      2     35      8      1      4      6     11      6      1   1000    844
      2     35      8      1      5      1      2      1      1   1909    984
      2     35      8      1      6      4     15      3      0   1342   1017
      2     35      8      1      7      7      4      7      1    901   1269
      2     35      8      1      8      5     16      5      1   1259   1148
      2     35      8      1      9      4     15      4      1   1264   1569
      2     35      8      1     10      6     13      6      1   3999   1026
      2     35      8      1     11      8      8      8      1   1197   3223
      2     35      8      1     12      1      3      1      1   1400   1274
      2     35      8      1     13      7      8      4      0    882   3697
      2     35      8      1     14      2     13      4      0    824   2821
      2     35      8      1     15      1      1      1      1   1184    878
      2     35      8      1     16      4     16      4      1    934   2136
      2     35      8      2      1      7     14      5      0   4328     -1
      2     35      8      2      2      1     10      8      0   1061     -1
      2     35      8      2      3      3     10      3      1    929     -1
      2     35      8      2      4      4      5      1      0   2160     -1
      2     35      8      2      5      1     11      6      0   1877     -1
      2     35      8      2      6      6     10      7      0   1111     -1
      2     35      8      2      7      2      6      2      1   1027     -1
      2     35      8      2      8      5      2      5      1   1044     -1
      2     35      8      2      9      2      5      2      1   1310     -1
      2     35      8      2     10      8      4      8      1   1176     -1
      2     35      8      2     11      8      3      8      1   1061     -1
      2     35      8      2     12      5     12      5      1   1678     -1
      2     35      8      2     13      3     15      3      1   1262     -1
      2     35      8      2     14      6      7      6      1   1194     -1
      2     35      8      2     15      7      7      7      1   1361     -1
      2     35      8      2     16      4      1      1      0   2896     -1
      2     35      9      1      1      7     15      7      1   2281   1602
      2     35      9      1      2      5      5      5      1   2039   1233
      2     35      9      1      3      6     15      6      1   3645   1554
      2     35      9      1      4      1     16      1      1   1075    954
      2     35      9      1      5      1      7      1      1   1122   1314
      2     35      9      1      6      4     16      4      1   1541   1149
      2     35      9      1      7      7     10      7      1   1154   1398
      2     35      9      1      8      3      2      3      1   1169    894
      2     35      9      1      9      6      9      7      0    896   1110
      2     35      9      1     10      7      8      7      1    966   2107
      2     35      9      1     11      4      3      2      0   1295   1588
      2     35      9      1     12      4     12      4      1    802   1644
      2     35      9      1     13      4     11      4      1   1147   1078
      2     35      9      1     14      1      3      1      1   1063    865
      2     35      9      1     15      4     15      1      0   4176   1393
      2     35      9      1     16      3      9      3      1    798   6839
      2     35      9      2      1      8      9      8      1    897     -1
      2     35      9      2      2      3     14      3      1   1010     -1
      2     35      9      2      3      8      2      8      1   1227     -1
      2     35      9      2      4      7      2      7      1   1111     -1
      2     35      9      2      5      5     11      5      1   1011     -1
      2     35      9      2      6      5     14      5      1   1332     -1
      2     35      9      2      7      3      7      3      1    993     -1
      2     35      9      2      8      2      2      2      1   1527     -1
      2     35      9      2      9      1      5      1      1   1412     -1
      2     35      9      2     10      4      8      4      1   1878     -1
      2     35      9      2     11      6      8      6      1   1843     -1
      2     35      9      2     12      1      9      2      0   2260     -1
      2     35      9      2     13      4     10      4      1   1694     -1
      2     35      9      2     14      2     10      2      1   1310     -1
      2     35      9      2     15      6     12      6      1   1360     -1
      2     35      9      2     16      7      5      7      1   1512     -1
