      1    174      1      1      1      1      1      8      0   5601
      1    174      1      1      2      2      4      3      0   2296
      1    174      1      1      3      4     10      1      0   2032
      1    174      1      1      4      5      6      6      0   2858
      1    174      1      1      5      7      2      4      0   2330
      1    174      1      1      6      3      8      1      0   2566
      1    174      1      1      7      6      3      4      0   4598
      1    174      1      1      8      8      2      8      1   1775
      1    174      1      1      9      6     11      1      0   2920
      1    174      1      1     10      7     15      3      0   1563
      1    174      1      1     11      8     14      8      1   1559
      1    174      1      1     12      1     16      4      0   1793
      1    174      1      1     13      3      7      6      0   3348
      1    174      1      1     14      5      9      5      1   2128
      1    174      1      1     15      4      3      6      0   2237
      1    174      1      1     16      2      3      4      0   1322
      1    174      1      2      1      3      6      4      0   6554
      1    174      1      2      2      4     15      4      1   7396
      1    174      1      2      3      3      2      3      1   5113
      1    174      1      2      4      5      4      5      1   1463
      1    174      1      2      5      8     16      8      1   1046
      1    174      1      2      6      1      3      2      0   5846
      1    174      1      2      7      2      6      2      1   5863
      1    174      1      2      8      7     12      7      1   6196
      1    174      1      2      9      1      6      1      1   9463
      1    174      1      2     10      5     12      5      1   2713
      1    174      1      2     11      6     15      5      0   2013
      1    174      1      2     12      4     13      7      0   7613
      1    174      1      2     13      7      4      6      0   2096
      1    174      1      2     14      2     10      5      0   1380
      1    174      1      2     15      6     12      3      0   4914
      1    174      1      2     16      8      4      8      1    980
      1    174      2      1      1      3     14      6      0   4228
      1    174      2      1      2      1     14      6      0   3576
      1    174      2      1      3      2      9      5      0   1975
      1    174      2      1      4      3     12      1      0   2562
      1    174      2      1      5      7     13      3      0   2152
      1    174      2      1      6      7      6      2      0   1961
      1    174      2      1      7      2     16      8      0   1064
      1    174      2      1      8      1      2      4      0   3001
      1    174      2      1      9      5     10      5      1   1483
      1    174      2      1     10      8      6      8      1   1082
      1    174      2      1     11      5     16      5      1   1141
      1    174      2      1     12      6     16      7      0   1970
      1    174      2      1     13      8     13      8      1    978
      1    174      2      1     14      6      9      7      0   2618
      1    174      2      1     15      4     12      1      0   2450
      1    174      2      1     16      4      1      2      0   2312
      1    174      2      2      1      7      7      7      1  12796
      1    174      2      2      2      1      4      1      1   5829
      1    174      2      2      3      8      5      8      1   1463
      1    174      2      2      4      4      9      3      0   6312
      1    174      2      2      5      4     11      2      0   2280
      1    174      2      2      6      5      5      5      1   1063
      1    174      2      2      7      3      9      7      0   3263
      1    174      2      2      8      6     10      6      1   1780
      1    174      2      2      9      1     11      4      0    847
      1    174      2      2     10      2      8      4      0   2695
      1    174      2      2     11      8     15      8      1   1079
      1    174      2      2     12      6      8      7      0   2079
      1    174      2      2     13      2     13      2      1   1646
      1    174      2      2     14      3     10      3      1   1613
      1    174      2      2     15      7      5      6      0   1631
      1    174      2      2     16      5      8      5      1   1212
      1    174      3      1      1      2      1      4      0   1132
      1    174      3      1      2      7     14      1      0   1501
      1    174      3      1      3      2      5      2      1   2809
      1    174      3      1      4      3     11      6      0   3017
      1    174      3      1      5      3     16      3      1   2333
      1    174      3      1      6      5      2      5      1    993
      1    174      3      1      7      5     14      5      1   1298
      1    174      3      1      8      7      8      7      1   3412
      1    174      3      1      9      1      5      7      0   1612
      1    174      3      1     10      6      7      1      0   1341
      1    174      3      1     11      4     14      2      0   1895
      1    174      3      1     12      6      5      7      0   2699
      1    174      3      1     13      4      8      6      0   3938
      1    174      3      1     14      8      9      8      1    919
      1    174      3      1     15      1      7      7      0   3130
      1    174      3      1     16      8      3      8      1   1297
      1    174      3      2      1      5     11      5      1  50444
      1    174      3      2      2      7     10      1      0   1713
      1    174      3      2      3      6      6      6      1   2147
      1    174      3      2      4      5      7      5      1    981
      1    174      3      2      5      3     13      3      1   3296
      1    174      3      2      6      2     14      4      0   1697
      1    174      3      2      7      4      5      7      0   4879
      1    174      3      2      8      8     10      8      1   1079
      1    174      3      2      9      1     10      2      0   1780
      1    174      3      2     10      4     16      6      0   1580
      1    174      3      2     11      6     13      3      0   2180
      1    174      3      2     12      7     16      3      0   1129
      1    174      3      2     13      8      8      8      1    929
      1    174      3      2     14      3     15      4      0   4280
      1    174      3      2     15      1      9      3      0   1746
      1    174      3      2     16      2      2      1      0   2680
      1    174      4      1      1      7     15      2      0  50367
      1    174      4      1      2      8      3      8      1  20578
      1    174      4      1      3      6      5      5      0   2160
      1    174      4      1      4      3      7      7      0   1774
      1    174      4      1      5      5     16      5      1    993
      1    174      4      1      6      4      1      6      0   4784
      1    174      4      1      7      8      6      8      1   1721
      1    174      4      1      8      1     14      4      0  17405
      1    174      4      1      9      2      5      1      0   2092
      1    174      4      1     10      6      7      7      0   1490
      1    174      4      1     11      1     16      3      0   1900
      1    174      4      1     12      4      8      3      0   1189
      1    174      4      1     13      7     13      4      0   3756
      1    174      4      1     14      2      4      2      1   1343
      1    174      4      1     15      3      8      6      0   2336
      1    174      4      1     16      5      6      5      1    919
      1    174      4      2      1      1      9      4      0   2030
      1    174      4      2      2      5     11      5      1   1297
      1    174      4      2      3      6     15      7      0   2064
      1    174      4      2      4      5      4      5      1   1113
      1    174      4      2      5      7     10      6      0   2296
      1    174      4      2      6      6     10      7      0   1730
      1    174      4      2      7      3      2      1      0   2013
      1    174      4      2      8      8     10      8      1   1712
      1    174      4      2      9      4     11      2      0   3146
      1    174      4      2     10      2     13      2      1   1546
      1    174      4      2     11      3     10      3      1    863
      1    174      4      2     12      1      4      4      0   1613
      1    174      4      2     13      2      6      2      1    929
      1    174      4      2     14      7      5      3      0    913
      1    174      4      2     15      8     15      8      1    762
      1    174      4      2     16      4      5      7      0   1746
      1    174      5      1      1      4     12      2      0   1287
      1    174      5      1      2      8     14      8      1    849
      1    174      5      1      3      6     11      7      0   1462
      1    174      5      1      4      2      3      2      1   1130
      1    174      5      1      5      3     11      3      1   2493
      1    174      5      1      6      1      5      7      0   1764
      1    174      5      1      7      6     16      4      0   1686
      1    174      5      1      8      8      9      8      1   1279
      1    174      5      1      9      4     14      7      0   3295
      1    174      5      1     10      7      2      7      1   1252
      1    174      5      1     11      5     10      5      1    944
      1    174      5      1     12      5      2      5      1    916
      1    174      5      1     13      3     16      2      0   1498
      1    174      5      1     14      2      1      2      1   1142
      1    174      5      1     15      7      6      6      0   1595
      1    174      5      1     16      1      2      3      0   1849
      1    174      5      2      1      2      2      2      1   2263
      1    174      5      2      2      7     12      7      1   1663
      1    174      5      2      3      5      5      5      1    913
      1    174      5      2      4      3      9      1      0   1697
      1    174      5      2      5      4     16      6      0   2346
      1    174      5      2      6      6      6      3      0   2048
      1    174      5      2      7      1      6      4      0   1546
      1    174      5      2      8      5     12      5      1    979
      1    174      5      2      9      1      3      2      0   1213
      1    174      5      2     10      3     13      6      0   2046
      1    174      5      2     11      8     16      8      1    963
      1    174      5      2     12      6     13      3      0   1596
      1    174      5      2     13      8      8      8      1    996
      1    174      5      2     14      4      9      7      0   3162
      1    174      5      2     15      2      8      2      1   1064
      1    174      5      2     16      7      4      6      0   5962
      1    174      6      1      1      3     14      7      0   4307
      1    174      6      1      2      5     14      5      1    983
      1    174      6      1      3      7     14      4      0   1898
      1    174      6      1      4      8     13      8      1   1204
      1    174      6      1      5      6      3      6      1   1194
      1    174      6      1      6      5      9      5      1    839
      1    174      6      1      7      1      7      3      0   1755
      1    174      6      1      8      4     10      2      0   1150
      1    174      6      1      9      6      9      6      1   1879
      1    174      6      1     10      2      9      2      1   1014
      1    174      6      1     11      3     12      3      1   1500
      1    174      6      1     12      4      3      3      0    873
      1    174      6      1     13      2     16      2      1   1766
      1    174      6      1     14      7      8      7      1   2046
      1    174      6      1     15      8      2      8      1   1021
      1    174      6      1     16      1      1      4      0   1550
      1    174      6      2      1      2     14      8      0   3230
      1    174      6      2      2      7     16      7      1   2764
      1    174      6      2      3      6      8      6      1   1980
      1    174      6      2      4      5      7      5      1   1063
      1    174      6      2      5      1     11      3      0   3196
      1    174      6      2      6      1     10      4      0   2013
      1    174      6      2      7      4     15      1      0   3230
      1    174      6      2      8      3     15      1      0   1630
      1    174      6      2      9      6     12      6      1   2280
      1    174      6      2     10      2     10      2      1    980
      1    174      6      2     11      7      7      7      1   2230
      1    174      6      2     12      4     13      4      1   1965
      1    174      6      2     13      8      5      8      1   1296
      1    174      6      2     14      3      6      1      0   2596
      1    174      6      2     15      5      8      5      1   1014
      1    174      6      2     16      8      4      8      1   1129
      1    174      7      1      1      4     10      1      0   2307
      1    174      7      1      2      5     16      5      1   1053
      1    174      7      1      3      2      4      2      1    931
      1    174      7      1      4      7     14      6      0   1866
      1    174      7      1      5      3     11      6      0   1099
      1    174      7      1      6      4     14      3      0   1532
      1    174      7      1      7      3      8      1      0   2476
      1    174      7      1      8      6     16      7      0   1870
      1    174      7      1      9      2      9      2      1   4557
      1    174      7      1     10      6     11      6      1   2170
      1    174      7      1     11      1      5      1      1   1776
      1    174      7      1     12      7      2      7      1   1566
      1    174      7      1     13      1      7      4      0   1252
      1    174      7      1     14      8      6      8      1    850
      1    174      7      1     15      5      9      5      1    859
      1    174      7      1     16      8     14      8      1    904
      1    174      7      2      1      3     15      1      0   1213
      1    174      7      2      2      1      3      4      0   1697
      1    174      7      2      3      2     13      2      1    896
      1    174      7      2      4      5     11      5      1   1113
      1    174      7      2      5      5      7      5      1    896
      1    174      7      2      6      8      5      8      1   1047
      1    174      7      2      7      7      7      7      1   1897
      1    174      7      2      8      4     13      3      0   1613
      1    174      7      2      9      2      2      2      1   1280
      1    174      7      2     10      8      4      8      1    998
      1    174      7      2     11      4      5      6      0   1480
      1    174      7      2     12      7     12      7      1   3280
      1    174      7      2     13      6     10      7      0   1730
      1    174      7      2     14      1      6      4      0   1129
      1    174      7      2     15      3      6      1      0   1363
      1    174      7      2     16      6      8      7      0   1731
      1    174      8      1      1      5      6      5      1   1228
      1    174      8      1      2      4      1      1      0   1280
      1    174      8      1      3      5     14      5      1   1003
      1    174      8      1      4      7     15      7      1   1010
      1    174      8      1      5      3     16      4      0   1651
      1    174      8      1      6      4      3      3      0    945
      1    174      8      1      7      6      5      7      0    961
      1    174      8      1      8      2      5      2      1    899
      1    174      8      1      9      3      7      7      0   1933
      1    174      8      1     10      8      2      8      1   1230
      1    174      8      1     11      8      3      8      1    823
      1    174      8      1     12      6      9      6      1   1440
      1    174      8      1     13      7      6      6      0   1033
      1    174      8      1     14      1      1      3      0   1840
      1    174      8      1     15      1     14      1      1   2884
      1    174      8      1     16      2      1      2      1    812
      1    174      8      2      1      5      4      5      1   1113
      1    174      8      2      2      5     12      5      1    796
      1    174      8      2      3      8     15      8      1   1363
      1    174      8      2      4      1     11      3      0   1815
      1    174      8      2      5      4      9      4      1   1529
      1    174      8      2      6      2     10      2      1   1029
      1    174      8      2      7      2     14      8      0   2980
      1    174      8      2      8      1      9      4      0   2096
      1    174      8      2      9      3     10      7      0   1463
      1    174      8      2     10      3      2      6      0   1079
      1    174      8      2     11      8      8      8      1    979
      1    174      8      2     12      7      5      7      1   3496
      1    174      8      2     13      4     11      2      0   1547
      1    174      8      2     14      7      4      1      0   1646
      1    174      8      2     15      6     13      6      1   1830
      1    174      8      2     16      6     12      6      1   1196
      1    174      9      1      1      6      3      6      1   1204
      1    174      9      1      2      6      7      6      1    986
      1    174      9      1      3      7      8      7      1    841
      1    174      9      1      4      4     12      2      0   1343
      1    174      9      1      5      3     14      4      0   1495
      1    174      9      1      6      8      9      8      1   1415
      1    174      9      1      7      5     10      5      1   1005
      1    174      9      1      8      4      8      1      0   1245
      1    174      9      1      9      8     13      8      1    996
      1    174      9      1     10      5      2      5      1    888
      1    174      9      1     11      7     13      7      1   1198
      1    174      9      1     12      1      2      2      0   1824
      1    174      9      1     13      3     12      6      0   1339
      1    174      9      1     14      2      3      4      0    816
      1    174      9      1     15      1     16      1      1   1265
      1    174      9      1     16      2     16      2      1   1097
      1    174      9      2      1      6     15      6      1   1329
      1    174      9      2      2      4     15      4      1   1363
      1    174      9      2      3      1     10      3      0   1313
      1    174      9      2      4      2      6      2      1    863
      1    174      9      2      5      4     16      1      0   1630
      1    174      9      2      6      3     13      7      0   1313
      1    174      9      2      7      1      4      3      0   1813
      1    174      9      2      8      5      8      5      1    996
      1    174      9      2      9      8     16      8      1   1096
      1    174      9      2     10      8     10      8      1    979
      1    174      9      2     11      7     10      7      1    946
      1    174      9      2     12      3      9      3      1   3363
      1    174      9      2     13      5      5      5      1   1029
      1    174      9      2     14      2      8      2      1    795
      1    174      9      2     15      7     16      6      0   2230
      1    174      9      2     16      6      6      4      0   1663
