      1    135      1      1      1      3      7      8      0   5853
      1    135      1      1      2      5      4      5      1   2671
      1    135      1      1      3      8      9      8      1   5869
      1    135      1      1      4      4     11      7      0   7028
      1    135      1      1      5      1      9      1      1   2580
      1    135      1      1      6      1      5      2      0   7266
      1    135      1      1      7      7     13      6      0   3831
      1    135      1      1      8      2      5      2      1   9697
      1    135      1      1      9      3     12      6      0   6687
      1    135      1      1     10      6     16      5      0   3574
      1    135      1      1     11      7      4      3      0   2515
      1    135      1      1     12      8     10      8      1   1625
      1    135      1      1     13      5      2      5      1   1305
      1    135      1      1     14      2      3      4      0   3845
      1    135      1      1     15      4     16      1      0   4590
      1    135      1      1     16      6      8      6      1   9019
      1    135      1      2      1      3      2      1      0  14101
      1    135      1      2      2      5     10      5      1   1776
      1    135      1      2      3      3     15      3      1   5191
      1    135      1      2      4      1      1      2      0   2477
      1    135      1      2      5      1      2      2      0   2372
      1    135      1      2      6      8     16      8      1   1724
      1    135      1      2      7      6      6      6      1   7860
      1    135      1      2      8      7      2      7      1   6810
      1    135      1      2      9      2      4      4      0   3611
      1    135      1      2     10      2     14      8      0   1976
      1    135      1      2     11      6     11      1      0   6094
      1    135      1      2     12      8      5      8      1   1426
      1    135      1      2     13      7      7      2      0   1810
      1    135      1      2     14      5     11      5      1   1177
      1    135      1      2     15      4      9      4      1   4427
      1    135      1      2     16      4     12      4      1   1510
      1    135      2      1      1      3      9      7      0   7734
      1    135      2      1      2      6     12      1      0   1929
      1    135      2      1      3      8      4      8      1   1098
      1    135      2      1      4      5      9      5      1   1253
      1    135      2      1      5      3     14      3      1   6596
      1    135      2      1      6      5     16      5      1   1344
      1    135      2      1      7      2      2      4      0   1638
      1    135      2      1      8      1      7      7      0   7273
      1    135      2      1      9      6     10      7      0   2394
      1    135      2      1     10      8      3      8      1   1411
      1    135      2      1     11      7      8      2      0   3316
      1    135      2      1     12      4      5      7      0   4273
      1    135      2      1     13      7     15      4      0   2556
      1    135      2      1     14      1      3      4      0   2314
      1    135      2      1     15      4      8      2      0   6289
      1    135      2      1     16      2      8      4      0   1645
      1    135      2      2      1      5      8      5      1   1179
      1    135      2      2      2      2     13      2      1  10027
      1    135      2      2      3      6      5      6      1   4960
      1    135      2      2      4      1     10      7      0   7977
      1    135      2      2      5      8     14      8      1   1411
      1    135      2      2      6      2      9      2      1   3744
      1    135      2      2      7      8      8      8      1   1427
      1    135      2      2      8      3     11      3      1   5361
      1    135      2      2      9      4     13      2      0   3993
      1    135      2      2     10      4     10      2      0   1996
      1    135      2      2     11      3      8      1      0   9412
      1    135      2      2     12      1      6      3      0   1577
      1    135      2      2     13      5     14      5      1   2647
      1    135      2      2     14      7     10      7      1   5811
      1    135      2      2     15      7     14      6      0   3094
      1    135      2      2     16      6     15      6      1   3027
      1    135      3      1      1      3     13      1      0   3530
      1    135      3      1      2      7      6      6      0   4115
      1    135      3      1      3      4     14      6      0   7035
      1    135      3      1      4      5      5      5      1   1531
      1    135      3      1      5      5      7      5      1   2129
      1    135      3      1      6      7     12      6      0   5105
      1    135      3      1      7      6      7      7      0   2237
      1    135      3      1      8      3      6      3      1   2581
      1    135      3      1      9      1     11      2      0   5848
      1    135      3      1     10      8     15      8      1   1369
      1    135      3      1     11      1     14      1      1   2707
      1    135      3      1     12      4      1      2      0   2839
      1    135      3      1     13      2      6      2      1   2932
      1    135      3      1     14      6     13      7      0   4103
      1    135      3      1     15      2      1      2      1   2538
      1    135      3      1     16      8      6      8      1   1231
      1    135      3      2      1      6      9      7      0   3849
      1    135      3      2      2      8     13      8      1   1211
      1    135      3      2      3      4      3      4      1   3444
      1    135      3      2      4      5      6      5      1   1260
      1    135      3      2      5      7     16      6      0   4632
      1    135      3      2      6      8      2      8      1   1365
      1    135      3      2      7      3     16      3      1   2015
      1    135      3      2      8      4     15      6      0   6665
      1    135      3      2      9      2     16      4      0   3711
      1    135      3      2     10      6      3      7      0   3577
      1    135      3      2     11      2     10      2      1   3543
      1    135      3      2     12      5     12      5      1   1143
      1    135      3      2     13      7      5      7      1   5343
      1    135      3      2     14      1     16      1      1   2461
      1    135      3      2     15      3     10      3      1   3127
      1    135      3      2     16      1      4      1      1   2860
      1    135      4      1      1      7      6      7      1   2985
      1    135      4      1      2      1      7      1      1   2148
      1    135      4      1      3      8      4      8      1   1067
      1    135      4      1      4      4     16      4      1   3329
      1    135      4      1      5      2      5      2      1   1305
      1    135      4      1      6      3     14      3      1   1987
      1    135      4      1      7      8      9      8      1   1145
      1    135      4      1      8      3      6      3      1   4595
      1    135      4      1      9      2      8      2      1   1266
      1    135      4      1     10      5      2      5      1   1121
      1    135      4      1     11      7     12      7      1   2206
      1    135      4      1     12      1     11      1      1   1717
      1    135      4      1     13      6     13      6      1   4949
      1    135      4      1     14      6     12      1      0   4791
      1    135      4      1     15      4      5      4      1   2102
      1    135      4      1     16      5      7      5      1   1250
      1    135      4      2      1      5     12      5      1   1113
      1    135      4      2      2      1      1      3      0   9311
      1    135      4      2      3      7      7      7      1   3394
      1    135      4      2      4      3     10      3      1   1945
      1    135      4      2      5      4     15      4      1   2244
      1    135      4      2      6      2      9      2      1   1042
      1    135      4      2      7      3      2      3      1   1394
      1    135      4      2      8      7      5      7      1   3261
      1    135      4      2      9      4     10      4      1   1593
      1    135      4      2     10      5     10      5      1   1260
      1    135      4      2     11      6      9      6      1   1681
      1    135      4      2     12      8     13      8      1   1526
      1    135      4      2     13      6     11      6      1   2478
      1    135      4      2     14      1      6      1      1   1261
      1    135      4      2     15      8      2      8      1   1212
      1    135      4      2     16      2     10      2      1   2010
      1    135      5      1      1      5      9      5      1   1243
      1    135      5      1      2      2      1      2      1   1317
      1    135      5      1      3      1      9      1      1   1948
      1    135      5      1      4      8     10      8      1   1066
      1    135      5      1      5      1      5      1      1   1459
      1    135      5      1      6      4     14      4      1   2498
      1    135      5      1      7      2      3      1      0   9006
      1    135      5      1      8      7     15      6      0   3211
      1    135      5      1      9      3      7      3      1   1181
      1    135      5      1     10      5      4      5      1   1166
      1    135      5      1     11      6      8      6      1   1582
      1    135      5      1     12      8     15      8      1   1034
      1    135      5      1     13      6     16      6      1   1516
      1    135      5      1     14      4     11      2      0   2167
      1    135      5      1     15      7      8      7      1   1698
      1    135      5      1     16      3     12      3      1   1196
      1    135      5      2      1      6      3      6      1   2763
      1    135      5      2      2      1      4      1      1   1696
      1    135      5      2      3      5      6      5      1   1294
      1    135      5      2      4      3     16      3      1   1443
      1    135      5      2      5      2     14      4      0   2577
      1    135      5      2      6      8      8      8      1   2311
      1    135      5      2      7      4      9      4      1   2811
      1    135      5      2      8      7     10      7      1   1628
      1    135      5      2      9      7     16      7      1   2344
      1    135      5      2     10      8      5      8      1   1110
      1    135      5      2     11      5     11      5      1   1277
      1    135      5      2     12      6      6      6      1   1393
      1    135      5      2     13      3     11      3      1   1610
      1    135      5      2     14      4      3      3      0   2494
      1    135      5      2     15      2     16      4      0   1594
      1    135      5      2     16      1     10      1      1   3145
      1    135      6      1      1      4      8      4      1   3329
      1    135      6      1      2      1     14      1      1   1612
      1    135      6      1      3      5      5      5      1   1998
      1    135      6      1      4      3      9      3      1   1364
      1    135      6      1      5      2      6      2      1   1460
      1    135      6      1      6      7      4      7      1   7212
      1    135      6      1      7      4      1      7      0   2890
      1    135      6      1      8      5     16      5      1   1308
      1    135      6      1      9      6      7      6      1   3683
      1    135      6      1     10      2      2      2      1   1356
      1    135      6      1     11      1      3      1      1   1348
      1    135      6      1     12      6     10      6      1   2087
      1    135      6      1     13      3     13      3      1   1405
      1    135      6      1     14      8      3      8      1   1204
      1    135      6      1     15      8      6      8      1   1232
      1    135      6      1     16      7     13      7      1   2469
      1    135      6      2      1      2      4      2      1   1297
      1    135      6      2      2      4     13      4      1   1977
      1    135      6      2      3      5      8      5      1   1261
      1    135      6      2      4      6      5      3      0   5710
      1    135      6      2      5      1     16      1      1   2177
      1    135      6      2      6      8     16      8      1   1143
      1    135      6      2      7      7     14      3      0   3727
      1    135      6      2      8      6     15      6      1   1494
      1    135      6      2      9      8     14      8      1   1061
      1    135      6      2     10      4     12      2      0   2912
      1    135      6      2     11      3     15      3      1   1411
      1    135      6      2     12      1      2      1      1   3311
      1    135      6      2     13      7      2      7      1   2094
      1    135      6      2     14      5     14      5      1   1125
      1    135      6      2     15      3      8      3      1   1294
      1    135      6      2     16      2     13      4      0   2176
      1    135      7      1      1      7     15      7      1   1695
      1    135      7      1      2      5     16      5      1   1220
      1    135      7      1      3      8     10      8      1    951
      1    135      7      1      4      6      8      6      1   1365
      1    135      7      1      5      8      9      8      1   1036
      1    135      7      1      6      5      4      5      1    988
      1    135      7      1      7      2      3      1      0   5705
      1    135      7      1      8      3      9      3      1    947
      1    135      7      1      9      7      4      7      1   1248
      1    135      7      1     10      3     13      3      1    950
      1    135      7      1     11      6     16      6      1   1322
      1    135      7      1     12      4     11      2      0   2513
      1    135      7      1     13      1      7      1      1   2238
      1    135      7      1     14      1      3      1      1   1392
      1    135      7      1     15      4      1      4      1   2460
      1    135      7      1     16      2      2      2      1   1322
      1    135      7      2      1      8      8      8      1   1213
      1    135      7      2      2      4      3      4      1   5678
      1    135      7      2      3      8      2      8      1   1377
      1    135      7      2      4      5     10      5      1   1076
      1    135      7      2      5      2      4      2      1   1893
      1    135      7      2      6      1     16      1      1   1544
      1    135      7      2      7      3     10      3      1   1094
      1    135      7      2      8      1     10      1      1   2595
      1    135      7      2      9      5     12      5      1   1194
      1    135      7      2     10      7      7      7      1   1962
      1    135      7      2     11      4     13      4      1   1060
      1    135      7      2     12      6      9      6      1   1562
      1    135      7      2     13      3      8      3      1   1077
      1    135      7      2     14      7     10      7      1   1394
      1    135      7      2     15      6     15      6      1   3060
      1    135      7      2     16      2     14      8      0   5344
      1    135      8      1      1      1     11      1      1   1315
      1    135      8      1      2      4     14      4      1   2227
      1    135      8      1      3      7     13      7      1   2214
      1    135      8      1      4      4      5      4      1   3208
      1    135      8      1      5      7      8      7      1   1336
      1    135      8      1      6      6      7      6      1   3099
      1    135      8      1      7      3     12      3      1   1028
      1    135      8      1      8      5      2      5      1   1164
      1    135      8      1      9      6     10      6      1   1887
      1    135      8      1     10      1      5      1      1   1517
      1    135      8      1     11      2      1      2      1   2428
      1    135      8      1     12      5      7      5      1   1313
      1    135      8      1     13      2      8      2      1   1409
      1    135      8      1     14      3     14      3      1   1094
      1    135      8      1     15      8      3      8      1   1129
      1    135      8      1     16      8      6      8      1   1095
      1    135      8      2      1      4     10      4      1   3664
      1    135      8      2      2      3     11      3      1   1310
      1    135      8      2      3      1      6      1      1   1260
      1    135      8      2      4      7     14      3      0   1047
      1    135      8      2      5      1      1      2      0  16894
      1    135      8      2      6      7      5      7      1   1477
      1    135      8      2      7      5     11      5      1   1093
      1    135      8      2      8      2     13      4      0   1595
      1    135      8      2      9      3     15      3      1   1127
      1    135      8      2     10      4     12      2      0   2014
      1    135      8      2     11      5      6      5      1   1194
      1    135      8      2     12      6      3      6      1   1760
      1    135      8      2     13      8     13      8      1   1277
      1    135      8      2     14      8      5      8      1   1011
      1    135      8      2     15      6     11      6      1   1393
      1    135      8      2     16      2      9      2      1   1310
      1    135      9      1      1      6     12      6      1   1124
      1    135      9      1      2      6     13      6      1   1650
      1    135      9      1      3      8      4      8      1    966
      1    135      9      1      4      3      6      3      1   1261
      1    135      9      1      5      3      7      3      1    930
      1    135      9      1      6      7      6      7      1   5577
      1    135      9      1      7      2      5      2      1   1558
      1    135      9      1      8      8     15      8      1    997
      1    135      9      1      9      4     16      4      1   1567
      1    135      9      1     10      2      6      2      1   1153
      1    135      9      1     11      7     12      3      0   2711
      1    135      9      1     12      5      5      5      1   1088
      1    135      9      1     13      5      9      5      1   1035
      1    135      9      1     14      1     14      1      1   1866
      1    135      9      1     15      1      9      1      1   1074
      1    135      9      1     16      4      8      4      1   2908
      1    135      9      2      1      3     16      3      1   1064
      1    135      9      2      2      4     15      3      0   2278
      1    135      9      2      3      1      2      1      1   2559
      1    135      9      2      4      8     16      8      1   1126
      1    135      9      2      5      1      4      1      1   1461
      1    135      9      2      6      2     16      4      0   1843
      1    135      9      2      7      5     14      5      1   2144
      1    135      9      2      8      6      5      6      1   5328
      1    135      9      2      9      7     16      7      1   4610
      1    135      9      2     10      6      6      6      1   1509
      1    135      9      2     11      3      2      3      1   1043
      1    135      9      2     12      8     14      8      1   1344
      1    135      9      2     13      7      2      7      1   1378
      1    135      9      2     14      4      9      4      1   2477
      1    135      9      2     15      5      8      5      1   1161
      1    135      9      2     16      2     10      2      1   1043
