      1    182      1      1      1      6     12      2      0   5274
      1    182      1      1      2      2      9      2      1   7246
      1    182      1      1      3      8     15      1      0   6646
      1    182      1      1      4      4     14      1      0   5131
      1    182      1      1      5      2      4      1      0   5064
      1    182      1      1      6      3     11      7      0   7731
      1    182      1      1      7      5      6      5      1   2051
      1    182      1      1      8      8      5      6      0   4747
      1    182      1      1      9      7      6      3      0   4031
      1    182      1      1     10      5      2      5      1   2137
      1    182      1      1     11      3      6      4      0   6930
      1    182      1      1     12      1      2      2      0   1813
      1    182      1      1     13      4      3      3      0   9581
      1    182      1      1     14      6     15      3      0   4664
      1    182      1      1     15      7     13      2      0   1614
      1    182      1      1     16      1      9      2      0   1191
      1    182      1      2      1      2      5      2      1   5411
      1    182      1      2      2      2      3      6      0   3542
      1    182      1      2      3      8      2      8      1   2376
      1    182      1      2      4      6     13      4      0   3059
      1    182      1      2      5      6     10      7      0   2726
      1    182      1      2      6      3     10      3      1   3442
      1    182      1      2      7      7     16      1      0   1960
      1    182      1      2      8      7      2      7      1   2144
      1    182      1      2      9      5     14      5      1   1359
      1    182      1      2     10      3      8      7      0   3694
      1    182      1      2     11      1     14      4      0   2377
      1    182      1      2     12      4     16      1      0   2410
      1    182      1      2     13      4     11      2      0   1544
      1    182      1      2     14      5      7      5      1   1577
      1    182      1      2     15      8      9      8      1   1261
      1    182      1      2     16      1      7      4      0   2327
      1    182      2      1      1      2     16      1      0   7170
      1    182      2      1      2      5      4      5      1   1007
      1    182      2      1      3      6      9      7      0   7731
      1    182      2      1      4      6     16      6      1   1489
      1    182      2      1      5      4     13      4      1   1980
      1    182      2      1      6      1     11      4      0   1164
      1    182      2      1      7      7     10      6      0   2583
      1    182      2      1      8      2     13      2      1   2180
      1    182      2      1      9      5      9      5      1    913
      1    182      2      1     10      8      3      8      1   1347
      1    182      2      1     11      3     14      1      0  13664
      1    182      2      1     12      7      4      4      0   5270
      1    182      2      1     13      1      1      7      0   5448
      1    182      2      1     14      8     10      8      1   1356
      1    182      2      1     15      4      1      4      1   2530
      1    182      2      1     16      3     15      1      0   2747
      1    182      2      2      1      7      7      3      0   2130
      1    182      2      2      2      5     11      5      1    927
      1    182      2      2      3      4     15      1      0   5260
      1    182      2      2      4      6      5      6      1   2010
      1    182      2      2      5      2      6      2      1   1827
      1    182      2      2      6      1      4      1      1   9927
      1    182      2      2      7      3     16      3      1   5544
      1    182      2      2      8      3     12      4      0   4994
      1    182      2      2      9      7     12      1      0   6244
      1    182      2      2     10      8     14      8      1   1060
      1    182      2      2     11      8     13      8      1   1526
      1    182      2      2     12      1     10      3      0   2978
      1    182      2      2     13      2      1      2      1   1060
      1    182      2      2     14      4     10      7      0   3161
      1    182      2      2     15      6      6      6      1   1611
      1    182      2      2     16      5     12      5      1   1093
      1    182      3      1      1      7      5      7      1   2815
      1    182      3      1      2      1      5      3      0   3564
      1    182      3      1      3      2     10      2      1   1464
      1    182      3      1      4      6      7      6      1   1864
      1    182      3      1      5      4      8      1      0   2014
      1    182      3      1      6      5      5      5      1   1230
      1    182      3      1      7      3     13      7      0   3199
      1    182      3      1      8      2      2      2      1    997
      1    182      3      1      9      7     14      3      0   1130
      1    182      3      1     10      4      5      4      1   3513
      1    182      3      1     11      6     11      6      1   1295
      1    182      3      1     12      5     16      5      1    897
      1    182      3      1     13      8     16      8      1   1033
      1    182      3      1     14      8      4      8      1   1080
      1    182      3      1     15      1      3      4      0   1163
      1    182      3      1     16      3      7      3      1   3008
      1    182      3      2      1      7     15      7      1   1314
      1    182      3      2      2      6      8      6      1    960
      1    182      3      2      3      5     10      5      1   1126
      1    182      3      2      4      5      8      5      1    877
      1    182      3      2      5      1      6      4      0  15693
      1    182      3      2      6      2      8      2      1   1164
      1    182      3      2      7      8      6      8      1    926
      1    182      3      2      8      6      3      6      1   1244
      1    182      3      2      9      2     14      8      0   2577
      1    182      3      2     10      7      8      7      1   2210
      1    182      3      2     11      8      8      8      1   3544
      1    182      3      2     12      1     16      3      0   2394
      1    182      3      2     13      4     12      2      0   3061
      1    182      3      2     14      3      9      3      1   2077
      1    182      3      2     15      4      9      2      0   3327
      1    182      3      2     16      3      2      3      1   1261
      1    182      4      1      1      2     10      2      1   1115
      1    182      4      1      2      5     16      5      1   1297
      1    182      4      1      3      3     15      3      1   1112
      1    182      4      1      4      7      6      6      0   1863
      1    182      4      1      5      5      9      5      1    947
      1    182      4      1      6      7      4      1      0   2247
      1    182      4      1      7      8      4      8      1   2077
      1    182      4      1      8      8      3      8      1   1445
      1    182      4      1      9      6     16      6      1   1080
      1    182      4      1     10      4      3      3      0   3480
      1    182      4      1     11      4     14      4      1   1877
      1    182      4      1     12      1      3      4      0   2031
      1    182      4      1     13      1     11      1      1   1358
      1    182      4      1     14      3     13      7      0   1366
      1    182      4      1     15      2      2      2      1   1213
      1    182      4      1     16      6      9      6      1   1064
      1    182      4      2      1      7      7      7      1   4264
      1    182      4      2      2      7      8      7      1   1427
      1    182      4      2      3      6      8      6      1   1226
      1    182      4      2      4      3     12      3      1   1193
      1    182      4      2      5      2      6      2      1    910
      1    182      4      2      6      5      8      5      1    977
      1    182      4      2      7      2      3      2      1   2010
      1    182      4      2      8      3     16      1      0   2677
      1    182      4      2      9      8     14      8      1   1027
      1    182      4      2     10      4     16      4      1    943
      1    182      4      2     11      5     14      5      1    943
      1    182      4      2     12      4     12      3      0  13410
      1    182      4      2     13      1      4      4      0   1793
      1    182      4      2     14      8      6      8      1    994
      1    182      4      2     15      6     13      6      1   1244
      1    182      4      2     16      1      7      3      0   1594
      1    182      5      1      1      1      2      1      1   2847
      1    182      5      1      2      4      8      4      1   2095
      1    182      5      1      3      7     10      7      1   2347
      1    182      5      1      4      8     16      8      1   1064
      1    182      5      1      5      6     15      6      1   1164
      1    182      5      1      6      4      5      4      1   2930
      1    182      5      1      7      7      5      7      1   3649
      1    182      5      1      8      6      7      6      1   1064
      1    182      5      1      9      3     11      3      1   1263
      1    182      5      1     10      5      5      5      1   1173
      1    182      5      1     11      2     13      4      0    963
      1    182      5      1     12      1      5      1      1   1780
      1    182      5      1     13      5      6      5      1   1064
      1    182      5      1     14      8      5      8      1   1046
      1    182      5      1     15      2     16      4      0   1163
      1    182      5      1     16      3      6      3      1   1349
      1    182      5      2      1      1     10      1      1   3046
      1    182      5      2      2      7     15      7      1   2877
      1    182      5      2      3      6     10      6      1   1043
      1    182      5      2      4      5      7      5      1    911
      1    182      5      2      5      8      8      8      1   1594
      1    182      5      2      6      7      2      7      1   1727
      1    182      5      2      7      2      8      2      1    931
      1    182      5      2      8      3      9      3      1   1393
      1    182      5      2      9      8     13      8      1   1863
      1    182      5      2     10      4     10      4      1   2627
      1    182      5      2     11      5     10      5      1    961
      1    182      5      2     12      2      1      2      1   1210
      1    182      5      2     13      3      2      3      1   1027
      1    182      5      2     14      4     15      4      1   3327
      1    182      5      2     15      1     16      1      1   2244
      1    182      5      2     16      6      3      6      1   1094
      1    182      6      1      1      5      2      5      1   1097
      1    182      6      1      2      1      9      1      1   1080
      1    182      6      1      3      6     11      6      1   1080
      1    182      6      1      4      8     10      8      1   1312
      1    182      6      1      5      7     13      7      1   1564
      1    182      6      1      6      2      9      2      1   1396
      1    182      6      1      7      7     14      4      0   5397
      1    182      6      1      8      5      4      5      1   1246
      1    182      6      1      9      1      1      4      0   4164
      1    182      6      1     10      6     12      6      1   1614
      1    182      6      1     11      3     14      3      1    933
      1    182      6      1     12      4     13      4      1   1597
      1    182      6      1     13      8     15      8      1   1080
      1    182      6      1     14      3      7      3      1   1779
      1    182      6      1     15      4      1      1      0   4197
      1    182      6      1     16      2      4      2      1   1197
      1    182      6      2      1      2      5      2      1    997
      1    182      6      2      2      1      6      1      1   1176
      1    182      6      2      3      7     12      6      0   3362
      1    182      6      2      4      3     10      1      0   2225
      1    182      6      2      5      1     14      1      1   3115
      1    182      6      2      6      2     14      8      0   2894
      1    182      6      2      7      3      8      3      1   1576
      1    182      6      2      8      8      9      8      1   1010
      1    182      6      2      9      4      9      4      1   2562
      1    182      6      2     10      8      2      8      1    943
      1    182      6      2     11      5     12      5      1    944
      1    182      6      2     12      7     16      4      0   6093
      1    182      6      2     13      6      5      6      1   1277
      1    182      6      2     14      6      6      6      1   2381
      1    182      6      2     15      4     11      2      0   1609
      1    182      6      2     16      5     11      5      1   1060
      1    182      7      1      1      3      7      3      1   1030
      1    182      7      1      2      5      5      5      1   1414
      1    182      7      1      3      7      6      7      1   2314
      1    182      7      1      4      6     15      6      1    930
      1    182      7      1      5      3     14      3      1    964
      1    182      7      1      6      6     11      6      1   1081
      1    182      7      1      7      2      9      2      1    946
      1    182      7      1      8      1      5      1      1   1028
      1    182      7      1      9      8      3      8      1   1030
      1    182      7      1     10      7     10      7      1   2528
      1    182      7      1     11      8     15      8      1    931
      1    182      7      1     12      4      1      1      0   1693
      1    182      7      1     13      2     13      4      0   1279
      1    182      7      1     14      5      2      5      1   1231
      1    182      7      1     15      1      9      1      1   1216
      1    182      7      1     16      4     14      4      1   1140
      1    182      7      2      1      8      8      8      1    963
      1    182      7      2      2      7     12      7      1   1527
      1    182      7      2      3      4     12      2      0   4944
      1    182      7      2      4      1     10      1      1   2411
      1    182      7      2      5      2      8      2      1   1061
      1    182      7      2      6      7      7      7      1   1160
      1    182      7      2      7      3      8      3      1   1043
      1    182      7      2      8      6      6      6      1   1111
      1    182      7      2      9      3     16      3      1   1510
      1    182      7      2     10      5      7      5      1   1010
      1    182      7      2     11      4     11      2      0   7163
      1    182      7      2     12      6     10      6      1    944
      1    182      7      2     13      8      6      8      1    960
      1    182      7      2     14      2      1      2      1    927
      1    182      7      2     15      1      6      1      1   2193
      1    182      7      2     16      5     14      5      1   1565
      1    182      8      1      1      7     14      6      0   3764
      1    182      8      1      2      1      3      1      1   1264
      1    182      8      1      3      8     16      8      1    996
      1    182      8      1      4      6      9      6      1   1647
      1    182      8      1      5      7      5      7      1   1264
      1    182      8      1      6      3     11      3      1   1013
      1    182      8      1      7      5     16      5      1   1046
      1    182      8      1      8      4      3      3      0   1820
      1    182      8      1      9      2     10      2      1   1019
      1    182      8      1     10      8      5      8      1    980
      1    182      8      1     11      6      7      6      1    996
      1    182      8      1     12      4      8      4      1   1745
      1    182      8      1     13      3      6      3      1   1914
      1    182      8      1     14      1      2      1      1   1196
      1    182      8      1     15      5      6      5      1    993
      1    182      8      1     16      2      4      2      1   1146
      1    182      8      2      1      2      3      1      0   2580
      1    182      8      2      2      6      5      6      1   4743
      1    182      8      2      3      1      7      1      1   1860
      1    182      8      2      4      3     10      4      0   2594
      1    182      8      2      5      7     15      7      1   1277
      1    182      8      2      6      4      9      4      1   1743
      1    182      8      2      7      8     13      8      1   1427
      1    182      8      2      8      2     14      8      0   3060
      1    182      8      2      9      8      2      8      1    927
      1    182      8      2     10      7     16      4      0   1376
      1    182      8      2     11      5     12      5      1   1093
      1    182      8      2     12      5     10      5      1   1060
      1    182      8      2     13      1      4      4      0   2443
      1    182      8      2     14      3      9      3      1    927
      1    182      8      2     15      6      3      6      1   1060
      1    182      8      2     16      4     16      4      1   2093
      1    182      9      1      1      7     13      1      0   2831
      1    182      9      1      2      7      4      1      0   1055
      1    182      9      1      3      4     13      4      1   1130
      1    182      9      1      4      1      1      1      1   2420
      1    182      9      1      5      8      4      8      1    947
      1    182      9      1      6      2      2      2      1   2130
      1    182      9      1      7      8     10      8      1   1934
      1    182      9      1      8      3     13      7      0   6814
      1    182      9      1      9      2     16      2      1   1407
      1    182      9      1     10      5      9      5      1    930
      1    182      9      1     11      3     15      3      1   1614
      1    182      9      1     12      6     16      6      1   1129
      1    182      9      1     13      6     12      6      1   2330
      1    182      9      1     14      1     11      1      1   1181
      1    182      9      1     15      4      5      4      1   1702
      1    182      9      1     16      5      4      5      1   1631
      1    182      9      2      1      8      9      8      1   1130
      1    182      9      2      2      5     11      5      1    927
      1    182      9      2      3      1     14      1      1  10910
      1    182      9      2      4      2      5      2      1   1363
      1    182      9      2      5      3     12      3      1   1410
      1    182      9      2      6      5      8      5      1    911
      1    182      9      2      7      6      8      6      1   1210
      1    182      9      2      8      4     10      4      1   1360
      1    182      9      2      9      2      6      2      1   1143
      1    182      9      2     10      6     13      6      1   1710
      1    182      9      2     11      4     15      4      1   2610
      1    182      9      2     12      7      8      7      1   1293
      1    182      9      2     13      3      2      3      1    860
      1    182      9      2     14      8     14      8      1   1160
      1    182      9      2     15      1     16      7      0   3576
      1    182      9      2     16      7      2      7      1   1310
