    101      8     15
    101      4     13
    101      6      5
    101      3     11
    101      6      6
    101      3      6
    101      6      9
    101      2      2
    101      4     11
    101      1     14
    101      8      4
    101      8     13
    101      7     15
    101      7     12
    101      7      6
    101      7     13
    101      1     10
    101      8     10
    101      3      7
    101      8     16
    101      4      8
    101      1      1
    101      5      8
    101      5      6
    101      3     10
    101      8     14
    101      2      8
    101      3     15
    101      2      4
    101      3      8
    101      1      2
    101      4      1
    101      7     10
    101      5     11
    101      5      2
    101      2     13
    101      5      9
    101      4      9
    101      2     14
    101      1      5
    101      6     12
    101      5     14
    101      1      3
    101      6      3
    101      6     13
    101      2      1
    101      7      7
    101      4     12
