    159      2     16
    159      8     13
    159      8      5
    159      1      1
    159      8      4
    159      1     10
    159      5      6
    159      2      4
    159      5      8
    159      2      3
    159      8     14
    159      1     14
    159      6      3
    159      3     13
    159      5      2
    159      1     11
    159      4      3
    159      2      5
    159      4      1
    159      7     16
    159      5     11
    159      3      9
    159      6     13
    159      3      8
    159      4     10
    159      7     13
    159      6     10
    159      3     12
    159      7     15
    159      2     10
    159      3      6
    159      6      6
    159      6      9
    159      8     15
    159      5     14
    159      5      5
    159      7     12
    159      3     15
    159      7      6
    159      6     15
    159      4      8
    159      1      4
    159      4      9
    159      2      2
    159      7     10
    159      8      3
    159      4      5
    159      1      7
