     32      6      9
     32      7     15
     32      6     11
     32      8     16
     32      8     13
     32      7     13
     32      6     12
     32      2      2
     32      7      4
     32      5      8
     32      4     14
     32      8      8
     32      1      1
     32      2      4
     32      4      1
     32      1      9
     32      8     10
     32      3     16
     32      3     15
     32      8      6
     32      5      9
     32      1     14
     32      1      4
     32      3      6
     32      5      4
     32      2     10
     32      5      6
     32      1      2
     32      4     10
     32      2      9
     32      4     15
     32      4     12
     32      2      8
     32      8      4
     32      7      7
     32      1     11
     32      5     11
     32      3     13
     32      4     13
     32      7      8
     32      7     16
     32      6     15
     32      6     13
     32      3     14
     32      6      5
     32      5     16
     32      2     14
     32      3     12
