    203      1      1
    203      5      7
    203      2      3
    203      6      5
    203      7      5
    203      5      8
    203      7     16
    203      8     13
    203      5     10
    203      1      3
    203      5     14
    203      7     10
    203      6      7
    203      1     10
    203      5      6
    203      3     12
    203      2     13
    203      8      3
    203      3      2
    203      4     14
    203      6     15
    203      1     11
    203      2      4
    203      6      9
    203      6     11
    203      8      2
    203      8      9
    203      8      8
    203      6      3
    203      4      3
    203      8     14
    203      3      6
    203      7     15
    203      4     15
    203      2      8
    203      3     11
    203      4     16
    203      2      5
    203      7     14
    203      4     13
    203      7      2
    203      5     12
    203      3      8
    203      4     11
    203      1     16
    203      3     13
    203      1      4
    203      2     14
