    127      4      9
    127      1      2
    127      3      7
    127      6      5
    127      1      9
    127      7     12
    127      8      5
    127      8     15
    127      2      2
    127      7      6
    127      1      5
    127      4     15
    127      6     12
    127      1     10
    127      3     10
    127      8     14
    127      8      6
    127      7      2
    127      3     13
    127      3      2
    127      6     11
    127      4      1
    127      8      2
    127      3      6
    127      5      7
    127      7     10
    127      4     13
    127      5      9
    127      4     10
    127      2     14
    127      6      7
    127      5      5
    127      2     16
    127      5     16
    127      4     11
    127      8     16
    127      2      3
    127      6      3
    127      3      8
    127      1      1
    127      6      6
    127      2      5
    127      2      1
    127      5      6
    127      7      4
    127      7      7
    127      5      8
    127      1      3
