    110      6     15
    110      3     16
    110      2     14
    110      5      6
    110      3     12
    110      3      6
    110      1      5
    110      7     16
    110      6      6
    110      2     10
    110      7     10
    110      1      2
    110      6     11
    110      1      3
    110      5     14
    110      6     10
    110      1      7
    110      5      4
    110      2      2
    110      3     15
    110      4     14
    110      1     11
    110      8      4
    110      6      5
    110      5     10
    110      4     13
    110      8      5
    110      4     16
    110      7     15
    110      2      5
    110      7      2
    110      5     16
    110      8     10
    110      4     15
    110      3     10
    110      6      8
    110      7     12
    110      8     14
    110      8     13
    110      7      5
    110      5      9
    110      4      3
    110      8     16
    110      2      4
    110      4      5
    110      2      9
    110      1      4
    110      3     11
