    181      1      2
    181      8     16
    181      2      3
    181      7     13
    181      2     16
    181      3      6
    181      3     10
    181      5     16
    181      4      1
    181      5      8
    181      1      3
    181      7      8
    181      1      9
    181      7     14
    181      1     14
    181      4     13
    181      6     15
    181      6     12
    181      8      2
    181      1     11
    181      1     10
    181      8     14
    181      3     12
    181      7     12
    181      6     16
    181      7     10
    181      2     14
    181      5      4
    181      8     13
    181      3      7
    181      8     10
    181      2      5
    181      4     11
    181      5      5
    181      7      6
    181      5      7
    181      2      8
    181      4     12
    181      4      3
    181      3      8
    181      3      9
    181      4      5
    181      6      8
    181      6     11
    181      5     11
    181      8      9
    181      2      4
    181      6     13
