    133      2     14
    133      7     13
    133      3     14
    133      4     13
    133      1     11
    133      7     12
    133      8      8
    133      3     12
    133      5      8
    133      8      4
    133      3     16
    133      6     13
    133      7     10
    133      5     11
    133      1      6
    133      1      7
    133      6     12
    133      1      2
    133      4     16
    133      8     15
    133      5      9
    133      2      6
    133      6     11
    133      3      2
    133      4     14
    133      8     13
    133      8      9
    133      5     16
    133      5     10
    133      4      8
    133      2      2
    133      3     15
    133      5      5
    133      6     16
    133      7      6
    133      8     16
    133      6      7
    133      4      3
    133      7      7
    133      7     15
    133      2     10
    133      2      9
    133      6      5
    133      3      9
    133      1     14
    133      4      5
    133      2      1
    133      1      3
