    189      3     12
    189      7     16
    189      5     12
    189      7      5
    189      4      3
    189      3      6
    189      6     13
    189      1     11
    189      4      8
    189      8      6
    189      8      2
    189      1     10
    189      6     11
    189      7     10
    189      4      1
    189      1      6
    189      4     10
    189      7      6
    189      5     14
    189      1      5
    189      6      6
    189      8     13
    189      1     14
    189      2      8
    189      4      5
    189      7     15
    189      6     12
    189      8     14
    189      6     10
    189      3      9
    189      6      8
    189      5      9
    189      3     13
    189      7      2
    189      3     11
    189      1      7
    189      2      6
    189      4     11
    189      8      5
    189      2      5
    189      5      5
    189      5     10
    189      5      8
    189      2      1
    189      3     16
    189      2      3
    189      8      8
    189      2      9
