     33      6      7
     33      1     14
     33      4     15
     33      7      8
     33      3      6
     33      4      3
     33      7      5
     33      3      8
     33      2      1
     33      5     12
     33      1      3
     33      6     16
     33      4     16
     33      6      5
     33      4      1
     33      3     14
     33      6     13
     33      3     11
     33      5      4
     33      8      6
     33      7     14
     33      8      9
     33      7     12
     33      7     15
     33      1     10
     33      6      8
     33      5      7
     33      5      5
     33      6     10
     33      1      5
     33      3      2
     33      4     11
     33      5     16
     33      1      7
     33      7     16
     33      8      2
     33      2     13
     33      4     13
     33      2      4
     33      1     16
     33      8     10
     33      8      8
     33      5     11
     33      2      2
     33      8     13
     33      2      9
     33      2      6
     33      3     13
