    156      7      6
    156      1      7
    156      1     11
    156      2      3
    156      8     16
    156      4     12
    156      6     12
    156      2     14
    156      7      2
    156      8     15
    156      7      7
    156      2      4
    156      3      8
    156      6      7
    156      1     10
    156      7      5
    156      6      8
    156      1     16
    156      2      1
    156      8      9
    156      6      5
    156      5     14
    156      7     13
    156      7      8
    156      2     16
    156      4      5
    156      5     16
    156      4      3
    156      3      2
    156      2      2
    156      5      6
    156      4      9
    156      5      4
    156      4      1
    156      3     15
    156      4     15
    156      5      8
    156      3      9
    156      1      3
    156      6      6
    156      8     10
    156      1     14
    156      3     12
    156      3     14
    156      8     13
    156      5      7
    156      6     15
    156      8      8
