     38      6      3
     38      3     14
     38      3     11
     38      4     12
     38      1      1
     38      5     10
     38      4      9
     38      8      5
     38      1     11
     38      3      6
     38      1     14
     38      8      8
     38      7      2
     38      5      8
     38      3     13
     38      7      8
     38      5     14
     38      2     13
     38      1     10
     38      2      6
     38      7      7
     38      4      3
     38      1      9
     38      7     13
     38      7      4
     38      5      6
     38      6      6
     38      8     14
     38      2     10
     38      8     13
     38      6      8
     38      2      5
     38      2      1
     38      8     15
     38      1      4
     38      4      1
     38      3      7
     38      6      7
     38      8      3
     38      4      8
     38      5     12
     38      5      7
     38      2      3
     38      7     16
     38      6      5
     38      6     10
     38      3     15
     38      4     13
