     87      3     16
     87      6      5
     87      5      5
     87      8     14
     87      6      3
     87      4      3
     87      4     13
     87      2     13
     87      4     11
     87      4      8
     87      2      6
     87      6      7
     87      8     13
     87      8      6
     87      8      4
     87      7      7
     87      6      8
     87      1      9
     87      5     14
     87      6     16
     87      3      6
     87      2      3
     87      5      6
     87      1     10
     87      7     16
     87      1      4
     87      7     13
     87      2     16
     87      7     12
     87      6     10
     87      3     15
     87      1     14
     87      8      3
     87      1      6
     87      5      7
     87      8     16
     87      3      9
     87      2      5
     87      2     14
     87      7      2
     87      4     14
     87      4     16
     87      1      2
     87      7      4
     87      5      2
     87      5     11
     87      3     14
     87      3      7
