    198      8     15
    198      5     11
    198      3      6
    198      2      6
    198      1     16
    198      4     13
    198      2      8
    198      8      9
    198      7     10
    198      1     14
    198      5      2
    198      8     16
    198      7      6
    198      2      9
    198      8      6
    198      6     16
    198      6     15
    198      8      4
    198      5     12
    198      2      2
    198      2      1
    198      3      8
    198      7      7
    198      4     11
    198      5      9
    198      1      7
    198      6      9
    198      7     15
    198      3     13
    198      4      8
    198      7      8
    198      1      1
    198      4      9
    198      4     10
    198      6     13
    198      7     12
    198      6      5
    198      6      6
    198      3     12
    198      3     10
    198      4     14
    198      5      6
    198      3     11
    198      8      5
    198      5      8
    198      2     16
    198      1      9
    198      1     11
