    136      7      8
    136      5      8
    136      5     16
    136      1     14
    136      8      3
    136      2      3
    136      3      2
    136      6     11
    136      2     10
    136      6      7
    136      4      5
    136      3     14
    136      1     10
    136      3      7
    136      2     13
    136      7      7
    136      8      9
    136      4     15
    136      3      8
    136      8     16
    136      6      8
    136      7     10
    136      1      5
    136      1      1
    136      8      4
    136      8     13
    136      6      3
    136      8     10
    136      5     14
    136      4     12
    136      7      2
    136      3     12
    136      3     10
    136      2      6
    136      4     14
    136      4      8
    136      5      7
    136      2      9
    136      2     14
    136      6      6
    136      1     11
    136      5     10
    136      5      4
    136      6      5
    136      7     15
    136      1      6
    136      7      4
    136      4      1
