     77      4     14
     77      6     13
     77      8     14
     77      5      6
     77      1     10
     77      5     10
     77      8      3
     77      2     16
     77      5     12
     77      5     14
     77      2      8
     77      2      9
     77      3      6
     77      6     11
     77      3     13
     77      2      2
     77      4     11
     77      1      5
     77      7     12
     77      2     10
     77      7      7
     77      6     16
     77      6      6
     77      8     15
     77      2      6
     77      1      9
     77      6     10
     77      5      2
     77      8      6
     77      1     16
     77      8     10
     77      4      9
     77      4     15
     77      3      9
     77      7     15
     77      8      4
     77      3     12
     77      7      5
     77      1      3
     77      6      9
     77      5      8
     77      7     13
     77      3      2
     77      4      8
     77      4      5
     77      7     14
     77      1      1
     77      3     15
