    202      1      4
    202      8      4
    202      7     16
    202      3      8
    202      5      7
    202      8     10
    202      3     16
    202      6     13
    202      4      5
    202      4      3
    202      4      9
    202      3      7
    202      8     14
    202      6      8
    202      2     16
    202      4     15
    202      6      7
    202      6      6
    202      5      2
    202      6     12
    202      1      7
    202      2      3
    202      8      5
    202      5      6
    202      8      6
    202      2      5
    202      1     11
    202      4     11
    202      4      8
    202      7      6
    202      2      8
    202      1      1
    202      1     14
    202      1     10
    202      7      4
    202      7      5
    202      5     10
    202      7      8
    202      8      8
    202      5      4
    202      5     14
    202      6      9
    202      3      6
    202      7     13
    202      2     10
    202      2     13
    202      3     13
    202      3      9
