      9      5      9
      9      3      7
      9      6      5
      9      6      8
      9      7      4
      9      2      6
      9      1      7
      9      1      5
      9      1     11
      9      2     14
      9      1      9
      9      6      9
      9      2      2
      9      4     11
      9      3     13
      9      8     13
      9      4     13
      9      4     16
      9      4     15
      9      2      9
      9      1      2
      9      8      3
      9      4      3
      9      5      4
      9      3     10
      9      7     14
      9      3      9
      9      6     13
      9      5     11
      9      6     11
      9      7     15
      9      3     14
      9      2     16
      9      8      9
      9      2     10
      9      7      7
      9      8     10
      9      8     14
      9      5      7
      9      7      6
      9      5     16
      9      8     16
      9      5     14
      9      4     14
      9      3     16
      9      6     15
      9      7     13
      9      1      6
