    111      6     15
    111      3      9
    111      3      8
    111      7      8
    111      5      8
    111      6      6
    111      6     10
    111      1      2
    111      7     10
    111      5      2
    111      2      4
    111      8      6
    111      4      1
    111      7      4
    111      6     13
    111      8      9
    111      1     10
    111      3      6
    111      8     14
    111      2      9
    111      1      6
    111      5      6
    111      1      3
    111      5      9
    111      4      9
    111      2      8
    111      8     10
    111      3     13
    111      7      2
    111      1     14
    111      3     11
    111      8      3
    111      5      5
    111      5     14
    111      7     15
    111      4      3
    111      3      2
    111      1     16
    111      7      7
    111      2     16
    111      8     13
    111      6      9
    111      2     13
    111      4     15
    111      4     11
    111      2     10
    111      6     12
    111      4     13
