    186      3      7
    186      6     15
    186      6     16
    186      8     10
    186      5      8
    186      7      5
    186      5     12
    186      4      8
    186      5     11
    186      7     13
    186      4     16
    186      4      9
    186      1      4
    186      8      4
    186      8     14
    186      4     13
    186      6      3
    186      8      2
    186      7      8
    186      5     16
    186      6      8
    186      3     13
    186      2      5
    186      2     14
    186      1      3
    186      1     11
    186      2     10
    186      3     14
    186      7     10
    186      4      5
    186      2      2
    186      8     16
    186      1     10
    186      5      6
    186      4     10
    186      1      6
    186      5     14
    186      2      6
    186      6      6
    186      2      4
    186      1     14
    186      3      2
    186      8      3
    186      3     10
    186      3      8
    186      7      6
    186      6     10
    186      7     15
