     86      2      4
     86      2      1
     86      4     10
     86      3     15
     86      3     14
     86      1     16
     86      1      1
     86      2      2
     86      4     16
     86      1     10
     86      8      5
     86      7      8
     86      5      2
     86      5      7
     86      4      1
     86      4      5
     86      5      5
     86      3     10
     86      4     15
     86      5     12
     86      6     13
     86      1      7
     86      1      2
     86      6     16
     86      2     10
     86      7     10
     86      5     11
     86      8      8
     86      3      8
     86      6     12
     86      4     12
     86      7     12
     86      8     16
     86      6      8
     86      3      6
     86      7     15
     86      1     11
     86      2      8
     86      8      3
     86      7      6
     86      2      6
     86      8     15
     86      6      7
     86      6      3
     86      3      9
     86      7      5
     86      5      8
     86      8     13
