     41      1      7
     41      6      9
     41      2      1
     41      3     15
     41      5      7
     41      3      8
     41      8      6
     41      3      2
     41      7      2
     41      3     14
     41      3     10
     41      1     10
     41      5     12
     41      2     13
     41      4      1
     41      3      7
     41      1      6
     41      6      6
     41      2      2
     41      1     11
     41      4      9
     41      7     14
     41      4     13
     41      8      3
     41      5     14
     41      7      5
     41      4     14
     41      5     10
     41      2      8
     41      5     11
     41      8      8
     41      8      9
     41      8     16
     41      7     10
     41      5      4
     41      1      5
     41      6     15
     41      7      8
     41      1      1
     41      6     13
     41      2     10
     41      6     12
     41      2      5
     41      8     14
     41      7      6
     41      6     11
     41      4     11
     41      4      5
