     21      6     12
     21      2     14
     21      3      6
     21      4     14
     21      5     14
     21      6     16
     21      1     16
     21      4      3
     21      2      9
     21      7     12
     21      7     16
     21      2      4
     21      5      2
     21      4     12
     21      4      8
     21      6     13
     21      4      5
     21      4     10
     21      8      4
     21      6      8
     21      7      4
     21      3     10
     21      7      5
     21      1      5
     21      6     10
     21      8      8
     21      3     12
     21      1     10
     21      3     16
     21      8      9
     21      5     10
     21      1      9
     21      8      2
     21      2     10
     21      2      8
     21      7      6
     21      5     12
     21      5     11
     21      3     11
     21      7     10
     21      1      4
     21      2      2
     21      1     11
     21      6      9
     21      8      5
     21      8     10
     21      5      5
     21      3     13
