     93      6      7
     93      8      4
     93      7      4
     93      2      6
     93      2     10
     93      7     16
     93      6      5
     93      8     10
     93      3      6
     93      7     14
     93      5     16
     93      5      2
     93      1      6
     93      4     16
     93      1      1
     93      3      2
     93      1      9
     93      6     13
     93      6     15
     93      6     16
     93      1      3
     93      3     11
     93      7      7
     93      3     12
     93      7     10
     93      3      7
     93      7      2
     93      4     12
     93      5     10
     93      6      6
     93      8      8
     93      5      5
     93      4     14
     93      4     11
     93      8      5
     93      1     16
     93      1      7
     93      2      9
     93      8     14
     93      5      6
     93      4      8
     93      8      9
     93      2     16
     93      3     13
     93      2      1
     93      4      9
     93      2      5
     93      5      9
