     94      3      8
     94      5     12
     94      4     13
     94      2      3
     94      2      4
     94      7     15
     94      8     10
     94      5     11
     94      5     14
     94      6     13
     94      4      1
     94      1      5
     94      5     10
     94      3      2
     94      5      7
     94      6      9
     94      4      5
     94      7      6
     94      2     10
     94      1      1
     94      5      2
     94      1     10
     94      7      7
     94      6     10
     94      1      3
     94      4     14
     94      7      2
     94      1     16
     94      8      3
     94      3     14
     94      6      7
     94      4      3
     94      2      5
     94      7      8
     94      6      6
     94      6     16
     94      8      6
     94      2      1
     94      3     13
     94      4      8
     94      8      9
     94      8      4
     94      8     13
     94      3     10
     94      3      9
     94      7     13
     94      1      7
     94      2     14
