     16      5     11
     16      4      8
     16      7     16
     16      4      5
     16      6     13
     16      4     16
     16      6     16
     16      3     15
     16      7     13
     16      1      5
     16      5      6
     16      3     11
     16      6     12
     16      5      9
     16      6     11
     16      8      6
     16      6      7
     16      3     16
     16      4     13
     16      2      1
     16      1      2
     16      3      7
     16      1     14
     16      3     12
     16      7      6
     16      2     14
     16      8     15
     16      8     13
     16      8     14
     16      8      5
     16      7     15
     16      5      4
     16      2      4
     16      2      8
     16      3     10
     16      7      8
     16      1      1
     16      4     14
     16      7      7
     16      5      2
     16      2     16
     16      4     15
     16      6      5
     16      1     16
     16      8      3
     16      5      8
     16      1      3
     16      2      2
