    135      2      1
    135      7     16
    135      3     14
    135      5      7
    135      2     13
    135      8      6
    135      1     14
    135      6      6
    135      8      9
    135      1      5
    135      3     15
    135      3      2
    135      3     10
    135      2     16
    135      5     11
    135      1      9
    135      7      8
    135      5      8
    135      4     10
    135      4     12
    135      3      6
    135      5     10
    135      6     12
    135      8      3
    135      2      9
    135      2     14
    135      4      8
    135      1     11
    135      7     10
    135      7      4
    135      6      3
    135      4     13
    135      7     15
    135      3      7
    135      8     16
    135      4      1
    135      1     10
    135      6     13
    135      5     12
    135      6     15
    135      2      6
    135      6      8
    135      4     15
    135      5      4
    135      7     14
    135      8      8
    135      8      4
    135      1      6
