     20      4     12
     20      4      9
     20      4      1
     20      4     10
     20      5     14
     20      6      9
     20      4     14
     20      8     10
     20      3     15
     20      2     10
     20      2      2
     20      7      2
     20      1      4
     20      3     16
     20      7      7
     20      5      8
     20      5      7
     20      2      3
     20      6      3
     20      2      1
     20      1      6
     20      3      8
     20      3     11
     20      3     12
     20      2      6
     20      7      4
     20      7      8
     20      5      2
     20      6      8
     20      5     11
     20      4     16
     20      8      6
     20      1      9
     20      6     13
     20      6     10
     20      1      7
     20      8      3
     20      5      6
     20      7     13
     20      6      6
     20      8      9
     20      1      1
     20      1     10
     20      3      2
     20      7     12
     20      8     13
     20      8     16
     20      2      9
