    150      3      6
    150      7     15
    150      2      1
    150      5     14
    150      4      1
    150      2      4
    150      1      3
    150      6      6
    150      4     16
    150      4     12
    150      6     10
    150      3     10
    150      8     14
    150      2      8
    150      1      5
    150      2     14
    150      7      2
    150      6     15
    150      5     16
    150      7     14
    150      6      5
    150      8      9
    150      3      7
    150      3      2
    150      1     14
    150      1     16
    150      4      8
    150      5     11
    150      5     10
    150      5      8
    150      6      9
    150      4     13
    150      7      8
    150      4     10
    150      2      9
    150      1      7
    150      3     11
    150      5     12
    150      7      5
    150      8      8
    150      8      4
    150      6      7
    150      1      2
    150      8     15
    150      3     12
    150      7      4
    150      8     16
    150      2      6
