     25      1      4
     25      3      9
     25      7     14
     25      2      9
     25      3     11
     25      3     15
     25      4     10
     25      6      6
     25      1     10
     25      8      9
     25      6     15
     25      5     12
     25      4     11
     25      3      6
     25      4     12
     25      7      4
     25      5      6
     25      5      8
     25      2      1
     25      6     10
     25      7     12
     25      7      7
     25      1     11
     25      4      9
     25      3      8
     25      2      6
     25      8     14
     25      1      2
     25      4      3
     25      1      5
     25      4     16
     25      5      9
     25      3     16
     25      8      3
     25      6     13
     25      8      8
     25      7      6
     25      2     16
     25      5      2
     25      6      3
     25      2      8
     25      8     13
     25      1      6
     25      5      5
     25      8     16
     25      7      2
     25      2     10
     25      6      5
