    144      5     10
    144      3     13
    144      5      6
    144      6     13
    144      1      3
    144      1      9
    144      1      1
    144      7      5
    144      6     15
    144      6      6
    144      2     10
    144      2      8
    144      6      8
    144      4      3
    144      4     16
    144      1      7
    144      3      2
    144      2      5
    144      4      1
    144      3      6
    144      7      8
    144      3      8
    144      8      5
    144      8      6
    144      2      1
    144      8     14
    144      5      5
    144      5     12
    144      2      6
    144      6     12
    144      3     10
    144      7      7
    144      3     16
    144      2      9
    144      8      8
    144      4      5
    144      7     16
    144      5      9
    144      1      4
    144      1     14
    144      4      9
    144      8     15
    144      6     16
    144      4     14
    144      7      2
    144      7      4
    144      8     13
    144      5     14
