    180      6      7
    180      6     15
    180      8     15
    180      3     10
    180      5     11
    180      3      6
    180      2      8
    180      1      3
    180      4     13
    180      4      5
    180      5     14
    180      7      4
    180      7      6
    180      1      9
    180      8      2
    180      7      8
    180      7     15
    180      8     14
    180      2     16
    180      1      7
    180      8      8
    180      8     10
    180      3     15
    180      2     10
    180      1     10
    180      1      4
    180      6      5
    180      5     10
    180      5      8
    180      3      9
    180      4      1
    180      2      5
    180      7     10
    180      2      1
    180      6     13
    180      1     11
    180      6     11
    180      3     13
    180      5      5
    180      6      6
    180      4     16
    180      3      7
    180      2     13
    180      5      2
    180      7     14
    180      4      8
    180      4      9
    180      8      5
