     91      7      5
     91      8     15
     91      5      6
     91      8      4
     91      5      2
     91      5      7
     91      2      4
     91      2     16
     91      7     13
     91      5     14
     91      4     15
     91      5      9
     91      7      8
     91      1      1
     91      1      4
     91      4      5
     91      6     10
     91      5     10
     91      1      9
     91      6      6
     91      6     16
     91      3      2
     91      1      6
     91      1      2
     91      8      8
     91      4      1
     91      7      6
     91      1     11
     91      6     15
     91      3     14
     91      8      9
     91      8      3
     91      2     14
     91      4     13
     91      6      5
     91      7      2
     91      3      9
     91      2     10
     91      6      7
     91      7     15
     91      8      6
     91      4     11
     91      3     10
     91      3     15
     91      2     13
     91      4     12
     91      2      2
     91      3     16
