     30      5      5
     30      1      9
     30      6     10
     30      3      7
     30      1      7
     30      7     13
     30      7      8
     30      8     10
     30      3      2
     30      1      5
     30      6      8
     30      4     15
     30      8      4
     30      1     11
     30      2      1
     30      4      9
     30      5     14
     30      4      1
     30      2      3
     30      2      2
     30      4      8
     30      8     16
     30      7      6
     30      5      4
     30      2     10
     30      4     14
     30      5      8
     30      8     13
     30      8     15
     30      7      5
     30      2     16
     30      1     16
     30      4      5
     30      6     15
     30      1     10
     30      3     12
     30      6     16
     30      7     12
     30      7     10
     30      3     13
     30      3     10
     30      6      5
     30      3      6
     30      6     11
     30      5     11
     30      5      2
     30      2      6
     30      8      6
