    107      3     10
    107      5     12
    107      5     10
    107      1      6
    107      5     14
    107      4     14
    107      6     16
    107      7      7
    107      2     10
    107      2      2
    107      3     13
    107      7     12
    107      3     12
    107      4     15
    107      7     16
    107      6      8
    107      8      4
    107      8      3
    107      4     11
    107      1     11
    107      5      2
    107      5     11
    107      6      7
    107      2      8
    107      6      5
    107      1     14
    107      1      5
    107      4     16
    107      6     12
    107      2     13
    107      7     14
    107      2      3
    107      2      1
    107      8     13
    107      1      4
    107      7      5
    107      3     16
    107      5      4
    107      8      9
    107      6     11
    107      8      2
    107      7      2
    107      3      7
    107      4     10
    107      4     13
    107      8      8
    107      1     10
    107      3      9
