    175      6     11
    175      5      6
    175      2      1
    175      4     12
    175      6     10
    175      1      7
    175      3     11
    175      6     15
    175      2     13
    175      5     11
    175      4     13
    175      7      6
    175      1     14
    175      3     14
    175      3     16
    175      8      8
    175      5     16
    175      7     14
    175      8     14
    175      1     16
    175      5      9
    175      5      7
    175      7      4
    175      7     15
    175      7     12
    175      6      6
    175      6     13
    175      4     14
    175      8      9
    175      2      4
    175      8      3
    175      7     16
    175      1      1
    175      4      5
    175      3     15
    175      8      2
    175      4     10
    175      2     16
    175      3      7
    175      2      2
    175      2      3
    175      5      4
    175      6     16
    175      3      8
    175      8     10
    175      1      2
    175      4      8
    175      1      5
