    154      3     13
    154      5     12
    154      6     13
    154      1     10
    154      2      2
    154      6      9
    154      6      8
    154      1      7
    154      4     15
    154      1     14
    154      7      7
    154      2     13
    154      8     15
    154      1     16
    154      2      6
    154      1      2
    154      8      6
    154      7     10
    154      5      5
    154      4      8
    154      4     13
    154      3     14
    154      7     14
    154      8      5
    154      4      5
    154      2     16
    154      4     14
    154      7      8
    154      7      4
    154      5      9
    154      5     11
    154      3      9
    154      2      8
    154      1      9
    154      5      8
    154      8     16
    154      2     14
    154      3     10
    154      3      8
    154      6     16
    154      5      2
    154      8      9
    154      4      3
    154      6      7
    154      8     14
    154      7     15
    154      6     10
    154      3      6
