    166      8      2
    166      7      5
    166      2      5
    166      3     14
    166      2      8
    166      8      8
    166      6      5
    166      5      7
    166      7     13
    166      3      6
    166      8     14
    166      5     11
    166      5     14
    166      5      4
    166      2     13
    166      4      9
    166      8      5
    166      1      4
    166      1      3
    166      6     13
    166      1      6
    166      3     15
    166      4     12
    166      4      1
    166      6     12
    166      8      9
    166      6      9
    166      4     11
    166      7      6
    166      7     15
    166      6      8
    166      7     12
    166      1     14
    166      1     16
    166      4      5
    166      5     12
    166      3     16
    166      3     11
    166      3     13
    166      5      8
    166      4      3
    166      1     10
    166      6      7
    166      2      6
    166      8     16
    166      2      4
    166      2      1
    166      7      8
