    184      3      6
    184      2      3
    184      4      9
    184      5     10
    184      1      5
    184      6     15
    184      2      6
    184      3      9
    184      5      9
    184      6      8
    184      4      3
    184      4      1
    184      5      5
    184      3      8
    184      7      8
    184      8      5
    184      7      2
    184      3     15
    184      1      3
    184      6     10
    184      7     16
    184      2      8
    184      1     14
    184      4     14
    184      3     10
    184      8      4
    184      4     15
    184      8     16
    184      2      4
    184      1      7
    184      7     15
    184      5      8
    184      1     10
    184      1     16
    184      8      9
    184      8      3
    184      4     10
    184      6      3
    184      7      4
    184      6     16
    184      2     13
    184      2      1
    184      7     12
    184      5      6
    184      3     14
    184      8     10
    184      5     16
    184      6      7
