     10      5      5
     10      4     11
     10      8     13
     10      5     14
     10      5     12
     10      2      3
     10      6      7
     10      1     11
     10      8      4
     10      1      1
     10      8     16
     10      8      2
     10      4     15
     10      3     11
     10      2      9
     10      7     14
     10      4      1
     10      6     11
     10      5     10
     10      6      6
     10      1      5
     10      7      6
     10      7      4
     10      6     16
     10      7     16
     10      4     14
     10      3      2
     10      2      5
     10      3     14
     10      8      9
     10      3     16
     10      1      4
     10      2     13
     10      3     10
     10      1      7
     10      7     12
     10      2      8
     10      1      6
     10      8      8
     10      6     10
     10      5      7
     10      2     14
     10      5      9
     10      6      3
     10      7     15
     10      4     10
     10      3      7
     10      4      5
