    207      4     12
    207      3      2
    207      3      6
    207      4     16
    207      8     15
    207      4      9
    207      8     16
    207      6      5
    207      7     16
    207      2      1
    207      1     14
    207      1     11
    207      3      8
    207      3     10
    207      4     13
    207      8     10
    207      7     10
    207      5     16
    207      2     13
    207      8      3
    207      3     14
    207      5      2
    207      2     14
    207      6      6
    207      5     12
    207      6     12
    207      7     12
    207      2     10
    207      5      6
    207      1      7
    207      3      9
    207      6      9
    207      4      8
    207      8      2
    207      2      5
    207      8      9
    207      1      2
    207      4      5
    207      6     16
    207      2      2
    207      7      6
    207      6     11
    207      1      4
    207      7     14
    207      7      7
    207      1      3
    207      5      4
    207      5     10
