    176      8      4
    176      3      9
    176      8      3
    176      8      9
    176      7     13
    176      8     13
    176      4     10
    176      3     15
    176      5      8
    176      3      7
    176      7     15
    176      5     11
    176      1      9
    176      6     15
    176      6      5
    176      4     11
    176      6     16
    176      5     16
    176      4      9
    176      3     11
    176      5      7
    176      7      7
    176      4     13
    176      3      8
    176      5      6
    176      2     13
    176      2      5
    176      2      2
    176      4      5
    176      1      7
    176      1      1
    176      6      7
    176      3     10
    176      7      8
    176      6     10
    176      8      6
    176      4     14
    176      8     15
    176      2      9
    176      2      4
    176      1      3
    176      1     10
    176      7      5
    176      7     16
    176      6      8
    176      5     14
    176      1      4
    176      2      6
