     84      5      6
     84      3     11
     84      7      6
     84      4     11
     84      1      6
     84      1      3
     84      1      5
     84      8      9
     84      3     14
     84      7      4
     84      5     12
     84      8      3
     84      6     11
     84      5      4
     84      5     16
     84      3      2
     84      2      1
     84      7     12
     84      3      9
     84      6     10
     84      4      5
     84      6      7
     84      2      9
     84      1      2
     84      8      2
     84      6     16
     84      4     12
     84      2     16
     84      2     13
     84      4      3
     84      6      9
     84      8      4
     84      2      5
     84      5      9
     84      3      6
     84      5      2
     84      1     11
     84      6     13
     84      8      6
     84      8      5
     84      1      4
     84      4     15
     84      2      8
     84      4     13
     84      3      7
     84      7      7
     84      7      8
     84      7      2
