    170      2      2
    170      7     13
    170      2     10
    170      7      6
    170      2      5
    170      6     13
    170      2     16
    170      3      8
    170      2      6
    170      6      3
    170      3      6
    170      3     12
    170      4      9
    170      6      7
    170      1      6
    170      5     10
    170      5      5
    170      1      2
    170      6     11
    170      1      7
    170      1      5
    170      1      4
    170      6      9
    170      6      6
    170      5     11
    170      5      7
    170      3     16
    170      8     13
    170      8      3
    170      8      6
    170      7     14
    170      1      3
    170      7      2
    170      4     14
    170      4     11
    170      8      2
    170      8      5
    170      5      2
    170      4     16
    170      2      9
    170      7      4
    170      8      4
    170      5     14
    170      3     13
    170      4     13
    170      7     15
    170      3     14
    170      4      3
