     28      2      1
     28      8      9
     28      6     15
     28      5     16
     28      4     16
     28      2      4
     28      4     14
     28      3     15
     28      5      7
     28      7     16
     28      2     13
     28      8      6
     28      3     14
     28      6      9
     28      1     14
     28      4     12
     28      6      8
     28      8      2
     28      7      6
     28      7      2
     28      8      8
     28      1     10
     28      6     12
     28      2      8
     28      5      9
     28      7      4
     28      8      5
     28      2      5
     28      5      6
     28      3      6
     28      7      8
     28      1      5
     28      3      8
     28      1      9
     28      2      6
     28      6     10
     28      8     14
     28      6      3
     28      5      5
     28      7      7
     28      1     16
     28      3     13
     28      3      2
     28      4      5
     28      1      3
     28      4      1
     28      4      3
     28      5      8
