    103      6      3
    103      7     12
    103      1      2
    103      6      5
    103      7      8
    103      3      7
    103      8      9
    103      2      1
    103      5     12
    103      4      1
    103      3     13
    103      5     16
    103      2      6
    103      3     16
    103      5      6
    103      4      8
    103      5      7
    103      8     10
    103      1     10
    103      6     11
    103      7      6
    103      1     16
    103      2      3
    103      4     15
    103      4      5
    103      7     13
    103      4     14
    103      7      5
    103      8      6
    103      4     13
    103      6      7
    103      8      3
    103      1      5
    103      3      9
    103      8      8
    103      3     14
    103      8      2
    103      5      2
    103      2      8
    103      5     10
    103      1     14
    103      7     10
    103      3      6
    103      6     13
    103      2     16
    103      6     10
    103      2      9
    103      1      6
