     15      8     14
     15      3      9
     15      6     16
     15      8      6
     15      2     10
     15      7      6
     15      1     11
     15      3     15
     15      1     16
     15      6      6
     15      6      7
     15      8      9
     15      5      9
     15      5      6
     15      4     15
     15      1      5
     15      7      7
     15      4      8
     15      3      7
     15      6      3
     15      1      4
     15      7      4
     15      6     10
     15      3      2
     15      5     11
     15      4     14
     15      4      3
     15      7      2
     15      8     16
     15      6      8
     15      1      7
     15      2     16
     15      3     16
     15      4     16
     15      8      4
     15      4      9
     15      1      2
     15      2      6
     15      5     14
     15      7     14
     15      5     10
     15      3     14
     15      2     14
     15      2      3
     15      8      3
     15      2      2
     15      7      8
     15      5      2
