    164      1     10
    164      6      9
    164      8     13
    164      5      2
    164      2     16
    164      2     10
    164      7      4
    164      3     14
    164      4     12
    164      4      1
    164      1      9
    164      7      8
    164      2      2
    164      3      7
    164      4      9
    164      6      8
    164      8     16
    164      3     13
    164      2      9
    164      3     15
    164      2      4
    164      1      7
    164      6     12
    164      4      8
    164      5     10
    164      6      6
    164      8      8
    164      3      9
    164      1     11
    164      7     13
    164      1     16
    164      7     15
    164      5      6
    164      8      5
    164      5     12
    164      8     15
    164      5     11
    164      6     13
    164      2      6
    164      4     11
    164      6     16
    164      8      4
    164      7      6
    164      1      3
    164      3      2
    164      4     16
    164      7     12
    164      5     16
