     26      1      2
     26      3      7
     26      3     13
     26      2      1
     26      7      4
     26      3      9
     26      6     16
     26      6     15
     26      6      7
     26      8     10
     26      1     16
     26      8      8
     26      8     15
     26      6      5
     26      6     10
     26      7      6
     26      2     10
     26      8     14
     26      7     10
     26      4     11
     26      1      3
     26      5     11
     26      1      4
     26      6      8
     26      5      8
     26      4     12
     26      2      9
     26      3     15
     26      1     14
     26      7     16
     26      7     13
     26      8      2
     26      5     16
     26      7      5
     26      4      5
     26      5      9
     26      5      7
     26      8      4
     26      4     13
     26      4      3
     26      5      5
     26      1      5
     26      2     13
     26      2      5
     26      3     14
     26      4     16
     26      2      3
     26      3      2
