     11      6     12
     11      7      6
     11      7     12
     11      5     14
     11      5      9
     11      3     10
     11      7     14
     11      4     14
     11      2     13
     11      2      5
     11      1      5
     11      6      8
     11      6     16
     11      2      9
     11      4     16
     11      7      8
     11      8     13
     11      1     14
     11      3     11
     11      4      8
     11      8      5
     11      7      5
     11      5      6
     11      5      2
     11      3      6
     11      8     14
     11      3     12
     11      6     11
     11      5     11
     11      2      4
     11      1      2
     11      3     14
     11      8      4
     11      8     10
     11      4     10
     11      3      8
     11      2      1
     11      7     15
     11      1     11
     11      6      7
     11      1      4
     11      4     11
     11      8     16
     11      6      6
     11      1      9
     11      4      5
     11      5     12
     11      2      2
