    142      3     16
    142      8      6
    142      6     12
    142      1      6
    142      8     13
    142      1      1
    142      4      9
    142      7      2
    142      4      5
    142      5      9
    142      6      7
    142      7     14
    142      8     10
    142      4     11
    142      6     16
    142      4     12
    142      6     11
    142      6      9
    142      3      7
    142      7     10
    142      1     11
    142      2     14
    142      7      4
    142      2      5
    142      3     14
    142      1      5
    142      2     16
    142      5      2
    142      4     16
    142      2     10
    142      5      7
    142      5      6
    142      2      6
    142      1     16
    142      2     13
    142      3     12
    142      5      4
    142      8      5
    142      4      8
    142      3      9
    142      3     15
    142      1      9
    142      5     10
    142      7     16
    142      6      8
    142      8      8
    142      8     16
    142      7      8
