     96      1      9
     96      1      2
     96      5     14
     96      4      1
     96      7      2
     96      7     14
     96      2     10
     96      8      5
     96      1      1
     96      3     14
     96      2      2
     96      7     15
     96      4     13
     96      5     16
     96      5     10
     96      8     16
     96      3     11
     96      8      8
     96      4      8
     96      6      5
     96      8     13
     96      3      7
     96      1      5
     96      2     13
     96      8      3
     96      5     11
     96      3      9
     96      3      8
     96      5     12
     96      4     12
     96      5      8
     96      8      9
     96      7     13
     96      2      1
     96      4      9
     96      7      8
     96      6     11
     96      3     10
     96      2      6
     96      1      6
     96      1      3
     96      6     12
     96      4      3
     96      7     12
     96      6     13
     96      6      9
     96      6     15
     96      2      9
