      7      5      4
      7      3      8
      7      6     15
      7      3      2
      7      7     10
      7      3     10
      7      6     11
      7      6     10
      7      1      9
      7      8      2
      7      8     15
      7      5      8
      7      7     12
      7      5     10
      7      2      5
      7      8      5
      7      7      6
      7      1      7
      7      1      5
      7      4      8
      7      5      6
      7      1     16
      7      7      7
      7      8      8
      7      8     16
      7      2     14
      7      2     10
      7      6      9
      7      4     12
      7      7     14
      7      8      4
      7      2      6
      7      6      7
      7      6      5
      7      4     15
      7      3     13
      7      3     14
      7      4     13
      7      4     14
      7      7     16
      7      4     10
      7      1     10
      7      5      5
      7      1     11
      7      5      7
      7      2      4
      7      3     12
      7      2      2
