    191      4     11
    191      2      5
    191      1      7
    191      8     16
    191      3      7
    191      6     11
    191      8      3
    191      8     13
    191      7     10
    191      7     16
    191      1     10
    191      2      2
    191      1      5
    191      8     14
    191      7     15
    191      6      6
    191      8      4
    191      2     10
    191      7      7
    191      5     14
    191      1      9
    191      7      6
    191      2      8
    191      4     13
    191      1      6
    191      3      8
    191      4      8
    191      5      6
    191      6      3
    191      4     12
    191      5      9
    191      4      9
    191      2      1
    191      7     13
    191      4     10
    191      6     15
    191      3     10
    191      3     13
    191      6      5
    191      2      4
    191      8      5
    191      3      9
    191      6      8
    191      1     11
    191      5      8
    191      5     16
    191      3     11
    191      5      7
