    183      5      4
    183      4     16
    183      1      5
    183      8      2
    183      3      9
    183      2      2
    183      7     10
    183      6      9
    183      1     14
    183      3      6
    183      8      4
    183      1      1
    183      3     13
    183      7     14
    183      5     11
    183      7      5
    183      6      5
    183      2     13
    183      4     14
    183      8     10
    183      3     12
    183      8     15
    183      2      4
    183      5     16
    183      7     13
    183      5      8
    183      7      6
    183      2      8
    183      2     10
    183      4      3
    183      4     15
    183      5      7
    183      6     12
    183      1     10
    183      8      9
    183      4      1
    183      1      4
    183      4     13
    183      3      8
    183      5      6
    183      6     11
    183      8      3
    183      3     15
    183      7     12
    183      2     16
    183      1     16
    183      6      6
    183      6     15
