    199      2      6
    199      5      5
    199      8     14
    199      8      4
    199      7     10
    199      1      7
    199      6     10
    199      4     15
    199      2      3
    199      5      7
    199      1     14
    199      6      6
    199      4      8
    199      1      2
    199      2     16
    199      3      9
    199      8      3
    199      3      2
    199      5     16
    199      6      7
    199      4      1
    199      4     13
    199      8      8
    199      7     12
    199      8      6
    199      7      7
    199      3     13
    199      6      3
    199      4     11
    199      8      5
    199      7      2
    199      2      9
    199      3      7
    199      6      9
    199      2     14
    199      5     12
    199      4      5
    199      5      2
    199      5      4
    199      1      1
    199      2      8
    199      3     16
    199      6     15
    199      7     16
    199      1     10
    199      1      6
    199      7     14
    199      3      6
