    117      5     12
    117      1      3
    117      7     12
    117      6      3
    117      4     11
    117      8      6
    117      1     10
    117      7      5
    117      1      6
    117      2      5
    117      5     14
    117      3     14
    117      8      2
    117      4      5
    117      5      4
    117      8      3
    117      4     16
    117      3      7
    117      3      9
    117      7     10
    117      5      8
    117      2      3
    117      6      8
    117      2      4
    117      3     16
    117      3     11
    117      5      2
    117      2      6
    117      4      3
    117      6     11
    117      8     10
    117      4      1
    117      7      4
    117      2     10
    117      1      2
    117      3     15
    117      4      9
    117      7      8
    117      6     13
    117      8      4
    117      1      7
    117      7     13
    117      2      8
    117      8      9
    117      5      9
    117      1     16
    117      6      9
    117      6      5
