     92      7     16
     92      3     15
     92      6      7
     92      5      8
     92      8      2
     92      5      2
     92      8      4
     92      8     13
     92      6     13
     92      2      6
     92      8      6
     92      8      9
     92      7     12
     92      1      4
     92      7      2
     92      2      9
     92      3     10
     92      4     10
     92      1      7
     92      8     16
     92      6      5
     92      1      1
     92      1      9
     92      6     15
     92      3      2
     92      2      2
     92      4      1
     92      4     14
     92      3     16
     92      4      8
     92      2      5
     92      2     10
     92      4      3
     92      1      3
     92      5      9
     92      2      8
     92      3     14
     92      1      5
     92      4     15
     92      6     16
     92      3     11
     92      7      5
     92      5     12
     92      7     14
     92      5      7
     92      5     16
     92      7     10
     92      6      9
