     88      5      6
     88      6     11
     88      1      5
     88      2      2
     88      4     11
     88      3     11
     88      7     14
     88      1      2
     88      6      8
     88      3      9
     88      7     16
     88      7     12
     88      5      9
     88      1      1
     88      6      6
     88      5     12
     88      8      5
     88      4     10
     88      5     11
     88      2      1
     88      3     14
     88      4     15
     88      3     10
     88      1     16
     88      8     16
     88      6     15
     88      4     13
     88      2     16
     88      5      5
     88      8      4
     88      1      3
     88      7      5
     88      3     12
     88      7      8
     88      4      9
     88      2      5
     88      1     10
     88      3      8
     88      6      9
     88      6      5
     88      7      7
     88      8     13
     88      8     14
     88      2      4
     88      5      7
     88      8      3
     88      2     13
     88      4     12
