    172      1     16
    172      8     15
    172      1     10
    172      8      9
    172      1     14
    172      4      8
    172      2      9
    172      6      5
    172      3      8
    172      7     12
    172      2      3
    172      1      6
    172      8      3
    172      2      1
    172      2      5
    172      5     16
    172      5      9
    172      6      8
    172      7      7
    172      3      2
    172      5     14
    172      5      7
    172      8      4
    172      6     13
    172      4      1
    172      3      7
    172      3     12
    172      4     13
    172      6     16
    172      2      6
    172      7     15
    172      6      6
    172      5      8
    172      4      9
    172      6     10
    172      7     10
    172      8     14
    172      3     13
    172      7      6
    172      1      1
    172      7     16
    172      2      4
    172      8     13
    172      3     15
    172      1      9
    172      4      3
    172      5      4
    172      4     16
