    167      8      2
    167      3      6
    167      2      2
    167      6     11
    167      4     14
    167      7      8
    167      6     12
    167      2     13
    167      7     10
    167      8      5
    167      3      9
    167      1      7
    167      4     15
    167      8     10
    167      6     13
    167      1     16
    167      5      2
    167      7     15
    167      1     11
    167      7      2
    167      1      5
    167      8     15
    167      1      4
    167      5     16
    167      3      2
    167      7      4
    167      5     10
    167      2      5
    167      8      6
    167      3     10
    167      4      9
    167      2      4
    167      2      8
    167      5     14
    167      2      1
    167      6     10
    167      3     13
    167      7     16
    167      8      8
    167      5      9
    167      4     10
    167      1      9
    167      4      5
    167      6      3
    167      3     16
    167      4      1
    167      5      8
    167      6     16
