    137      3     13
    137      4      1
    137      6     12
    137      3     10
    137      1      3
    137      6     11
    137      2      3
    137      2      5
    137      3     14
    137      4     10
    137      8      8
    137      8      9
    137      5      5
    137      3     16
    137      8     14
    137      8      6
    137      5     11
    137      1     16
    137      7      5
    137      2      2
    137      8     13
    137      5     14
    137      5      9
    137      8     16
    137      2      6
    137      4      5
    137      6      7
    137      5      8
    137      1     11
    137      1      4
    137      6      8
    137      5      4
    137      4     12
    137      1      6
    137      6      6
    137      2     16
    137      3      8
    137      7     12
    137      4      9
    137      2     14
    137      7      2
    137      1      7
    137      7     15
    137      7     16
    137      7      4
    137      6     13
    137      3     12
    137      4     11
