     34      2     16
     34      4     15
     34      1     11
     34      6      5
     34      3     14
     34      7     14
     34      7      7
     34      8      9
     34      8     13
     34      5      8
     34      2     13
     34      1      5
     34      7      6
     34      8      6
     34      7     12
     34      4     16
     34      2     14
     34      8      4
     34      8     16
     34      7     15
     34      6     15
     34      3     16
     34      5     11
     34      4      5
     34      1      1
     34      5      7
     34      6      9
     34      2      8
     34      3      2
     34      7     10
     34      5      6
     34      4     11
     34      2      9
     34      3     13
     34      3     10
     34      1      2
     34      6     11
     34      1      9
     34      6     10
     34      1      4
     34      8      8
     34      5     14
     34      6      3
     34      4      8
     34      5     12
     34      2      4
     34      4      3
     34      3      6
