    174      1      6
    174      7     15
    174      7      4
    174      6     11
    174      8     14
    174      4      5
    174      6     10
    174      2      9
    174      8      5
    174      5      6
    174      1      1
    174      5     14
    174      4     15
    174      5      7
    174      5      8
    174      3      6
    174      3      8
    174      2     16
    174      7      2
    174      6     12
    174      1      3
    174      6      8
    174      4      1
    174      6      5
    174      3     13
    174      4     13
    174      6      3
    174      1      4
    174      2      1
    174      1     14
    174      8     16
    174      5     12
    174      2      5
    174      4     12
    174      3      7
    174      8     13
    174      3      2
    174      7      5
    174      7      7
    174      3     15
    174      8      2
    174      4     11
    174      2     13
    174      7      6
    174      2      2
    174      1      9
    174      8      3
    174      5     16
