    123      7     16
    123      3     10
    123      7      6
    123      1     14
    123      6     11
    123      8      4
    123      8     14
    123      3      8
    123      5      8
    123      6      3
    123      5      7
    123      8      2
    123      4     15
    123      4     14
    123      2      9
    123      5      4
    123      8     16
    123      5      6
    123      7     12
    123      1     16
    123      1      5
    123      4      9
    123      7     10
    123      6      7
    123      3      2
    123      3     11
    123      4     11
    123      2      3
    123      5     11
    123      2     16
    123      7      5
    123      1      7
    123      8     10
    123      2     13
    123      3     12
    123      1      4
    123      3      7
    123      5     16
    123      8      6
    123      6     15
    123      4      1
    123      2      1
    123      1      3
    123      6     12
    123      4      8
    123      2      6
    123      6      6
    123      7     15
