      5      7     14
      5      3     14
      5      5      5
      5      4     10
      5      3     10
      5      4     12
      5      5     10
      5      4      9
      5      4     11
      5      3     11
      5      5     11
      5      3      6
      5      7     13
      5      1      9
      5      8     16
      5      5      9
      5      6      3
      5      8      3
      5      1     16
      5      6      7
      5      3      2
      5      1      7
      5      4     15
      5      1      5
      5      2      8
      5      1     10
      5      7      7
      5      6      6
      5      8      2
      5      1      6
      5      4     13
      5      6      8
      5      2      3
      5      8      6
      5      5      7
      5      6     15
      5      7     16
      5      2      1
      5      7      8
      5      8      8
      5      7      4
      5      2      9
      5      3     16
      5      5     14
      5      2     13
      5      8     14
      5      2     16
      5      6     10
