    119      7      7
    119      1      1
    119      8      3
    119      7     15
    119      4     12
    119      8     16
    119      2      2
    119      7     13
    119      2      4
    119      5      9
    119      3     13
    119      6      3
    119      1      9
    119      6      7
    119      3     10
    119      4      8
    119      1      5
    119      8      6
    119      1      7
    119      5      5
    119      6      5
    119      5     10
    119      3     11
    119      2      3
    119      5     12
    119      4      5
    119      4     11
    119      3     12
    119      2      6
    119      7     12
    119      8      8
    119      7      6
    119      1     11
    119      8      9
    119      6     11
    119      5     16
    119      3     16
    119      4     15
    119      8      2
    119      5      4
    119      7      2
    119      1      4
    119      2     10
    119      3      6
    119      2      1
    119      4     14
    119      6     13
    119      6     10
