    128      4     12
    128      5     11
    128      8      5
    128      7      6
    128      8     13
    128      4     10
    128      2     16
    128      5     10
    128      6      9
    128      3     12
    128      2      5
    128      6      7
    128      1     11
    128      7     12
    128      5      4
    128      7      4
    128      8      2
    128      2     13
    128      1      6
    128      7     10
    128      8      8
    128      1      7
    128      1     10
    128      5      6
    128      2      8
    128      2      3
    128      6      5
    128      4      1
    128      8      4
    128      6     16
    128      1      3
    128      3      9
    128      5      9
    128      7     13
    128      4      3
    128      2      2
    128      8     16
    128      6     13
    128      5      7
    128      3      7
    128      3      2
    128      7      5
    128      3     15
    128      4     15
    128      4      5
    128      1      2
    128      6     15
    128      3     13
