    163      4     12
    163      5      5
    163      4     11
    163      1     14
    163      3      2
    163      6      3
    163      4     15
    163      5      8
    163      7      2
    163      8     10
    163      3     11
    163      8      8
    163      7      7
    163      2      4
    163      3     15
    163      8      2
    163      2      3
    163      2      1
    163      7      8
    163      5      4
    163      8      5
    163      1      2
    163      3      9
    163      5      2
    163      6     15
    163      2      9
    163      8     15
    163      1      3
    163      4      5
    163      6      7
    163      7     16
    163      6     13
    163      1      7
    163      4      3
    163      2      5
    163      5     12
    163      1     16
    163      3     14
    163      2      6
    163      5     11
    163      3     12
    163      6      5
    163      4      8
    163      7      4
    163      1     10
    163      8     14
    163      7     13
    163      6      8
