    188      7     14
    188      5     14
    188      4     14
    188      7     15
    188      6     10
    188      1      7
    188      8      5
    188      5      9
    188      4     11
    188      2     13
    188      5      7
    188      3     11
    188      5     12
    188      4      9
    188      1      9
    188      3      8
    188      8     14
    188      2      5
    188      8     13
    188      6     13
    188      5     16
    188      3     15
    188      2      3
    188      2      6
    188      7      8
    188      1      1
    188      2      2
    188      8      9
    188      2     16
    188      6      5
    188      1     11
    188      3     13
    188      1     14
    188      8     10
    188      7      7
    188      5     10
    188      3      7
    188      8      4
    188      4      3
    188      7     12
    188      4      5
    188      7      4
    188      6     15
    188      6     11
    188      6      6
    188      4      1
    188      3      2
    188      1     10
