    106      1      2
    106      2      1
    106      3     11
    106      7      8
    106      4     11
    106      1      7
    106      6     11
    106      5     12
    106      1     11
    106      8      5
    106      2      2
    106      8     13
    106      8     14
    106      7      5
    106      4      9
    106      5      4
    106      2      5
    106      5      8
    106      1      3
    106      7      6
    106      4     16
    106      3     13
    106      1      5
    106      8     16
    106      2     13
    106      3     12
    106      4      8
    106      1      9
    106      2      9
    106      4     15
    106      5      9
    106      5      7
    106      5      2
    106      6     15
    106      7     15
    106      4      3
    106      6      7
    106      6      5
    106      3     15
    106      7      7
    106      8      2
    106      3      7
    106      3      9
    106      7     14
    106      2     14
    106      6      8
    106      6      3
    106      8      3
