    153      7     12
    153      4     10
    153      3     14
    153      5      2
    153      2      5
    153      1      1
    153      8     15
    153      6      7
    153      3      2
    153      5      7
    153      6     13
    153      3     16
    153      1     16
    153      5     12
    153      8      2
    153      8      8
    153      1     14
    153      6      6
    153      6     16
    153      8     10
    153      3      6
    153      2     14
    153      1      7
    153      7      6
    153      1      2
    153      2     16
    153      1      6
    153      7      2
    153      3     15
    153      4      8
    153      2      1
    153      5      8
    153      3      9
    153      4     13
    153      6     12
    153      4      5
    153      8      4
    153      4     14
    153      4     16
    153      6     10
    153      8      6
    153      7      5
    153      7     13
    153      2      2
    153      5     10
    153      7      7
    153      5      6
    153      2      4
