    116      6      7
    116      5     12
    116      2      9
    116      3     16
    116      6     16
    116      2     14
    116      4     16
    116      2      1
    116      1      2
    116      8     16
    116      3      6
    116      5      4
    116      3     10
    116      4      8
    116      6     10
    116      5      6
    116      8      9
    116      3     15
    116      7     10
    116      8      2
    116      7      2
    116      5     14
    116      6      8
    116      4     13
    116      5      7
    116      8      6
    116      7      4
    116      1      1
    116      1      3
    116      2     13
    116      7     16
    116      1     14
    116      7      8
    116      3     14
    116      1      9
    116      8     15
    116      1     10
    116      7     13
    116      4     11
    116      5      5
    116      4      1
    116      6     11
    116      2     16
    116      6     13
    116      4      9
    116      2      3
    116      3     11
    116      8      5
