    190      5      7
    190      7     16
    190      5      5
    190      2      8
    190      8     14
    190      5     16
    190      6      7
    190      3     12
    190      8     13
    190      2      3
    190      1      7
    190      7     12
    190      2      5
    190      2     16
    190      2      9
    190      1      6
    190      5     14
    190      3      2
    190      7      4
    190      6      6
    190      4      8
    190      3     10
    190      3     11
    190      6     16
    190      4      9
    190      8     15
    190      4     12
    190      7      6
    190      3     13
    190      8      2
    190      6      3
    190      6      5
    190      1      9
    190      4     10
    190      8      6
    190      8     10
    190      2     13
    190      4     15
    190      1      1
    190      3      9
    190      4      5
    190      5      9
    190      5      6
    190      7     10
    190      1     14
    190      1      2
    190      6     12
    190      7      8
