     82      6      9
     82      1      7
     82      5      4
     82      5     16
     82      5      7
     82      4      1
     82      1      9
     82      3      2
     82      2      4
     82      3      6
     82      4     14
     82      2      6
     82      2      1
     82      1      2
     82      1      1
     82      8      5
     82      6     13
     82      2      8
     82      2     10
     82      8     15
     82      7      5
     82      7     16
     82      3     14
     82      8      6
     82      5     12
     82      8      3
     82      6      6
     82      7     15
     82      8     13
     82      4      5
     82      3     16
     82      8     16
     82      4     11
     82      6      7
     82      3     10
     82      7      7
     82      6      8
     82      7      4
     82      5      5
     82      6     10
     82      1      3
     82      4     12
     82      2      2
     82      3     13
     82      5     11
     82      1      6
     82      7      2
     82      4     13
