    147      4     16
    147      1      5
    147      6      5
    147      7     12
    147      1      6
    147      7     15
    147      2     16
    147      6      9
    147      8     14
    147      2      1
    147      3     12
    147      8      9
    147      5     10
    147      2      9
    147      6      6
    147      4      8
    147      4     12
    147      2     14
    147      3     15
    147      8      2
    147      3     10
    147      4      9
    147      5      7
    147      5     11
    147      5      2
    147      8      3
    147      7     16
    147      8     13
    147      7      7
    147      3      6
    147      6     11
    147      1     14
    147      7      5
    147      8     10
    147      2      8
    147      1     11
    147      6     15
    147      5      9
    147      2      6
    147      1      7
    147      1      2
    147      4     14
    147      3     16
    147      4     13
    147      3     14
    147      5      6
    147      6     16
    147      7     10
