  99991      3     14
  99991      4     15
  99991      6      6
  99991      3     16
  99991      8      9
  99991      3      9
  99991      5      7
  99991      2      1
  99991      7      4
  99991      1     10
  99991      7     14
  99991      1      5
  99991      8     14
  99991      1     14
  99991      6      3
  99991      4     12
  99991      6      5
  99991      8      5
  99991      7      8
  99991      8      2
  99991      5      5
  99991      2      2
  99991      2      9
  99991      1      4
  99991      2     14
  99991      5     12
  99991      3     13
  99991      3     12
  99991      4     11
  99991      8      3
  99991      1      2
  99991      7      7
  99991      6     13
  99991      5      8
  99991      4      3
  99991      7      5
  99991      6      9
  99991      3      7
  99991      2      3
  99991      2     16
  99991      5     14
  99991      4      9
  99991      8     10
  99991      6     16
  99991      4     14
  99991      5     10
  99991      1      1
  99991      7     16
